MEME version 4

ALPHABET= ACGT

MOTIF chr2:69665605-69665615

letter-probability matrix: alength= 4 w= 10
	0.5	0.0	0.36	0.14
	0.0	0.0	1.0	0.0
	0.08	0.68	0.24	0.0
	0.0	0.93	0.0	0.07
	0.03	0.0	0.27	0.7
	0.07	0.0	0.93	0.0
	0.0	0.0	1.0	0.0
	0.0	0.01	0.99	0.0
	0.08	0.85	0.0	0.07
	0.27	0.15	0.45	0.13

MEME version 4

ALPHABET= ACGT

MOTIF chr2:69684453-69684478

letter-probability matrix: alength= 4 w= 25
	0.0	1.0	0.0	0.0
	0.0	0.14	0.0	0.86
	0.0	1.0	0.0	0.0
	0.0	0.0	0.14	0.86
	0.0	0.0	1.0	0.0
	0.0	0.28	0.0	0.72
	0.0	0.25	0.0	0.75
	0.21	0.0	0.79	0.0
	0.0	1.0	0.0	0.0
	0.0	1.0	0.0	0.0
	0.0	1.0	0.0	0.0
	1.0	0.0	0.0	0.0
	0.04	0.24	0.71	0.0
	0.14	0.14	0.72	0.0
	0.0	1.0	0.0	0.0
	0.0	0.08	0.0	0.92
	0.0	0.0	1.0	0.0
	0.0	0.0	1.0	0.0
	1.0	0.0	0.0	0.0
	0.0	0.0	1.0	0.0
	0.0	0.0	0.14	0.86
	0.0	0.0	1.0	0.0
	0.0	1.0	0.0	0.0
	0.86	0.0	0.0	0.14
	0.0	0.0	1.0	0.0

MEME version 4

ALPHABET= ACGT

MOTIF chr7:66461249-66461259

letter-probability matrix: alength= 4 w= 10
	0.5	0.0	0.36	0.14
	0.0	0.0	1.0	0.0
	0.08	0.68	0.24	0.0
	0.0	0.93	0.0	0.07
	0.03	0.0	0.27	0.7
	0.07	0.0	0.93	0.0
	0.0	0.0	1.0	0.0
	0.0	0.01	0.99	0.0
	0.08	0.85	0.0	0.07
	0.27	0.15	0.45	0.13

MEME version 4

ALPHABET= ACGT

MOTIF chr7:66429201-66429226

letter-probability matrix: alength= 4 w= 25
	0.0	1.0	0.0	0.0
	0.0	0.14	0.0	0.86
	0.0	1.0	0.0	0.0
	0.0	0.0	0.14	0.86
	0.0	0.0	1.0	0.0
	0.0	0.28	0.0	0.72
	0.0	0.25	0.0	0.75
	0.21	0.0	0.79	0.0
	0.0	1.0	0.0	0.0
	0.0	1.0	0.0	0.0
	0.0	1.0	0.0	0.0
	1.0	0.0	0.0	0.0
	0.04	0.24	0.71	0.0
	0.14	0.14	0.72	0.0
	0.0	1.0	0.0	0.0
	0.0	0.08	0.0	0.92
	0.0	0.0	1.0	0.0
	0.0	0.0	1.0	0.0
	1.0	0.0	0.0	0.0
	0.0	0.0	1.0	0.0
	0.0	0.0	0.14	0.86
	0.0	0.0	1.0	0.0
	0.0	1.0	0.0	0.0
	0.86	0.0	0.0	0.14
	0.0	0.0	1.0	0.0

MEME version 4

ALPHABET= ACGT

MOTIF chr17:59942258-59942268

letter-probability matrix: alength= 4 w= 10
	0.5	0.0	0.36	0.14
	0.0	0.0	1.0	0.0
	0.08	0.68	0.24	0.0
	0.0	0.93	0.0	0.07
	0.03	0.0	0.27	0.7
	0.07	0.0	0.93	0.0
	0.0	0.0	1.0	0.0
	0.0	0.01	0.99	0.0
	0.08	0.85	0.0	0.07
	0.27	0.15	0.45	0.13

MEME version 4

ALPHABET= ACGT

MOTIF chr17:60018553-60018578

letter-probability matrix: alength= 4 w= 25
	0.0	1.0	0.0	0.0
	0.0	0.14	0.0	0.86
	0.0	1.0	0.0	0.0
	0.0	0.0	0.14	0.86
	0.0	0.0	1.0	0.0
	0.0	0.28	0.0	0.72
	0.0	0.25	0.0	0.75
	0.21	0.0	0.79	0.0
	0.0	1.0	0.0	0.0
	0.0	1.0	0.0	0.0
	0.0	1.0	0.0	0.0
	1.0	0.0	0.0	0.0
	0.04	0.24	0.71	0.0
	0.14	0.14	0.72	0.0
	0.0	1.0	0.0	0.0
	0.0	0.08	0.0	0.92
	0.0	0.0	1.0	0.0
	0.0	0.0	1.0	0.0
	1.0	0.0	0.0	0.0
	0.0	0.0	1.0	0.0
	0.0	0.0	0.14	0.86
	0.0	0.0	1.0	0.0
	0.0	1.0	0.0	0.0
	0.86	0.0	0.0	0.14
	0.0	0.0	1.0	0.0

MEME version 4

ALPHABET= ACGT

MOTIF chr14:24611882-24611892

letter-probability matrix: alength= 4 w= 10
	0.5	0.0	0.36	0.14
	0.0	0.0	1.0	0.0
	0.08	0.68	0.24	0.0
	0.0	0.93	0.0	0.07
	0.03	0.0	0.27	0.7
	0.07	0.0	0.93	0.0
	0.0	0.0	1.0	0.0
	0.0	0.01	0.99	0.0
	0.08	0.85	0.0	0.07
	0.27	0.15	0.45	0.13

MEME version 4

ALPHABET= ACGT

MOTIF chr14:24630481-24630506

letter-probability matrix: alength= 4 w= 25
	0.0	1.0	0.0	0.0
	0.0	0.14	0.0	0.86
	0.0	1.0	0.0	0.0
	0.0	0.0	0.14	0.86
	0.0	0.0	1.0	0.0
	0.0	0.28	0.0	0.72
	0.0	0.25	0.0	0.75
	0.21	0.0	0.79	0.0
	0.0	1.0	0.0	0.0
	0.0	1.0	0.0	0.0
	0.0	1.0	0.0	0.0
	1.0	0.0	0.0	0.0
	0.04	0.24	0.71	0.0
	0.14	0.14	0.72	0.0
	0.0	1.0	0.0	0.0
	0.0	0.08	0.0	0.92
	0.0	0.0	1.0	0.0
	0.0	0.0	1.0	0.0
	1.0	0.0	0.0	0.0
	0.0	0.0	1.0	0.0
	0.0	0.0	0.14	0.86
	0.0	0.0	1.0	0.0
	0.0	1.0	0.0	0.0
	0.86	0.0	0.0	0.14
	0.0	0.0	1.0	0.0

MEME version 4

ALPHABET= ACGT

MOTIF chr2:209130332-209130342

letter-probability matrix: alength= 4 w= 10
	0.5	0.0	0.36	0.14
	0.0	0.0	1.0	0.0
	0.08	0.68	0.24	0.0
	0.0	0.93	0.0	0.07
	0.03	0.0	0.27	0.7
	0.07	0.0	0.93	0.0
	0.0	0.0	1.0	0.0
	0.0	0.01	0.99	0.0
	0.08	0.85	0.0	0.07
	0.27	0.15	0.45	0.13

MEME version 4

ALPHABET= ACGT

MOTIF chr2:209149853-209149878

letter-probability matrix: alength= 4 w= 25
	0.0	1.0	0.0	0.0
	0.0	0.14	0.0	0.86
	0.0	1.0	0.0	0.0
	0.0	0.0	0.14	0.86
	0.0	0.0	1.0	0.0
	0.0	0.28	0.0	0.72
	0.0	0.25	0.0	0.75
	0.21	0.0	0.79	0.0
	0.0	1.0	0.0	0.0
	0.0	1.0	0.0	0.0
	0.0	1.0	0.0	0.0
	1.0	0.0	0.0	0.0
	0.04	0.24	0.71	0.0
	0.14	0.14	0.72	0.0
	0.0	1.0	0.0	0.0
	0.0	0.08	0.0	0.92
	0.0	0.0	1.0	0.0
	0.0	0.0	1.0	0.0
	1.0	0.0	0.0	0.0
	0.0	0.0	1.0	0.0
	0.0	0.0	0.14	0.86
	0.0	0.0	1.0	0.0
	0.0	1.0	0.0	0.0
	0.86	0.0	0.0	0.14
	0.0	0.0	1.0	0.0

MEME version 4

ALPHABET= ACGT

MOTIF chr15:64657130-64657140

letter-probability matrix: alength= 4 w= 10
	0.5	0.0	0.36	0.14
	0.0	0.0	1.0	0.0
	0.08	0.68	0.24	0.0
	0.0	0.93	0.0	0.07
	0.03	0.0	0.27	0.7
	0.07	0.0	0.93	0.0
	0.0	0.0	1.0	0.0
	0.0	0.01	0.99	0.0
	0.08	0.85	0.0	0.07
	0.27	0.15	0.45	0.13

MEME version 4

ALPHABET= ACGT

MOTIF chr15:64697387-64697412

letter-probability matrix: alength= 4 w= 25
	0.0	1.0	0.0	0.0
	0.0	0.14	0.0	0.86
	0.0	1.0	0.0	0.0
	0.0	0.0	0.14	0.86
	0.0	0.0	1.0	0.0
	0.0	0.28	0.0	0.72
	0.0	0.25	0.0	0.75
	0.21	0.0	0.79	0.0
	0.0	1.0	0.0	0.0
	0.0	1.0	0.0	0.0
	0.0	1.0	0.0	0.0
	1.0	0.0	0.0	0.0
	0.04	0.24	0.71	0.0
	0.14	0.14	0.72	0.0
	0.0	1.0	0.0	0.0
	0.0	0.08	0.0	0.92
	0.0	0.0	1.0	0.0
	0.0	0.0	1.0	0.0
	1.0	0.0	0.0	0.0
	0.0	0.0	1.0	0.0
	0.0	0.0	0.14	0.86
	0.0	0.0	1.0	0.0
	0.0	1.0	0.0	0.0
	0.86	0.0	0.0	0.14
	0.0	0.0	1.0	0.0

MEME version 4

ALPHABET= ACGT

MOTIF chr19:12793331-12793341

letter-probability matrix: alength= 4 w= 10
	0.5	0.0	0.36	0.14
	0.0	0.0	1.0	0.0
	0.08	0.68	0.24	0.0
	0.0	0.93	0.0	0.07
	0.03	0.0	0.27	0.7
	0.07	0.0	0.93	0.0
	0.0	0.0	1.0	0.0
	0.0	0.01	0.99	0.0
	0.08	0.85	0.0	0.07
	0.27	0.15	0.45	0.13

MEME version 4

ALPHABET= ACGT

MOTIF chr19:12801669-12801694

letter-probability matrix: alength= 4 w= 25
	0.0	1.0	0.0	0.0
	0.0	0.14	0.0	0.86
	0.0	1.0	0.0	0.0
	0.0	0.0	0.14	0.86
	0.0	0.0	1.0	0.0
	0.0	0.28	0.0	0.72
	0.0	0.25	0.0	0.75
	0.21	0.0	0.79	0.0
	0.0	1.0	0.0	0.0
	0.0	1.0	0.0	0.0
	0.0	1.0	0.0	0.0
	1.0	0.0	0.0	0.0
	0.04	0.24	0.71	0.0
	0.14	0.14	0.72	0.0
	0.0	1.0	0.0	0.0
	0.0	0.08	0.0	0.92
	0.0	0.0	1.0	0.0
	0.0	0.0	1.0	0.0
	1.0	0.0	0.0	0.0
	0.0	0.0	1.0	0.0
	0.0	0.0	0.14	0.86
	0.0	0.0	1.0	0.0
	0.0	1.0	0.0	0.0
	0.86	0.0	0.0	0.14
	0.0	0.0	1.0	0.0

MEME version 4

ALPHABET= ACGT

MOTIF chrX:129304793-129304803

letter-probability matrix: alength= 4 w= 10
	0.5	0.0	0.36	0.14
	0.0	0.0	1.0	0.0
	0.08	0.68	0.24	0.0
	0.0	0.93	0.0	0.07
	0.03	0.0	0.27	0.7
	0.07	0.0	0.93	0.0
	0.0	0.0	1.0	0.0
	0.0	0.01	0.99	0.0
	0.08	0.85	0.0	0.07
	0.27	0.15	0.45	0.13

MEME version 4

ALPHABET= ACGT

MOTIF chrX:129273637-129273662

letter-probability matrix: alength= 4 w= 25
	0.0	1.0	0.0	0.0
	0.0	0.14	0.0	0.86
	0.0	1.0	0.0	0.0
	0.0	0.0	0.14	0.86
	0.0	0.0	1.0	0.0
	0.0	0.28	0.0	0.72
	0.0	0.25	0.0	0.75
	0.21	0.0	0.79	0.0
	0.0	1.0	0.0	0.0
	0.0	1.0	0.0	0.0
	0.0	1.0	0.0	0.0
	1.0	0.0	0.0	0.0
	0.04	0.24	0.71	0.0
	0.14	0.14	0.72	0.0
	0.0	1.0	0.0	0.0
	0.0	0.08	0.0	0.92
	0.0	0.0	1.0	0.0
	0.0	0.0	1.0	0.0
	1.0	0.0	0.0	0.0
	0.0	0.0	1.0	0.0
	0.0	0.0	0.14	0.86
	0.0	0.0	1.0	0.0
	0.0	1.0	0.0	0.0
	0.86	0.0	0.0	0.14
	0.0	0.0	1.0	0.0

MEME version 4

ALPHABET= ACGT

MOTIF chr19:40853410-40853420

letter-probability matrix: alength= 4 w= 10
	0.5	0.0	0.36	0.14
	0.0	0.0	1.0	0.0
	0.08	0.68	0.24	0.0
	0.0	0.93	0.0	0.07
	0.03	0.0	0.27	0.7
	0.07	0.0	0.93	0.0
	0.0	0.0	1.0	0.0
	0.0	0.01	0.99	0.0
	0.08	0.85	0.0	0.07
	0.27	0.15	0.45	0.13

MEME version 4

ALPHABET= ACGT

MOTIF chr19:40881023-40881048

letter-probability matrix: alength= 4 w= 25
	0.0	1.0	0.0	0.0
	0.0	0.14	0.0	0.86
	0.0	1.0	0.0	0.0
	0.0	0.0	0.14	0.86
	0.0	0.0	1.0	0.0
	0.0	0.28	0.0	0.72
	0.0	0.25	0.0	0.75
	0.21	0.0	0.79	0.0
	0.0	1.0	0.0	0.0
	0.0	1.0	0.0	0.0
	0.0	1.0	0.0	0.0
	1.0	0.0	0.0	0.0
	0.04	0.24	0.71	0.0
	0.14	0.14	0.72	0.0
	0.0	1.0	0.0	0.0
	0.0	0.08	0.0	0.92
	0.0	0.0	1.0	0.0
	0.0	0.0	1.0	0.0
	1.0	0.0	0.0	0.0
	0.0	0.0	1.0	0.0
	0.0	0.0	0.14	0.86
	0.0	0.0	1.0	0.0
	0.0	1.0	0.0	0.0
	0.86	0.0	0.0	0.14
	0.0	0.0	1.0	0.0

MEME version 4

ALPHABET= ACGT

MOTIF chr7:108194170-108194180

letter-probability matrix: alength= 4 w= 10
	0.5	0.0	0.36	0.14
	0.0	0.0	1.0	0.0
	0.08	0.68	0.24	0.0
	0.0	0.93	0.0	0.07
	0.03	0.0	0.27	0.7
	0.07	0.0	0.93	0.0
	0.0	0.0	1.0	0.0
	0.0	0.01	0.99	0.0
	0.08	0.85	0.0	0.07
	0.27	0.15	0.45	0.13

MEME version 4

ALPHABET= ACGT

MOTIF chr7:108191763-108191788

letter-probability matrix: alength= 4 w= 25
	0.0	1.0	0.0	0.0
	0.0	0.14	0.0	0.86
	0.0	1.0	0.0	0.0
	0.0	0.0	0.14	0.86
	0.0	0.0	1.0	0.0
	0.0	0.28	0.0	0.72
	0.0	0.25	0.0	0.75
	0.21	0.0	0.79	0.0
	0.0	1.0	0.0	0.0
	0.0	1.0	0.0	0.0
	0.0	1.0	0.0	0.0
	1.0	0.0	0.0	0.0
	0.04	0.24	0.71	0.0
	0.14	0.14	0.72	0.0
	0.0	1.0	0.0	0.0
	0.0	0.08	0.0	0.92
	0.0	0.0	1.0	0.0
	0.0	0.0	1.0	0.0
	1.0	0.0	0.0	0.0
	0.0	0.0	1.0	0.0
	0.0	0.0	0.14	0.86
	0.0	0.0	1.0	0.0
	0.0	1.0	0.0	0.0
	0.86	0.0	0.0	0.14
	0.0	0.0	1.0	0.0

MEME version 4

ALPHABET= ACGT

MOTIF chr12:58164924-58164934

letter-probability matrix: alength= 4 w= 10
	0.5	0.0	0.36	0.14
	0.0	0.0	1.0	0.0
	0.08	0.68	0.24	0.0
	0.0	0.93	0.0	0.07
	0.03	0.0	0.27	0.7
	0.07	0.0	0.93	0.0
	0.0	0.0	1.0	0.0
	0.0	0.01	0.99	0.0
	0.08	0.85	0.0	0.07
	0.27	0.15	0.45	0.13

MEME version 4

ALPHABET= ACGT

MOTIF chr12:58151390-58151415

letter-probability matrix: alength= 4 w= 25
	0.0	1.0	0.0	0.0
	0.0	0.14	0.0	0.86
	0.0	1.0	0.0	0.0
	0.0	0.0	0.14	0.86
	0.0	0.0	1.0	0.0
	0.0	0.28	0.0	0.72
	0.0	0.25	0.0	0.75
	0.21	0.0	0.79	0.0
	0.0	1.0	0.0	0.0
	0.0	1.0	0.0	0.0
	0.0	1.0	0.0	0.0
	1.0	0.0	0.0	0.0
	0.04	0.24	0.71	0.0
	0.14	0.14	0.72	0.0
	0.0	1.0	0.0	0.0
	0.0	0.08	0.0	0.92
	0.0	0.0	1.0	0.0
	0.0	0.0	1.0	0.0
	1.0	0.0	0.0	0.0
	0.0	0.0	1.0	0.0
	0.0	0.0	0.14	0.86
	0.0	0.0	1.0	0.0
	0.0	1.0	0.0	0.0
	0.86	0.0	0.0	0.14
	0.0	0.0	1.0	0.0

MEME version 4

ALPHABET= ACGT

MOTIF chr6:4065450-4065460

letter-probability matrix: alength= 4 w= 10
	0.5	0.0	0.36	0.14
	0.0	0.0	1.0	0.0
	0.08	0.68	0.24	0.0
	0.0	0.93	0.0	0.07
	0.03	0.0	0.27	0.7
	0.07	0.0	0.93	0.0
	0.0	0.0	1.0	0.0
	0.0	0.01	0.99	0.0
	0.08	0.85	0.0	0.07
	0.27	0.15	0.45	0.13

MEME version 4

ALPHABET= ACGT

MOTIF chr6:4002137-4002162

letter-probability matrix: alength= 4 w= 25
	0.0	1.0	0.0	0.0
	0.0	0.14	0.0	0.86
	0.0	1.0	0.0	0.0
	0.0	0.0	0.14	0.86
	0.0	0.0	1.0	0.0
	0.0	0.28	0.0	0.72
	0.0	0.25	0.0	0.75
	0.21	0.0	0.79	0.0
	0.0	1.0	0.0	0.0
	0.0	1.0	0.0	0.0
	0.0	1.0	0.0	0.0
	1.0	0.0	0.0	0.0
	0.04	0.24	0.71	0.0
	0.14	0.14	0.72	0.0
	0.0	1.0	0.0	0.0
	0.0	0.08	0.0	0.92
	0.0	0.0	1.0	0.0
	0.0	0.0	1.0	0.0
	1.0	0.0	0.0	0.0
	0.0	0.0	1.0	0.0
	0.0	0.0	0.14	0.86
	0.0	0.0	1.0	0.0
	0.0	1.0	0.0	0.0
	0.86	0.0	0.0	0.14
	0.0	0.0	1.0	0.0

MEME version 4

ALPHABET= ACGT

MOTIF chr17:41836225-41836235

letter-probability matrix: alength= 4 w= 10
	0.5	0.0	0.36	0.14
	0.0	0.0	1.0	0.0
	0.08	0.68	0.24	0.0
	0.0	0.93	0.0	0.07
	0.03	0.0	0.27	0.7
	0.07	0.0	0.93	0.0
	0.0	0.0	1.0	0.0
	0.0	0.01	0.99	0.0
	0.08	0.85	0.0	0.07
	0.27	0.15	0.45	0.13

MEME version 4

ALPHABET= ACGT

MOTIF chr17:41840097-41840122

letter-probability matrix: alength= 4 w= 25
	0.0	1.0	0.0	0.0
	0.0	0.14	0.0	0.86
	0.0	1.0	0.0	0.0
	0.0	0.0	0.14	0.86
	0.0	0.0	1.0	0.0
	0.0	0.28	0.0	0.72
	0.0	0.25	0.0	0.75
	0.21	0.0	0.79	0.0
	0.0	1.0	0.0	0.0
	0.0	1.0	0.0	0.0
	0.0	1.0	0.0	0.0
	1.0	0.0	0.0	0.0
	0.04	0.24	0.71	0.0
	0.14	0.14	0.72	0.0
	0.0	1.0	0.0	0.0
	0.0	0.08	0.0	0.92
	0.0	0.0	1.0	0.0
	0.0	0.0	1.0	0.0
	1.0	0.0	0.0	0.0
	0.0	0.0	1.0	0.0
	0.0	0.0	0.14	0.86
	0.0	0.0	1.0	0.0
	0.0	1.0	0.0	0.0
	0.86	0.0	0.0	0.14
	0.0	0.0	1.0	0.0

MEME version 4

ALPHABET= ACGT

MOTIF chr22:21142543-21142553

letter-probability matrix: alength= 4 w= 10
	0.5	0.0	0.36	0.14
	0.0	0.0	1.0	0.0
	0.08	0.68	0.24	0.0
	0.0	0.93	0.0	0.07
	0.03	0.0	0.27	0.7
	0.07	0.0	0.93	0.0
	0.0	0.0	1.0	0.0
	0.0	0.01	0.99	0.0
	0.08	0.85	0.0	0.07
	0.27	0.15	0.45	0.13

MEME version 4

ALPHABET= ACGT

MOTIF chr22:21123626-21123651

letter-probability matrix: alength= 4 w= 25
	0.0	1.0	0.0	0.0
	0.0	0.14	0.0	0.86
	0.0	1.0	0.0	0.0
	0.0	0.0	0.14	0.86
	0.0	0.0	1.0	0.0
	0.0	0.28	0.0	0.72
	0.0	0.25	0.0	0.75
	0.21	0.0	0.79	0.0
	0.0	1.0	0.0	0.0
	0.0	1.0	0.0	0.0
	0.0	1.0	0.0	0.0
	1.0	0.0	0.0	0.0
	0.04	0.24	0.71	0.0
	0.14	0.14	0.72	0.0
	0.0	1.0	0.0	0.0
	0.0	0.08	0.0	0.92
	0.0	0.0	1.0	0.0
	0.0	0.0	1.0	0.0
	1.0	0.0	0.0	0.0
	0.0	0.0	1.0	0.0
	0.0	0.0	0.14	0.86
	0.0	0.0	1.0	0.0
	0.0	1.0	0.0	0.0
	0.86	0.0	0.0	0.14
	0.0	0.0	1.0	0.0

MEME version 4

ALPHABET= ACGT

MOTIF chr10:126435805-126435815

letter-probability matrix: alength= 4 w= 10
	0.5	0.0	0.36	0.14
	0.0	0.0	1.0	0.0
	0.08	0.68	0.24	0.0
	0.0	0.93	0.0	0.07
	0.03	0.0	0.27	0.7
	0.07	0.0	0.93	0.0
	0.0	0.0	1.0	0.0
	0.0	0.01	0.99	0.0
	0.08	0.85	0.0	0.07
	0.27	0.15	0.45	0.13

MEME version 4

ALPHABET= ACGT

MOTIF chr10:126503797-126503822

letter-probability matrix: alength= 4 w= 25
	0.0	1.0	0.0	0.0
	0.0	0.14	0.0	0.86
	0.0	1.0	0.0	0.0
	0.0	0.0	0.14	0.86
	0.0	0.0	1.0	0.0
	0.0	0.28	0.0	0.72
	0.0	0.25	0.0	0.75
	0.21	0.0	0.79	0.0
	0.0	1.0	0.0	0.0
	0.0	1.0	0.0	0.0
	0.0	1.0	0.0	0.0
	1.0	0.0	0.0	0.0
	0.04	0.24	0.71	0.0
	0.14	0.14	0.72	0.0
	0.0	1.0	0.0	0.0
	0.0	0.08	0.0	0.92
	0.0	0.0	1.0	0.0
	0.0	0.0	1.0	0.0
	1.0	0.0	0.0	0.0
	0.0	0.0	1.0	0.0
	0.0	0.0	0.14	0.86
	0.0	0.0	1.0	0.0
	0.0	1.0	0.0	0.0
	0.86	0.0	0.0	0.14
	0.0	0.0	1.0	0.0

MEME version 4

ALPHABET= ACGT

MOTIF chr6:31548160-31548170

letter-probability matrix: alength= 4 w= 10
	0.5	0.0	0.36	0.14
	0.0	0.0	1.0	0.0
	0.08	0.68	0.24	0.0
	0.0	0.93	0.0	0.07
	0.03	0.0	0.27	0.7
	0.07	0.0	0.93	0.0
	0.0	0.0	1.0	0.0
	0.0	0.01	0.99	0.0
	0.08	0.85	0.0	0.07
	0.27	0.15	0.45	0.13

MEME version 4

ALPHABET= ACGT

MOTIF chr6:31567535-31567560

letter-probability matrix: alength= 4 w= 25
	0.0	1.0	0.0	0.0
	0.0	0.14	0.0	0.86
	0.0	1.0	0.0	0.0
	0.0	0.0	0.14	0.86
	0.0	0.0	1.0	0.0
	0.0	0.28	0.0	0.72
	0.0	0.25	0.0	0.75
	0.21	0.0	0.79	0.0
	0.0	1.0	0.0	0.0
	0.0	1.0	0.0	0.0
	0.0	1.0	0.0	0.0
	1.0	0.0	0.0	0.0
	0.04	0.24	0.71	0.0
	0.14	0.14	0.72	0.0
	0.0	1.0	0.0	0.0
	0.0	0.08	0.0	0.92
	0.0	0.0	1.0	0.0
	0.0	0.0	1.0	0.0
	1.0	0.0	0.0	0.0
	0.0	0.0	1.0	0.0
	0.0	0.0	0.14	0.86
	0.0	0.0	1.0	0.0
	0.0	1.0	0.0	0.0
	0.86	0.0	0.0	0.14
	0.0	0.0	1.0	0.0

MEME version 4

ALPHABET= ACGT

MOTIF chr15:91260435-91260445

letter-probability matrix: alength= 4 w= 10
	0.5	0.0	0.36	0.14
	0.0	0.0	1.0	0.0
	0.08	0.68	0.24	0.0
	0.0	0.93	0.0	0.07
	0.03	0.0	0.27	0.7
	0.07	0.0	0.93	0.0
	0.0	0.0	1.0	0.0
	0.0	0.01	0.99	0.0
	0.08	0.85	0.0	0.07
	0.27	0.15	0.45	0.13

MEME version 4

ALPHABET= ACGT

MOTIF chr15:91240126-91240151

letter-probability matrix: alength= 4 w= 25
	0.0	1.0	0.0	0.0
	0.0	0.14	0.0	0.86
	0.0	1.0	0.0	0.0
	0.0	0.0	0.14	0.86
	0.0	0.0	1.0	0.0
	0.0	0.28	0.0	0.72
	0.0	0.25	0.0	0.75
	0.21	0.0	0.79	0.0
	0.0	1.0	0.0	0.0
	0.0	1.0	0.0	0.0
	0.0	1.0	0.0	0.0
	1.0	0.0	0.0	0.0
	0.04	0.24	0.71	0.0
	0.14	0.14	0.72	0.0
	0.0	1.0	0.0	0.0
	0.0	0.08	0.0	0.92
	0.0	0.0	1.0	0.0
	0.0	0.0	1.0	0.0
	1.0	0.0	0.0	0.0
	0.0	0.0	1.0	0.0
	0.0	0.0	0.14	0.86
	0.0	0.0	1.0	0.0
	0.0	1.0	0.0	0.0
	0.86	0.0	0.0	0.14
	0.0	0.0	1.0	0.0

MEME version 4

ALPHABET= ACGT

MOTIF chr2:136289022-136289032

letter-probability matrix: alength= 4 w= 10
	0.5	0.0	0.36	0.14
	0.0	0.0	1.0	0.0
	0.08	0.68	0.24	0.0
	0.0	0.93	0.0	0.07
	0.03	0.0	0.27	0.7
	0.07	0.0	0.93	0.0
	0.0	0.0	1.0	0.0
	0.0	0.01	0.99	0.0
	0.08	0.85	0.0	0.07
	0.27	0.15	0.45	0.13

MEME version 4

ALPHABET= ACGT

MOTIF chr2:136303925-136303950

letter-probability matrix: alength= 4 w= 25
	0.0	1.0	0.0	0.0
	0.0	0.14	0.0	0.86
	0.0	1.0	0.0	0.0
	0.0	0.0	0.14	0.86
	0.0	0.0	1.0	0.0
	0.0	0.28	0.0	0.72
	0.0	0.25	0.0	0.75
	0.21	0.0	0.79	0.0
	0.0	1.0	0.0	0.0
	0.0	1.0	0.0	0.0
	0.0	1.0	0.0	0.0
	1.0	0.0	0.0	0.0
	0.04	0.24	0.71	0.0
	0.14	0.14	0.72	0.0
	0.0	1.0	0.0	0.0
	0.0	0.08	0.0	0.92
	0.0	0.0	1.0	0.0
	0.0	0.0	1.0	0.0
	1.0	0.0	0.0	0.0
	0.0	0.0	1.0	0.0
	0.0	0.0	0.14	0.86
	0.0	0.0	1.0	0.0
	0.0	1.0	0.0	0.0
	0.86	0.0	0.0	0.14
	0.0	0.0	1.0	0.0

MEME version 4

ALPHABET= ACGT

MOTIF chr19:36315879-36315889

letter-probability matrix: alength= 4 w= 10
	0.5	0.0	0.36	0.14
	0.0	0.0	1.0	0.0
	0.08	0.68	0.24	0.0
	0.0	0.93	0.0	0.07
	0.03	0.0	0.27	0.7
	0.07	0.0	0.93	0.0
	0.0	0.0	1.0	0.0
	0.0	0.01	0.99	0.0
	0.08	0.85	0.0	0.07
	0.27	0.15	0.45	0.13

MEME version 4

ALPHABET= ACGT

MOTIF chr19:36371283-36371308

letter-probability matrix: alength= 4 w= 25
	0.0	1.0	0.0	0.0
	0.0	0.14	0.0	0.86
	0.0	1.0	0.0	0.0
	0.0	0.0	0.14	0.86
	0.0	0.0	1.0	0.0
	0.0	0.28	0.0	0.72
	0.0	0.25	0.0	0.75
	0.21	0.0	0.79	0.0
	0.0	1.0	0.0	0.0
	0.0	1.0	0.0	0.0
	0.0	1.0	0.0	0.0
	1.0	0.0	0.0	0.0
	0.04	0.24	0.71	0.0
	0.14	0.14	0.72	0.0
	0.0	1.0	0.0	0.0
	0.0	0.08	0.0	0.92
	0.0	0.0	1.0	0.0
	0.0	0.0	1.0	0.0
	1.0	0.0	0.0	0.0
	0.0	0.0	1.0	0.0
	0.0	0.0	0.14	0.86
	0.0	0.0	1.0	0.0
	0.0	1.0	0.0	0.0
	0.86	0.0	0.0	0.14
	0.0	0.0	1.0	0.0

MEME version 4

ALPHABET= ACGT

MOTIF chr12:58027846-58027856

letter-probability matrix: alength= 4 w= 10
	0.5	0.0	0.36	0.14
	0.0	0.0	1.0	0.0
	0.08	0.68	0.24	0.0
	0.0	0.93	0.0	0.07
	0.03	0.0	0.27	0.7
	0.07	0.0	0.93	0.0
	0.0	0.0	1.0	0.0
	0.0	0.01	0.99	0.0
	0.08	0.85	0.0	0.07
	0.27	0.15	0.45	0.13

MEME version 4

ALPHABET= ACGT

MOTIF chr12:58017654-58017679

letter-probability matrix: alength= 4 w= 25
	0.0	1.0	0.0	0.0
	0.0	0.14	0.0	0.86
	0.0	1.0	0.0	0.0
	0.0	0.0	0.14	0.86
	0.0	0.0	1.0	0.0
	0.0	0.28	0.0	0.72
	0.0	0.25	0.0	0.75
	0.21	0.0	0.79	0.0
	0.0	1.0	0.0	0.0
	0.0	1.0	0.0	0.0
	0.0	1.0	0.0	0.0
	1.0	0.0	0.0	0.0
	0.04	0.24	0.71	0.0
	0.14	0.14	0.72	0.0
	0.0	1.0	0.0	0.0
	0.0	0.08	0.0	0.92
	0.0	0.0	1.0	0.0
	0.0	0.0	1.0	0.0
	1.0	0.0	0.0	0.0
	0.0	0.0	1.0	0.0
	0.0	0.0	0.14	0.86
	0.0	0.0	1.0	0.0
	0.0	1.0	0.0	0.0
	0.86	0.0	0.0	0.14
	0.0	0.0	1.0	0.0

MEME version 4

ALPHABET= ACGT

MOTIF chr4:108641657-108641667

letter-probability matrix: alength= 4 w= 10
	0.5	0.0	0.36	0.14
	0.0	0.0	1.0	0.0
	0.08	0.68	0.24	0.0
	0.0	0.93	0.0	0.07
	0.03	0.0	0.27	0.7
	0.07	0.0	0.93	0.0
	0.0	0.0	1.0	0.0
	0.0	0.01	0.99	0.0
	0.08	0.85	0.0	0.07
	0.27	0.15	0.45	0.13

MEME version 4

ALPHABET= ACGT

MOTIF chr4:108615256-108615281

letter-probability matrix: alength= 4 w= 25
	0.0	1.0	0.0	0.0
	0.0	0.14	0.0	0.86
	0.0	1.0	0.0	0.0
	0.0	0.0	0.14	0.86
	0.0	0.0	1.0	0.0
	0.0	0.28	0.0	0.72
	0.0	0.25	0.0	0.75
	0.21	0.0	0.79	0.0
	0.0	1.0	0.0	0.0
	0.0	1.0	0.0	0.0
	0.0	1.0	0.0	0.0
	1.0	0.0	0.0	0.0
	0.04	0.24	0.71	0.0
	0.14	0.14	0.72	0.0
	0.0	1.0	0.0	0.0
	0.0	0.08	0.0	0.92
	0.0	0.0	1.0	0.0
	0.0	0.0	1.0	0.0
	1.0	0.0	0.0	0.0
	0.0	0.0	1.0	0.0
	0.0	0.0	0.14	0.86
	0.0	0.0	1.0	0.0
	0.0	1.0	0.0	0.0
	0.86	0.0	0.0	0.14
	0.0	0.0	1.0	0.0

MEME version 4

ALPHABET= ACGT

MOTIF chr19:39876477-39876487

letter-probability matrix: alength= 4 w= 10
	0.5	0.0	0.36	0.14
	0.0	0.0	1.0	0.0
	0.08	0.68	0.24	0.0
	0.0	0.93	0.0	0.07
	0.03	0.0	0.27	0.7
	0.07	0.0	0.93	0.0
	0.0	0.0	1.0	0.0
	0.0	0.01	0.99	0.0
	0.08	0.85	0.0	0.07
	0.27	0.15	0.45	0.13

MEME version 4

ALPHABET= ACGT

MOTIF chr19:39876035-39876060

letter-probability matrix: alength= 4 w= 25
	0.0	1.0	0.0	0.0
	0.0	0.14	0.0	0.86
	0.0	1.0	0.0	0.0
	0.0	0.0	0.14	0.86
	0.0	0.0	1.0	0.0
	0.0	0.28	0.0	0.72
	0.0	0.25	0.0	0.75
	0.21	0.0	0.79	0.0
	0.0	1.0	0.0	0.0
	0.0	1.0	0.0	0.0
	0.0	1.0	0.0	0.0
	1.0	0.0	0.0	0.0
	0.04	0.24	0.71	0.0
	0.14	0.14	0.72	0.0
	0.0	1.0	0.0	0.0
	0.0	0.08	0.0	0.92
	0.0	0.0	1.0	0.0
	0.0	0.0	1.0	0.0
	1.0	0.0	0.0	0.0
	0.0	0.0	1.0	0.0
	0.0	0.0	0.14	0.86
	0.0	0.0	1.0	0.0
	0.0	1.0	0.0	0.0
	0.86	0.0	0.0	0.14
	0.0	0.0	1.0	0.0

MEME version 4

ALPHABET= ACGT

MOTIF chr20:43935029-43935039

letter-probability matrix: alength= 4 w= 10
	0.5	0.0	0.36	0.14
	0.0	0.0	1.0	0.0
	0.08	0.68	0.24	0.0
	0.0	0.93	0.0	0.07
	0.03	0.0	0.27	0.7
	0.07	0.0	0.93	0.0
	0.0	0.0	1.0	0.0
	0.0	0.01	0.99	0.0
	0.08	0.85	0.0	0.07
	0.27	0.15	0.45	0.13

MEME version 4

ALPHABET= ACGT

MOTIF chr20:43945615-43945640

letter-probability matrix: alength= 4 w= 25
	0.0	1.0	0.0	0.0
	0.0	0.14	0.0	0.86
	0.0	1.0	0.0	0.0
	0.0	0.0	0.14	0.86
	0.0	0.0	1.0	0.0
	0.0	0.28	0.0	0.72
	0.0	0.25	0.0	0.75
	0.21	0.0	0.79	0.0
	0.0	1.0	0.0	0.0
	0.0	1.0	0.0	0.0
	0.0	1.0	0.0	0.0
	1.0	0.0	0.0	0.0
	0.04	0.24	0.71	0.0
	0.14	0.14	0.72	0.0
	0.0	1.0	0.0	0.0
	0.0	0.08	0.0	0.92
	0.0	0.0	1.0	0.0
	0.0	0.0	1.0	0.0
	1.0	0.0	0.0	0.0
	0.0	0.0	1.0	0.0
	0.0	0.0	0.14	0.86
	0.0	0.0	1.0	0.0
	0.0	1.0	0.0	0.0
	0.86	0.0	0.0	0.14
	0.0	0.0	1.0	0.0

MEME version 4

ALPHABET= ACGT

MOTIF chr7:2392992-2393002

letter-probability matrix: alength= 4 w= 10
	0.5	0.0	0.36	0.14
	0.0	0.0	1.0	0.0
	0.08	0.68	0.24	0.0
	0.0	0.93	0.0	0.07
	0.03	0.0	0.27	0.7
	0.07	0.0	0.93	0.0
	0.0	0.0	1.0	0.0
	0.0	0.01	0.99	0.0
	0.08	0.85	0.0	0.07
	0.27	0.15	0.45	0.13

MEME version 4

ALPHABET= ACGT

MOTIF chr7:2424103-2424128

letter-probability matrix: alength= 4 w= 25
	0.0	1.0	0.0	0.0
	0.0	0.14	0.0	0.86
	0.0	1.0	0.0	0.0
	0.0	0.0	0.14	0.86
	0.0	0.0	1.0	0.0
	0.0	0.28	0.0	0.72
	0.0	0.25	0.0	0.75
	0.21	0.0	0.79	0.0
	0.0	1.0	0.0	0.0
	0.0	1.0	0.0	0.0
	0.0	1.0	0.0	0.0
	1.0	0.0	0.0	0.0
	0.04	0.24	0.71	0.0
	0.14	0.14	0.72	0.0
	0.0	1.0	0.0	0.0
	0.0	0.08	0.0	0.92
	0.0	0.0	1.0	0.0
	0.0	0.0	1.0	0.0
	1.0	0.0	0.0	0.0
	0.0	0.0	1.0	0.0
	0.0	0.0	0.14	0.86
	0.0	0.0	1.0	0.0
	0.0	1.0	0.0	0.0
	0.86	0.0	0.0	0.14
	0.0	0.0	1.0	0.0

MEME version 4

ALPHABET= ACGT

MOTIF chr2:68694605-68694615

letter-probability matrix: alength= 4 w= 10
	0.5	0.0	0.36	0.14
	0.0	0.0	1.0	0.0
	0.08	0.68	0.24	0.0
	0.0	0.93	0.0	0.07
	0.03	0.0	0.27	0.7
	0.07	0.0	0.93	0.0
	0.0	0.0	1.0	0.0
	0.0	0.01	0.99	0.0
	0.08	0.85	0.0	0.07
	0.27	0.15	0.45	0.13

MEME version 4

ALPHABET= ACGT

MOTIF chr2:68715496-68715521

letter-probability matrix: alength= 4 w= 25
	0.0	1.0	0.0	0.0
	0.0	0.14	0.0	0.86
	0.0	1.0	0.0	0.0
	0.0	0.0	0.14	0.86
	0.0	0.0	1.0	0.0
	0.0	0.28	0.0	0.72
	0.0	0.25	0.0	0.75
	0.21	0.0	0.79	0.0
	0.0	1.0	0.0	0.0
	0.0	1.0	0.0	0.0
	0.0	1.0	0.0	0.0
	1.0	0.0	0.0	0.0
	0.04	0.24	0.71	0.0
	0.14	0.14	0.72	0.0
	0.0	1.0	0.0	0.0
	0.0	0.08	0.0	0.92
	0.0	0.0	1.0	0.0
	0.0	0.0	1.0	0.0
	1.0	0.0	0.0	0.0
	0.0	0.0	1.0	0.0
	0.0	0.0	0.14	0.86
	0.0	0.0	1.0	0.0
	0.0	1.0	0.0	0.0
	0.86	0.0	0.0	0.14
	0.0	0.0	1.0	0.0

MEME version 4

ALPHABET= ACGT

MOTIF chr7:75697195-75697205

letter-probability matrix: alength= 4 w= 10
	0.5	0.0	0.36	0.14
	0.0	0.0	1.0	0.0
	0.08	0.68	0.24	0.0
	0.0	0.93	0.0	0.07
	0.03	0.0	0.27	0.7
	0.07	0.0	0.93	0.0
	0.0	0.0	1.0	0.0
	0.0	0.01	0.99	0.0
	0.08	0.85	0.0	0.07
	0.27	0.15	0.45	0.13

MEME version 4

ALPHABET= ACGT

MOTIF chr7:75648821-75648846

letter-probability matrix: alength= 4 w= 25
	0.0	1.0	0.0	0.0
	0.0	0.14	0.0	0.86
	0.0	1.0	0.0	0.0
	0.0	0.0	0.14	0.86
	0.0	0.0	1.0	0.0
	0.0	0.28	0.0	0.72
	0.0	0.25	0.0	0.75
	0.21	0.0	0.79	0.0
	0.0	1.0	0.0	0.0
	0.0	1.0	0.0	0.0
	0.0	1.0	0.0	0.0
	1.0	0.0	0.0	0.0
	0.04	0.24	0.71	0.0
	0.14	0.14	0.72	0.0
	0.0	1.0	0.0	0.0
	0.0	0.08	0.0	0.92
	0.0	0.0	1.0	0.0
	0.0	0.0	1.0	0.0
	1.0	0.0	0.0	0.0
	0.0	0.0	1.0	0.0
	0.0	0.0	0.14	0.86
	0.0	0.0	1.0	0.0
	0.0	1.0	0.0	0.0
	0.86	0.0	0.0	0.14
	0.0	0.0	1.0	0.0

MEME version 4

ALPHABET= ACGT

MOTIF chr7:5109955-5109965

letter-probability matrix: alength= 4 w= 10
	0.5	0.0	0.36	0.14
	0.0	0.0	1.0	0.0
	0.08	0.68	0.24	0.0
	0.0	0.93	0.0	0.07
	0.03	0.0	0.27	0.7
	0.07	0.0	0.93	0.0
	0.0	0.0	1.0	0.0
	0.0	0.01	0.99	0.0
	0.08	0.85	0.0	0.07
	0.27	0.15	0.45	0.13

MEME version 4

ALPHABET= ACGT

MOTIF chr7:5080056-5080081

letter-probability matrix: alength= 4 w= 25
	0.0	1.0	0.0	0.0
	0.0	0.14	0.0	0.86
	0.0	1.0	0.0	0.0
	0.0	0.0	0.14	0.86
	0.0	0.0	1.0	0.0
	0.0	0.28	0.0	0.72
	0.0	0.25	0.0	0.75
	0.21	0.0	0.79	0.0
	0.0	1.0	0.0	0.0
	0.0	1.0	0.0	0.0
	0.0	1.0	0.0	0.0
	1.0	0.0	0.0	0.0
	0.04	0.24	0.71	0.0
	0.14	0.14	0.72	0.0
	0.0	1.0	0.0	0.0
	0.0	0.08	0.0	0.92
	0.0	0.0	1.0	0.0
	0.0	0.0	1.0	0.0
	1.0	0.0	0.0	0.0
	0.0	0.0	1.0	0.0
	0.0	0.0	0.14	0.86
	0.0	0.0	1.0	0.0
	0.0	1.0	0.0	0.0
	0.86	0.0	0.0	0.14
	0.0	0.0	1.0	0.0

MEME version 4

ALPHABET= ACGT

MOTIF chr1:22004725-22004735

letter-probability matrix: alength= 4 w= 10
	0.5	0.0	0.36	0.14
	0.0	0.0	1.0	0.0
	0.08	0.68	0.24	0.0
	0.0	0.93	0.0	0.07
	0.03	0.0	0.27	0.7
	0.07	0.0	0.93	0.0
	0.0	0.0	1.0	0.0
	0.0	0.01	0.99	0.0
	0.08	0.85	0.0	0.07
	0.27	0.15	0.45	0.13

MEME version 4

ALPHABET= ACGT

MOTIF chr1:22138699-22138724

letter-probability matrix: alength= 4 w= 25
	0.0	1.0	0.0	0.0
	0.0	0.14	0.0	0.86
	0.0	1.0	0.0	0.0
	0.0	0.0	0.14	0.86
	0.0	0.0	1.0	0.0
	0.0	0.28	0.0	0.72
	0.0	0.25	0.0	0.75
	0.21	0.0	0.79	0.0
	0.0	1.0	0.0	0.0
	0.0	1.0	0.0	0.0
	0.0	1.0	0.0	0.0
	1.0	0.0	0.0	0.0
	0.04	0.24	0.71	0.0
	0.14	0.14	0.72	0.0
	0.0	1.0	0.0	0.0
	0.0	0.08	0.0	0.92
	0.0	0.0	1.0	0.0
	0.0	0.0	1.0	0.0
	1.0	0.0	0.0	0.0
	0.0	0.0	1.0	0.0
	0.0	0.0	0.14	0.86
	0.0	0.0	1.0	0.0
	0.0	1.0	0.0	0.0
	0.86	0.0	0.0	0.14
	0.0	0.0	1.0	0.0

MEME version 4

ALPHABET= ACGT

MOTIF chr16:4560846-4560856

letter-probability matrix: alength= 4 w= 10
	0.5	0.0	0.36	0.14
	0.0	0.0	1.0	0.0
	0.08	0.68	0.24	0.0
	0.0	0.93	0.0	0.07
	0.03	0.0	0.27	0.7
	0.07	0.0	0.93	0.0
	0.0	0.0	1.0	0.0
	0.0	0.01	0.99	0.0
	0.08	0.85	0.0	0.07
	0.27	0.15	0.45	0.13

MEME version 4

ALPHABET= ACGT

MOTIF chr16:4476952-4476977

letter-probability matrix: alength= 4 w= 25
	0.0	1.0	0.0	0.0
	0.0	0.14	0.0	0.86
	0.0	1.0	0.0	0.0
	0.0	0.0	0.14	0.86
	0.0	0.0	1.0	0.0
	0.0	0.28	0.0	0.72
	0.0	0.25	0.0	0.75
	0.21	0.0	0.79	0.0
	0.0	1.0	0.0	0.0
	0.0	1.0	0.0	0.0
	0.0	1.0	0.0	0.0
	1.0	0.0	0.0	0.0
	0.04	0.24	0.71	0.0
	0.14	0.14	0.72	0.0
	0.0	1.0	0.0	0.0
	0.0	0.08	0.0	0.92
	0.0	0.0	1.0	0.0
	0.0	0.0	1.0	0.0
	1.0	0.0	0.0	0.0
	0.0	0.0	1.0	0.0
	0.0	0.0	0.14	0.86
	0.0	0.0	1.0	0.0
	0.0	1.0	0.0	0.0
	0.86	0.0	0.0	0.14
	0.0	0.0	1.0	0.0

MEME version 4

ALPHABET= ACGT

MOTIF chr1:22110840-22110850

letter-probability matrix: alength= 4 w= 10
	0.5	0.0	0.36	0.14
	0.0	0.0	1.0	0.0
	0.08	0.68	0.24	0.0
	0.0	0.93	0.0	0.07
	0.03	0.0	0.27	0.7
	0.07	0.0	0.93	0.0
	0.0	0.0	1.0	0.0
	0.0	0.01	0.99	0.0
	0.08	0.85	0.0	0.07
	0.27	0.15	0.45	0.13

MEME version 4

ALPHABET= ACGT

MOTIF chr1:22138699-22138724

letter-probability matrix: alength= 4 w= 25
	0.0	1.0	0.0	0.0
	0.0	0.14	0.0	0.86
	0.0	1.0	0.0	0.0
	0.0	0.0	0.14	0.86
	0.0	0.0	1.0	0.0
	0.0	0.28	0.0	0.72
	0.0	0.25	0.0	0.75
	0.21	0.0	0.79	0.0
	0.0	1.0	0.0	0.0
	0.0	1.0	0.0	0.0
	0.0	1.0	0.0	0.0
	1.0	0.0	0.0	0.0
	0.04	0.24	0.71	0.0
	0.14	0.14	0.72	0.0
	0.0	1.0	0.0	0.0
	0.0	0.08	0.0	0.92
	0.0	0.0	1.0	0.0
	0.0	0.0	1.0	0.0
	1.0	0.0	0.0	0.0
	0.0	0.0	1.0	0.0
	0.0	0.0	0.14	0.86
	0.0	0.0	1.0	0.0
	0.0	1.0	0.0	0.0
	0.86	0.0	0.0	0.14
	0.0	0.0	1.0	0.0

MEME version 4

ALPHABET= ACGT

MOTIF chr20:30251355-30251365

letter-probability matrix: alength= 4 w= 10
	0.5	0.0	0.36	0.14
	0.0	0.0	1.0	0.0
	0.08	0.68	0.24	0.0
	0.0	0.93	0.0	0.07
	0.03	0.0	0.27	0.7
	0.07	0.0	0.93	0.0
	0.0	0.0	1.0	0.0
	0.0	0.01	0.99	0.0
	0.08	0.85	0.0	0.07
	0.27	0.15	0.45	0.13

MEME version 4

ALPHABET= ACGT

MOTIF chr20:30325886-30325911

letter-probability matrix: alength= 4 w= 25
	0.0	1.0	0.0	0.0
	0.0	0.14	0.0	0.86
	0.0	1.0	0.0	0.0
	0.0	0.0	0.14	0.86
	0.0	0.0	1.0	0.0
	0.0	0.28	0.0	0.72
	0.0	0.25	0.0	0.75
	0.21	0.0	0.79	0.0
	0.0	1.0	0.0	0.0
	0.0	1.0	0.0	0.0
	0.0	1.0	0.0	0.0
	1.0	0.0	0.0	0.0
	0.04	0.24	0.71	0.0
	0.14	0.14	0.72	0.0
	0.0	1.0	0.0	0.0
	0.0	0.08	0.0	0.92
	0.0	0.0	1.0	0.0
	0.0	0.0	1.0	0.0
	1.0	0.0	0.0	0.0
	0.0	0.0	1.0	0.0
	0.0	0.0	0.14	0.86
	0.0	0.0	1.0	0.0
	0.0	1.0	0.0	0.0
	0.86	0.0	0.0	0.14
	0.0	0.0	1.0	0.0

MEME version 4

ALPHABET= ACGT

MOTIF chr1:204542929-204542939

letter-probability matrix: alength= 4 w= 10
	0.5	0.0	0.36	0.14
	0.0	0.0	1.0	0.0
	0.08	0.68	0.24	0.0
	0.0	0.93	0.0	0.07
	0.03	0.0	0.27	0.7
	0.07	0.0	0.93	0.0
	0.0	0.0	1.0	0.0
	0.0	0.01	0.99	0.0
	0.08	0.85	0.0	0.07
	0.27	0.15	0.45	0.13

MEME version 4

ALPHABET= ACGT

MOTIF chr1:204477585-204477610

letter-probability matrix: alength= 4 w= 25
	0.0	1.0	0.0	0.0
	0.0	0.14	0.0	0.86
	0.0	1.0	0.0	0.0
	0.0	0.0	0.14	0.86
	0.0	0.0	1.0	0.0
	0.0	0.28	0.0	0.72
	0.0	0.25	0.0	0.75
	0.21	0.0	0.79	0.0
	0.0	1.0	0.0	0.0
	0.0	1.0	0.0	0.0
	0.0	1.0	0.0	0.0
	1.0	0.0	0.0	0.0
	0.04	0.24	0.71	0.0
	0.14	0.14	0.72	0.0
	0.0	1.0	0.0	0.0
	0.0	0.08	0.0	0.92
	0.0	0.0	1.0	0.0
	0.0	0.0	1.0	0.0
	1.0	0.0	0.0	0.0
	0.0	0.0	1.0	0.0
	0.0	0.0	0.14	0.86
	0.0	0.0	1.0	0.0
	0.0	1.0	0.0	0.0
	0.86	0.0	0.0	0.14
	0.0	0.0	1.0	0.0

MEME version 4

ALPHABET= ACGT

MOTIF chr22:41993437-41993447

letter-probability matrix: alength= 4 w= 10
	0.5	0.0	0.36	0.14
	0.0	0.0	1.0	0.0
	0.08	0.68	0.24	0.0
	0.0	0.93	0.0	0.07
	0.03	0.0	0.27	0.7
	0.07	0.0	0.93	0.0
	0.0	0.0	1.0	0.0
	0.0	0.01	0.99	0.0
	0.08	0.85	0.0	0.07
	0.27	0.15	0.45	0.13

MEME version 4

ALPHABET= ACGT

MOTIF chr22:42076732-42076757

letter-probability matrix: alength= 4 w= 25
	0.0	1.0	0.0	0.0
	0.0	0.14	0.0	0.86
	0.0	1.0	0.0	0.0
	0.0	0.0	0.14	0.86
	0.0	0.0	1.0	0.0
	0.0	0.28	0.0	0.72
	0.0	0.25	0.0	0.75
	0.21	0.0	0.79	0.0
	0.0	1.0	0.0	0.0
	0.0	1.0	0.0	0.0
	0.0	1.0	0.0	0.0
	1.0	0.0	0.0	0.0
	0.04	0.24	0.71	0.0
	0.14	0.14	0.72	0.0
	0.0	1.0	0.0	0.0
	0.0	0.08	0.0	0.92
	0.0	0.0	1.0	0.0
	0.0	0.0	1.0	0.0
	1.0	0.0	0.0	0.0
	0.0	0.0	1.0	0.0
	0.0	0.0	0.14	0.86
	0.0	0.0	1.0	0.0
	0.0	1.0	0.0	0.0
	0.86	0.0	0.0	0.14
	0.0	0.0	1.0	0.0

MEME version 4

ALPHABET= ACGT

MOTIF chr1:23694960-23694970

letter-probability matrix: alength= 4 w= 10
	0.5	0.0	0.36	0.14
	0.0	0.0	1.0	0.0
	0.08	0.68	0.24	0.0
	0.0	0.93	0.0	0.07
	0.03	0.0	0.27	0.7
	0.07	0.0	0.93	0.0
	0.0	0.0	1.0	0.0
	0.0	0.01	0.99	0.0
	0.08	0.85	0.0	0.07
	0.27	0.15	0.45	0.13

MEME version 4

ALPHABET= ACGT

MOTIF chr1:23708573-23708598

letter-probability matrix: alength= 4 w= 25
	0.0	1.0	0.0	0.0
	0.0	0.14	0.0	0.86
	0.0	1.0	0.0	0.0
	0.0	0.0	0.14	0.86
	0.0	0.0	1.0	0.0
	0.0	0.28	0.0	0.72
	0.0	0.25	0.0	0.75
	0.21	0.0	0.79	0.0
	0.0	1.0	0.0	0.0
	0.0	1.0	0.0	0.0
	0.0	1.0	0.0	0.0
	1.0	0.0	0.0	0.0
	0.04	0.24	0.71	0.0
	0.14	0.14	0.72	0.0
	0.0	1.0	0.0	0.0
	0.0	0.08	0.0	0.92
	0.0	0.0	1.0	0.0
	0.0	0.0	1.0	0.0
	1.0	0.0	0.0	0.0
	0.0	0.0	1.0	0.0
	0.0	0.0	0.14	0.86
	0.0	0.0	1.0	0.0
	0.0	1.0	0.0	0.0
	0.86	0.0	0.0	0.14
	0.0	0.0	1.0	0.0

MEME version 4

ALPHABET= ACGT

MOTIF chr20:44576817-44576827

letter-probability matrix: alength= 4 w= 10
	0.5	0.0	0.36	0.14
	0.0	0.0	1.0	0.0
	0.08	0.68	0.24	0.0
	0.0	0.93	0.0	0.07
	0.03	0.0	0.27	0.7
	0.07	0.0	0.93	0.0
	0.0	0.0	1.0	0.0
	0.0	0.01	0.99	0.0
	0.08	0.85	0.0	0.07
	0.27	0.15	0.45	0.13

MEME version 4

ALPHABET= ACGT

MOTIF chr20:44611848-44611873

letter-probability matrix: alength= 4 w= 25
	0.0	1.0	0.0	0.0
	0.0	0.14	0.0	0.86
	0.0	1.0	0.0	0.0
	0.0	0.0	0.14	0.86
	0.0	0.0	1.0	0.0
	0.0	0.28	0.0	0.72
	0.0	0.25	0.0	0.75
	0.21	0.0	0.79	0.0
	0.0	1.0	0.0	0.0
	0.0	1.0	0.0	0.0
	0.0	1.0	0.0	0.0
	1.0	0.0	0.0	0.0
	0.04	0.24	0.71	0.0
	0.14	0.14	0.72	0.0
	0.0	1.0	0.0	0.0
	0.0	0.08	0.0	0.92
	0.0	0.0	1.0	0.0
	0.0	0.0	1.0	0.0
	1.0	0.0	0.0	0.0
	0.0	0.0	1.0	0.0
	0.0	0.0	0.14	0.86
	0.0	0.0	1.0	0.0
	0.0	1.0	0.0	0.0
	0.86	0.0	0.0	0.14
	0.0	0.0	1.0	0.0

MEME version 4

ALPHABET= ACGT

MOTIF chr1:38146337-38146347

letter-probability matrix: alength= 4 w= 10
	0.5	0.0	0.36	0.14
	0.0	0.0	1.0	0.0
	0.08	0.68	0.24	0.0
	0.0	0.93	0.0	0.07
	0.03	0.0	0.27	0.7
	0.07	0.0	0.93	0.0
	0.0	0.0	1.0	0.0
	0.0	0.01	0.99	0.0
	0.08	0.85	0.0	0.07
	0.27	0.15	0.45	0.13

MEME version 4

ALPHABET= ACGT

MOTIF chr1:38148594-38148619

letter-probability matrix: alength= 4 w= 25
	0.0	1.0	0.0	0.0
	0.0	0.14	0.0	0.86
	0.0	1.0	0.0	0.0
	0.0	0.0	0.14	0.86
	0.0	0.0	1.0	0.0
	0.0	0.28	0.0	0.72
	0.0	0.25	0.0	0.75
	0.21	0.0	0.79	0.0
	0.0	1.0	0.0	0.0
	0.0	1.0	0.0	0.0
	0.0	1.0	0.0	0.0
	1.0	0.0	0.0	0.0
	0.04	0.24	0.71	0.0
	0.14	0.14	0.72	0.0
	0.0	1.0	0.0	0.0
	0.0	0.08	0.0	0.92
	0.0	0.0	1.0	0.0
	0.0	0.0	1.0	0.0
	1.0	0.0	0.0	0.0
	0.0	0.0	1.0	0.0
	0.0	0.0	0.14	0.86
	0.0	0.0	1.0	0.0
	0.0	1.0	0.0	0.0
	0.86	0.0	0.0	0.14
	0.0	0.0	1.0	0.0

MEME version 4

ALPHABET= ACGT

MOTIF chr17:40087186-40087196

letter-probability matrix: alength= 4 w= 10
	0.5	0.0	0.36	0.14
	0.0	0.0	1.0	0.0
	0.08	0.68	0.24	0.0
	0.0	0.93	0.0	0.07
	0.03	0.0	0.27	0.7
	0.07	0.0	0.93	0.0
	0.0	0.0	1.0	0.0
	0.0	0.01	0.99	0.0
	0.08	0.85	0.0	0.07
	0.27	0.15	0.45	0.13

MEME version 4

ALPHABET= ACGT

MOTIF chr17:40101003-40101028

letter-probability matrix: alength= 4 w= 25
	0.0	1.0	0.0	0.0
	0.0	0.14	0.0	0.86
	0.0	1.0	0.0	0.0
	0.0	0.0	0.14	0.86
	0.0	0.0	1.0	0.0
	0.0	0.28	0.0	0.72
	0.0	0.25	0.0	0.75
	0.21	0.0	0.79	0.0
	0.0	1.0	0.0	0.0
	0.0	1.0	0.0	0.0
	0.0	1.0	0.0	0.0
	1.0	0.0	0.0	0.0
	0.04	0.24	0.71	0.0
	0.14	0.14	0.72	0.0
	0.0	1.0	0.0	0.0
	0.0	0.08	0.0	0.92
	0.0	0.0	1.0	0.0
	0.0	0.0	1.0	0.0
	1.0	0.0	0.0	0.0
	0.0	0.0	1.0	0.0
	0.0	0.0	0.14	0.86
	0.0	0.0	1.0	0.0
	0.0	1.0	0.0	0.0
	0.86	0.0	0.0	0.14
	0.0	0.0	1.0	0.0

MEME version 4

ALPHABET= ACGT

MOTIF chr17:40022912-40022922

letter-probability matrix: alength= 4 w= 10
	0.5	0.0	0.36	0.14
	0.0	0.0	1.0	0.0
	0.08	0.68	0.24	0.0
	0.0	0.93	0.0	0.07
	0.03	0.0	0.27	0.7
	0.07	0.0	0.93	0.0
	0.0	0.0	1.0	0.0
	0.0	0.01	0.99	0.0
	0.08	0.85	0.0	0.07
	0.27	0.15	0.45	0.13

MEME version 4

ALPHABET= ACGT

MOTIF chr17:40101003-40101028

letter-probability matrix: alength= 4 w= 25
	0.0	1.0	0.0	0.0
	0.0	0.14	0.0	0.86
	0.0	1.0	0.0	0.0
	0.0	0.0	0.14	0.86
	0.0	0.0	1.0	0.0
	0.0	0.28	0.0	0.72
	0.0	0.25	0.0	0.75
	0.21	0.0	0.79	0.0
	0.0	1.0	0.0	0.0
	0.0	1.0	0.0	0.0
	0.0	1.0	0.0	0.0
	1.0	0.0	0.0	0.0
	0.04	0.24	0.71	0.0
	0.14	0.14	0.72	0.0
	0.0	1.0	0.0	0.0
	0.0	0.08	0.0	0.92
	0.0	0.0	1.0	0.0
	0.0	0.0	1.0	0.0
	1.0	0.0	0.0	0.0
	0.0	0.0	1.0	0.0
	0.0	0.0	0.14	0.86
	0.0	0.0	1.0	0.0
	0.0	1.0	0.0	0.0
	0.86	0.0	0.0	0.14
	0.0	0.0	1.0	0.0

MEME version 4

ALPHABET= ACGT

MOTIF chr9:140063310-140063320

letter-probability matrix: alength= 4 w= 10
	0.5	0.0	0.36	0.14
	0.0	0.0	1.0	0.0
	0.08	0.68	0.24	0.0
	0.0	0.93	0.0	0.07
	0.03	0.0	0.27	0.7
	0.07	0.0	0.93	0.0
	0.0	0.0	1.0	0.0
	0.0	0.01	0.99	0.0
	0.08	0.85	0.0	0.07
	0.27	0.15	0.45	0.13

MEME version 4

ALPHABET= ACGT

MOTIF chr9:140026419-140026444

letter-probability matrix: alength= 4 w= 25
	0.0	1.0	0.0	0.0
	0.0	0.14	0.0	0.86
	0.0	1.0	0.0	0.0
	0.0	0.0	0.14	0.86
	0.0	0.0	1.0	0.0
	0.0	0.28	0.0	0.72
	0.0	0.25	0.0	0.75
	0.21	0.0	0.79	0.0
	0.0	1.0	0.0	0.0
	0.0	1.0	0.0	0.0
	0.0	1.0	0.0	0.0
	1.0	0.0	0.0	0.0
	0.04	0.24	0.71	0.0
	0.14	0.14	0.72	0.0
	0.0	1.0	0.0	0.0
	0.0	0.08	0.0	0.92
	0.0	0.0	1.0	0.0
	0.0	0.0	1.0	0.0
	1.0	0.0	0.0	0.0
	0.0	0.0	1.0	0.0
	0.0	0.0	0.14	0.86
	0.0	0.0	1.0	0.0
	0.0	1.0	0.0	0.0
	0.86	0.0	0.0	0.14
	0.0	0.0	1.0	0.0

MEME version 4

ALPHABET= ACGT

MOTIF chr10:115594223-115594233

letter-probability matrix: alength= 4 w= 10
	0.5	0.0	0.36	0.14
	0.0	0.0	1.0	0.0
	0.08	0.68	0.24	0.0
	0.0	0.93	0.0	0.07
	0.03	0.0	0.27	0.7
	0.07	0.0	0.93	0.0
	0.0	0.0	1.0	0.0
	0.0	0.01	0.99	0.0
	0.08	0.85	0.0	0.07
	0.27	0.15	0.45	0.13

MEME version 4

ALPHABET= ACGT

MOTIF chr10:115627781-115627806

letter-probability matrix: alength= 4 w= 25
	0.0	1.0	0.0	0.0
	0.0	0.14	0.0	0.86
	0.0	1.0	0.0	0.0
	0.0	0.0	0.14	0.86
	0.0	0.0	1.0	0.0
	0.0	0.28	0.0	0.72
	0.0	0.25	0.0	0.75
	0.21	0.0	0.79	0.0
	0.0	1.0	0.0	0.0
	0.0	1.0	0.0	0.0
	0.0	1.0	0.0	0.0
	1.0	0.0	0.0	0.0
	0.04	0.24	0.71	0.0
	0.14	0.14	0.72	0.0
	0.0	1.0	0.0	0.0
	0.0	0.08	0.0	0.92
	0.0	0.0	1.0	0.0
	0.0	0.0	1.0	0.0
	1.0	0.0	0.0	0.0
	0.0	0.0	1.0	0.0
	0.0	0.0	0.14	0.86
	0.0	0.0	1.0	0.0
	0.0	1.0	0.0	0.0
	0.86	0.0	0.0	0.14
	0.0	0.0	1.0	0.0

MEME version 4

ALPHABET= ACGT

MOTIF chr3:42589216-42589226

letter-probability matrix: alength= 4 w= 10
	0.5	0.0	0.36	0.14
	0.0	0.0	1.0	0.0
	0.08	0.68	0.24	0.0
	0.0	0.93	0.0	0.07
	0.03	0.0	0.27	0.7
	0.07	0.0	0.93	0.0
	0.0	0.0	1.0	0.0
	0.0	0.01	0.99	0.0
	0.08	0.85	0.0	0.07
	0.27	0.15	0.45	0.13

MEME version 4

ALPHABET= ACGT

MOTIF chr3:42632038-42632063

letter-probability matrix: alength= 4 w= 25
	0.0	1.0	0.0	0.0
	0.0	0.14	0.0	0.86
	0.0	1.0	0.0	0.0
	0.0	0.0	0.14	0.86
	0.0	0.0	1.0	0.0
	0.0	0.28	0.0	0.72
	0.0	0.25	0.0	0.75
	0.21	0.0	0.79	0.0
	0.0	1.0	0.0	0.0
	0.0	1.0	0.0	0.0
	0.0	1.0	0.0	0.0
	1.0	0.0	0.0	0.0
	0.04	0.24	0.71	0.0
	0.14	0.14	0.72	0.0
	0.0	1.0	0.0	0.0
	0.0	0.08	0.0	0.92
	0.0	0.0	1.0	0.0
	0.0	0.0	1.0	0.0
	1.0	0.0	0.0	0.0
	0.0	0.0	1.0	0.0
	0.0	0.0	0.14	0.86
	0.0	0.0	1.0	0.0
	0.0	1.0	0.0	0.0
	0.86	0.0	0.0	0.14
	0.0	0.0	1.0	0.0

MEME version 4

ALPHABET= ACGT

MOTIF chr17:79201325-79201335

letter-probability matrix: alength= 4 w= 10
	0.5	0.0	0.36	0.14
	0.0	0.0	1.0	0.0
	0.08	0.68	0.24	0.0
	0.0	0.93	0.0	0.07
	0.03	0.0	0.27	0.7
	0.07	0.0	0.93	0.0
	0.0	0.0	1.0	0.0
	0.0	0.01	0.99	0.0
	0.08	0.85	0.0	0.07
	0.27	0.15	0.45	0.13

MEME version 4

ALPHABET= ACGT

MOTIF chr17:79184971-79184996

letter-probability matrix: alength= 4 w= 25
	0.0	1.0	0.0	0.0
	0.0	0.14	0.0	0.86
	0.0	1.0	0.0	0.0
	0.0	0.0	0.14	0.86
	0.0	0.0	1.0	0.0
	0.0	0.28	0.0	0.72
	0.0	0.25	0.0	0.75
	0.21	0.0	0.79	0.0
	0.0	1.0	0.0	0.0
	0.0	1.0	0.0	0.0
	0.0	1.0	0.0	0.0
	1.0	0.0	0.0	0.0
	0.04	0.24	0.71	0.0
	0.14	0.14	0.72	0.0
	0.0	1.0	0.0	0.0
	0.0	0.08	0.0	0.92
	0.0	0.0	1.0	0.0
	0.0	0.0	1.0	0.0
	1.0	0.0	0.0	0.0
	0.0	0.0	1.0	0.0
	0.0	0.0	0.14	0.86
	0.0	0.0	1.0	0.0
	0.0	1.0	0.0	0.0
	0.86	0.0	0.0	0.14
	0.0	0.0	1.0	0.0

MEME version 4

ALPHABET= ACGT

MOTIF chr7:66451667-66451677

letter-probability matrix: alength= 4 w= 10
	0.5	0.0	0.36	0.14
	0.0	0.0	1.0	0.0
	0.08	0.68	0.24	0.0
	0.0	0.93	0.0	0.07
	0.03	0.0	0.27	0.7
	0.07	0.0	0.93	0.0
	0.0	0.0	1.0	0.0
	0.0	0.01	0.99	0.0
	0.08	0.85	0.0	0.07
	0.27	0.15	0.45	0.13

MEME version 4

ALPHABET= ACGT

MOTIF chr7:66429201-66429226

letter-probability matrix: alength= 4 w= 25
	0.0	1.0	0.0	0.0
	0.0	0.14	0.0	0.86
	0.0	1.0	0.0	0.0
	0.0	0.0	0.14	0.86
	0.0	0.0	1.0	0.0
	0.0	0.28	0.0	0.72
	0.0	0.25	0.0	0.75
	0.21	0.0	0.79	0.0
	0.0	1.0	0.0	0.0
	0.0	1.0	0.0	0.0
	0.0	1.0	0.0	0.0
	1.0	0.0	0.0	0.0
	0.04	0.24	0.71	0.0
	0.14	0.14	0.72	0.0
	0.0	1.0	0.0	0.0
	0.0	0.08	0.0	0.92
	0.0	0.0	1.0	0.0
	0.0	0.0	1.0	0.0
	1.0	0.0	0.0	0.0
	0.0	0.0	1.0	0.0
	0.0	0.0	0.14	0.86
	0.0	0.0	1.0	0.0
	0.0	1.0	0.0	0.0
	0.86	0.0	0.0	0.14
	0.0	0.0	1.0	0.0

MEME version 4

ALPHABET= ACGT

MOTIF chr20:44601606-44601616

letter-probability matrix: alength= 4 w= 10
	0.5	0.0	0.36	0.14
	0.0	0.0	1.0	0.0
	0.08	0.68	0.24	0.0
	0.0	0.93	0.0	0.07
	0.03	0.0	0.27	0.7
	0.07	0.0	0.93	0.0
	0.0	0.0	1.0	0.0
	0.0	0.01	0.99	0.0
	0.08	0.85	0.0	0.07
	0.27	0.15	0.45	0.13

MEME version 4

ALPHABET= ACGT

MOTIF chr20:44611848-44611873

letter-probability matrix: alength= 4 w= 25
	0.0	1.0	0.0	0.0
	0.0	0.14	0.0	0.86
	0.0	1.0	0.0	0.0
	0.0	0.0	0.14	0.86
	0.0	0.0	1.0	0.0
	0.0	0.28	0.0	0.72
	0.0	0.25	0.0	0.75
	0.21	0.0	0.79	0.0
	0.0	1.0	0.0	0.0
	0.0	1.0	0.0	0.0
	0.0	1.0	0.0	0.0
	1.0	0.0	0.0	0.0
	0.04	0.24	0.71	0.0
	0.14	0.14	0.72	0.0
	0.0	1.0	0.0	0.0
	0.0	0.08	0.0	0.92
	0.0	0.0	1.0	0.0
	0.0	0.0	1.0	0.0
	1.0	0.0	0.0	0.0
	0.0	0.0	1.0	0.0
	0.0	0.0	0.14	0.86
	0.0	0.0	1.0	0.0
	0.0	1.0	0.0	0.0
	0.86	0.0	0.0	0.14
	0.0	0.0	1.0	0.0

MEME version 4

ALPHABET= ACGT

MOTIF chr20:32238315-32238325

letter-probability matrix: alength= 4 w= 10
	0.5	0.0	0.36	0.14
	0.0	0.0	1.0	0.0
	0.08	0.68	0.24	0.0
	0.0	0.93	0.0	0.07
	0.03	0.0	0.27	0.7
	0.07	0.0	0.93	0.0
	0.0	0.0	1.0	0.0
	0.0	0.01	0.99	0.0
	0.08	0.85	0.0	0.07
	0.27	0.15	0.45	0.13

MEME version 4

ALPHABET= ACGT

MOTIF chr20:32114679-32114704

letter-probability matrix: alength= 4 w= 25
	0.0	1.0	0.0	0.0
	0.0	0.14	0.0	0.86
	0.0	1.0	0.0	0.0
	0.0	0.0	0.14	0.86
	0.0	0.0	1.0	0.0
	0.0	0.28	0.0	0.72
	0.0	0.25	0.0	0.75
	0.21	0.0	0.79	0.0
	0.0	1.0	0.0	0.0
	0.0	1.0	0.0	0.0
	0.0	1.0	0.0	0.0
	1.0	0.0	0.0	0.0
	0.04	0.24	0.71	0.0
	0.14	0.14	0.72	0.0
	0.0	1.0	0.0	0.0
	0.0	0.08	0.0	0.92
	0.0	0.0	1.0	0.0
	0.0	0.0	1.0	0.0
	1.0	0.0	0.0	0.0
	0.0	0.0	1.0	0.0
	0.0	0.0	0.14	0.86
	0.0	0.0	1.0	0.0
	0.0	1.0	0.0	0.0
	0.86	0.0	0.0	0.14
	0.0	0.0	1.0	0.0

MEME version 4

ALPHABET= ACGT

MOTIF chr2:69622469-69622479

letter-probability matrix: alength= 4 w= 10
	0.5	0.0	0.36	0.14
	0.0	0.0	1.0	0.0
	0.08	0.68	0.24	0.0
	0.0	0.93	0.0	0.07
	0.03	0.0	0.27	0.7
	0.07	0.0	0.93	0.0
	0.0	0.0	1.0	0.0
	0.0	0.01	0.99	0.0
	0.08	0.85	0.0	0.07
	0.27	0.15	0.45	0.13

MEME version 4

ALPHABET= ACGT

MOTIF chr2:69684453-69684478

letter-probability matrix: alength= 4 w= 25
	0.0	1.0	0.0	0.0
	0.0	0.14	0.0	0.86
	0.0	1.0	0.0	0.0
	0.0	0.0	0.14	0.86
	0.0	0.0	1.0	0.0
	0.0	0.28	0.0	0.72
	0.0	0.25	0.0	0.75
	0.21	0.0	0.79	0.0
	0.0	1.0	0.0	0.0
	0.0	1.0	0.0	0.0
	0.0	1.0	0.0	0.0
	1.0	0.0	0.0	0.0
	0.04	0.24	0.71	0.0
	0.14	0.14	0.72	0.0
	0.0	1.0	0.0	0.0
	0.0	0.08	0.0	0.92
	0.0	0.0	1.0	0.0
	0.0	0.0	1.0	0.0
	1.0	0.0	0.0	0.0
	0.0	0.0	1.0	0.0
	0.0	0.0	0.14	0.86
	0.0	0.0	1.0	0.0
	0.0	1.0	0.0	0.0
	0.86	0.0	0.0	0.14
	0.0	0.0	1.0	0.0

MEME version 4

ALPHABET= ACGT

MOTIF chr7:143050062-143050072

letter-probability matrix: alength= 4 w= 10
	0.5	0.0	0.36	0.14
	0.0	0.0	1.0	0.0
	0.08	0.68	0.24	0.0
	0.0	0.93	0.0	0.07
	0.03	0.0	0.27	0.7
	0.07	0.0	0.93	0.0
	0.0	0.0	1.0	0.0
	0.0	0.01	0.99	0.0
	0.08	0.85	0.0	0.07
	0.27	0.15	0.45	0.13

MEME version 4

ALPHABET= ACGT

MOTIF chr7:143004135-143004160

letter-probability matrix: alength= 4 w= 25
	0.0	1.0	0.0	0.0
	0.0	0.14	0.0	0.86
	0.0	1.0	0.0	0.0
	0.0	0.0	0.14	0.86
	0.0	0.0	1.0	0.0
	0.0	0.28	0.0	0.72
	0.0	0.25	0.0	0.75
	0.21	0.0	0.79	0.0
	0.0	1.0	0.0	0.0
	0.0	1.0	0.0	0.0
	0.0	1.0	0.0	0.0
	1.0	0.0	0.0	0.0
	0.04	0.24	0.71	0.0
	0.14	0.14	0.72	0.0
	0.0	1.0	0.0	0.0
	0.0	0.08	0.0	0.92
	0.0	0.0	1.0	0.0
	0.0	0.0	1.0	0.0
	1.0	0.0	0.0	0.0
	0.0	0.0	1.0	0.0
	0.0	0.0	0.14	0.86
	0.0	0.0	1.0	0.0
	0.0	1.0	0.0	0.0
	0.86	0.0	0.0	0.14
	0.0	0.0	1.0	0.0

MEME version 4

ALPHABET= ACGT

MOTIF chr14:31568773-31568783

letter-probability matrix: alength= 4 w= 10
	0.5	0.0	0.36	0.14
	0.0	0.0	1.0	0.0
	0.08	0.68	0.24	0.0
	0.0	0.93	0.0	0.07
	0.03	0.0	0.27	0.7
	0.07	0.0	0.93	0.0
	0.0	0.0	1.0	0.0
	0.0	0.01	0.99	0.0
	0.08	0.85	0.0	0.07
	0.27	0.15	0.45	0.13

MEME version 4

ALPHABET= ACGT

MOTIF chr14:31682637-31682662

letter-probability matrix: alength= 4 w= 25
	0.0	1.0	0.0	0.0
	0.0	0.14	0.0	0.86
	0.0	1.0	0.0	0.0
	0.0	0.0	0.14	0.86
	0.0	0.0	1.0	0.0
	0.0	0.28	0.0	0.72
	0.0	0.25	0.0	0.75
	0.21	0.0	0.79	0.0
	0.0	1.0	0.0	0.0
	0.0	1.0	0.0	0.0
	0.0	1.0	0.0	0.0
	1.0	0.0	0.0	0.0
	0.04	0.24	0.71	0.0
	0.14	0.14	0.72	0.0
	0.0	1.0	0.0	0.0
	0.0	0.08	0.0	0.92
	0.0	0.0	1.0	0.0
	0.0	0.0	1.0	0.0
	1.0	0.0	0.0	0.0
	0.0	0.0	1.0	0.0
	0.0	0.0	0.14	0.86
	0.0	0.0	1.0	0.0
	0.0	1.0	0.0	0.0
	0.86	0.0	0.0	0.14
	0.0	0.0	1.0	0.0

MEME version 4

ALPHABET= ACGT

MOTIF chr12:133298151-133298161

letter-probability matrix: alength= 4 w= 10
	0.5	0.0	0.36	0.14
	0.0	0.0	1.0	0.0
	0.08	0.68	0.24	0.0
	0.0	0.93	0.0	0.07
	0.03	0.0	0.27	0.7
	0.07	0.0	0.93	0.0
	0.0	0.0	1.0	0.0
	0.0	0.01	0.99	0.0
	0.08	0.85	0.0	0.07
	0.27	0.15	0.45	0.13

MEME version 4

ALPHABET= ACGT

MOTIF chr12:133218209-133218234

letter-probability matrix: alength= 4 w= 25
	0.0	1.0	0.0	0.0
	0.0	0.14	0.0	0.86
	0.0	1.0	0.0	0.0
	0.0	0.0	0.14	0.86
	0.0	0.0	1.0	0.0
	0.0	0.28	0.0	0.72
	0.0	0.25	0.0	0.75
	0.21	0.0	0.79	0.0
	0.0	1.0	0.0	0.0
	0.0	1.0	0.0	0.0
	0.0	1.0	0.0	0.0
	1.0	0.0	0.0	0.0
	0.04	0.24	0.71	0.0
	0.14	0.14	0.72	0.0
	0.0	1.0	0.0	0.0
	0.0	0.08	0.0	0.92
	0.0	0.0	1.0	0.0
	0.0	0.0	1.0	0.0
	1.0	0.0	0.0	0.0
	0.0	0.0	1.0	0.0
	0.0	0.0	0.14	0.86
	0.0	0.0	1.0	0.0
	0.0	1.0	0.0	0.0
	0.86	0.0	0.0	0.14
	0.0	0.0	1.0	0.0

MEME version 4

ALPHABET= ACGT

MOTIF chr3:15485069-15485079

letter-probability matrix: alength= 4 w= 10
	0.5	0.0	0.36	0.14
	0.0	0.0	1.0	0.0
	0.08	0.68	0.24	0.0
	0.0	0.93	0.0	0.07
	0.03	0.0	0.27	0.7
	0.07	0.0	0.93	0.0
	0.0	0.0	1.0	0.0
	0.0	0.01	0.99	0.0
	0.08	0.85	0.0	0.07
	0.27	0.15	0.45	0.13

MEME version 4

ALPHABET= ACGT

MOTIF chr3:15500384-15500409

letter-probability matrix: alength= 4 w= 25
	0.0	1.0	0.0	0.0
	0.0	0.14	0.0	0.86
	0.0	1.0	0.0	0.0
	0.0	0.0	0.14	0.86
	0.0	0.0	1.0	0.0
	0.0	0.28	0.0	0.72
	0.0	0.25	0.0	0.75
	0.21	0.0	0.79	0.0
	0.0	1.0	0.0	0.0
	0.0	1.0	0.0	0.0
	0.0	1.0	0.0	0.0
	1.0	0.0	0.0	0.0
	0.04	0.24	0.71	0.0
	0.14	0.14	0.72	0.0
	0.0	1.0	0.0	0.0
	0.0	0.08	0.0	0.92
	0.0	0.0	1.0	0.0
	0.0	0.0	1.0	0.0
	1.0	0.0	0.0	0.0
	0.0	0.0	1.0	0.0
	0.0	0.0	0.14	0.86
	0.0	0.0	1.0	0.0
	0.0	1.0	0.0	0.0
	0.86	0.0	0.0	0.14
	0.0	0.0	1.0	0.0

MEME version 4

ALPHABET= ACGT

MOTIF chr20:32077606-32077616

letter-probability matrix: alength= 4 w= 10
	0.5	0.0	0.36	0.14
	0.0	0.0	1.0	0.0
	0.08	0.68	0.24	0.0
	0.0	0.93	0.0	0.07
	0.03	0.0	0.27	0.7
	0.07	0.0	0.93	0.0
	0.0	0.0	1.0	0.0
	0.0	0.01	0.99	0.0
	0.08	0.85	0.0	0.07
	0.27	0.15	0.45	0.13

MEME version 4

ALPHABET= ACGT

MOTIF chr20:32114679-32114704

letter-probability matrix: alength= 4 w= 25
	0.0	1.0	0.0	0.0
	0.0	0.14	0.0	0.86
	0.0	1.0	0.0	0.0
	0.0	0.0	0.14	0.86
	0.0	0.0	1.0	0.0
	0.0	0.28	0.0	0.72
	0.0	0.25	0.0	0.75
	0.21	0.0	0.79	0.0
	0.0	1.0	0.0	0.0
	0.0	1.0	0.0	0.0
	0.0	1.0	0.0	0.0
	1.0	0.0	0.0	0.0
	0.04	0.24	0.71	0.0
	0.14	0.14	0.72	0.0
	0.0	1.0	0.0	0.0
	0.0	0.08	0.0	0.92
	0.0	0.0	1.0	0.0
	0.0	0.0	1.0	0.0
	1.0	0.0	0.0	0.0
	0.0	0.0	1.0	0.0
	0.0	0.0	0.14	0.86
	0.0	0.0	1.0	0.0
	0.0	1.0	0.0	0.0
	0.86	0.0	0.0	0.14
	0.0	0.0	1.0	0.0

MEME version 4

ALPHABET= ACGT

MOTIF chr2:209224410-209224420

letter-probability matrix: alength= 4 w= 10
	0.5	0.0	0.36	0.14
	0.0	0.0	1.0	0.0
	0.08	0.68	0.24	0.0
	0.0	0.93	0.0	0.07
	0.03	0.0	0.27	0.7
	0.07	0.0	0.93	0.0
	0.0	0.0	1.0	0.0
	0.0	0.01	0.99	0.0
	0.08	0.85	0.0	0.07
	0.27	0.15	0.45	0.13

MEME version 4

ALPHABET= ACGT

MOTIF chr2:209149853-209149878

letter-probability matrix: alength= 4 w= 25
	0.0	1.0	0.0	0.0
	0.0	0.14	0.0	0.86
	0.0	1.0	0.0	0.0
	0.0	0.0	0.14	0.86
	0.0	0.0	1.0	0.0
	0.0	0.28	0.0	0.72
	0.0	0.25	0.0	0.75
	0.21	0.0	0.79	0.0
	0.0	1.0	0.0	0.0
	0.0	1.0	0.0	0.0
	0.0	1.0	0.0	0.0
	1.0	0.0	0.0	0.0
	0.04	0.24	0.71	0.0
	0.14	0.14	0.72	0.0
	0.0	1.0	0.0	0.0
	0.0	0.08	0.0	0.92
	0.0	0.0	1.0	0.0
	0.0	0.0	1.0	0.0
	1.0	0.0	0.0	0.0
	0.0	0.0	1.0	0.0
	0.0	0.0	0.14	0.86
	0.0	0.0	1.0	0.0
	0.0	1.0	0.0	0.0
	0.86	0.0	0.0	0.14
	0.0	0.0	1.0	0.0

MEME version 4

ALPHABET= ACGT

MOTIF chr2:24286944-24286954

letter-probability matrix: alength= 4 w= 10
	0.5	0.0	0.36	0.14
	0.0	0.0	1.0	0.0
	0.08	0.68	0.24	0.0
	0.0	0.93	0.0	0.07
	0.03	0.0	0.27	0.7
	0.07	0.0	0.93	0.0
	0.0	0.0	1.0	0.0
	0.0	0.01	0.99	0.0
	0.08	0.85	0.0	0.07
	0.27	0.15	0.45	0.13

MEME version 4

ALPHABET= ACGT

MOTIF chr2:24281030-24281055

letter-probability matrix: alength= 4 w= 25
	0.0	1.0	0.0	0.0
	0.0	0.14	0.0	0.86
	0.0	1.0	0.0	0.0
	0.0	0.0	0.14	0.86
	0.0	0.0	1.0	0.0
	0.0	0.28	0.0	0.72
	0.0	0.25	0.0	0.75
	0.21	0.0	0.79	0.0
	0.0	1.0	0.0	0.0
	0.0	1.0	0.0	0.0
	0.0	1.0	0.0	0.0
	1.0	0.0	0.0	0.0
	0.04	0.24	0.71	0.0
	0.14	0.14	0.72	0.0
	0.0	1.0	0.0	0.0
	0.0	0.08	0.0	0.92
	0.0	0.0	1.0	0.0
	0.0	0.0	1.0	0.0
	1.0	0.0	0.0	0.0
	0.0	0.0	1.0	0.0
	0.0	0.0	0.14	0.86
	0.0	0.0	1.0	0.0
	0.0	1.0	0.0	0.0
	0.86	0.0	0.0	0.14
	0.0	0.0	1.0	0.0

MEME version 4

ALPHABET= ACGT

MOTIF chr19:55692126-55692136

letter-probability matrix: alength= 4 w= 10
	0.5	0.0	0.36	0.14
	0.0	0.0	1.0	0.0
	0.08	0.68	0.24	0.0
	0.0	0.93	0.0	0.07
	0.03	0.0	0.27	0.7
	0.07	0.0	0.93	0.0
	0.0	0.0	1.0	0.0
	0.0	0.01	0.99	0.0
	0.08	0.85	0.0	0.07
	0.27	0.15	0.45	0.13

MEME version 4

ALPHABET= ACGT

MOTIF chr19:55696396-55696421

letter-probability matrix: alength= 4 w= 25
	0.0	1.0	0.0	0.0
	0.0	0.14	0.0	0.86
	0.0	1.0	0.0	0.0
	0.0	0.0	0.14	0.86
	0.0	0.0	1.0	0.0
	0.0	0.28	0.0	0.72
	0.0	0.25	0.0	0.75
	0.21	0.0	0.79	0.0
	0.0	1.0	0.0	0.0
	0.0	1.0	0.0	0.0
	0.0	1.0	0.0	0.0
	1.0	0.0	0.0	0.0
	0.04	0.24	0.71	0.0
	0.14	0.14	0.72	0.0
	0.0	1.0	0.0	0.0
	0.0	0.08	0.0	0.92
	0.0	0.0	1.0	0.0
	0.0	0.0	1.0	0.0
	1.0	0.0	0.0	0.0
	0.0	0.0	1.0	0.0
	0.0	0.0	0.14	0.86
	0.0	0.0	1.0	0.0
	0.0	1.0	0.0	0.0
	0.86	0.0	0.0	0.14
	0.0	0.0	1.0	0.0

MEME version 4

ALPHABET= ACGT

MOTIF chr1:29137688-29137698

letter-probability matrix: alength= 4 w= 10
	0.5	0.0	0.36	0.14
	0.0	0.0	1.0	0.0
	0.08	0.68	0.24	0.0
	0.0	0.93	0.0	0.07
	0.03	0.0	0.27	0.7
	0.07	0.0	0.93	0.0
	0.0	0.0	1.0	0.0
	0.0	0.01	0.99	0.0
	0.08	0.85	0.0	0.07
	0.27	0.15	0.45	0.13

MEME version 4

ALPHABET= ACGT

MOTIF chr1:29112926-29112951

letter-probability matrix: alength= 4 w= 25
	0.0	1.0	0.0	0.0
	0.0	0.14	0.0	0.86
	0.0	1.0	0.0	0.0
	0.0	0.0	0.14	0.86
	0.0	0.0	1.0	0.0
	0.0	0.28	0.0	0.72
	0.0	0.25	0.0	0.75
	0.21	0.0	0.79	0.0
	0.0	1.0	0.0	0.0
	0.0	1.0	0.0	0.0
	0.0	1.0	0.0	0.0
	1.0	0.0	0.0	0.0
	0.04	0.24	0.71	0.0
	0.14	0.14	0.72	0.0
	0.0	1.0	0.0	0.0
	0.0	0.08	0.0	0.92
	0.0	0.0	1.0	0.0
	0.0	0.0	1.0	0.0
	1.0	0.0	0.0	0.0
	0.0	0.0	1.0	0.0
	0.0	0.0	0.14	0.86
	0.0	0.0	1.0	0.0
	0.0	1.0	0.0	0.0
	0.86	0.0	0.0	0.14
	0.0	0.0	1.0	0.0

MEME version 4

ALPHABET= ACGT

MOTIF chr16:67264054-67264064

letter-probability matrix: alength= 4 w= 10
	0.5	0.0	0.36	0.14
	0.0	0.0	1.0	0.0
	0.08	0.68	0.24	0.0
	0.0	0.93	0.0	0.07
	0.03	0.0	0.27	0.7
	0.07	0.0	0.93	0.0
	0.0	0.0	1.0	0.0
	0.0	0.01	0.99	0.0
	0.08	0.85	0.0	0.07
	0.27	0.15	0.45	0.13

MEME version 4

ALPHABET= ACGT

MOTIF chr16:67254223-67254248

letter-probability matrix: alength= 4 w= 25
	0.0	1.0	0.0	0.0
	0.0	0.14	0.0	0.86
	0.0	1.0	0.0	0.0
	0.0	0.0	0.14	0.86
	0.0	0.0	1.0	0.0
	0.0	0.28	0.0	0.72
	0.0	0.25	0.0	0.75
	0.21	0.0	0.79	0.0
	0.0	1.0	0.0	0.0
	0.0	1.0	0.0	0.0
	0.0	1.0	0.0	0.0
	1.0	0.0	0.0	0.0
	0.04	0.24	0.71	0.0
	0.14	0.14	0.72	0.0
	0.0	1.0	0.0	0.0
	0.0	0.08	0.0	0.92
	0.0	0.0	1.0	0.0
	0.0	0.0	1.0	0.0
	1.0	0.0	0.0	0.0
	0.0	0.0	1.0	0.0
	0.0	0.0	0.14	0.86
	0.0	0.0	1.0	0.0
	0.0	1.0	0.0	0.0
	0.86	0.0	0.0	0.14
	0.0	0.0	1.0	0.0

MEME version 4

ALPHABET= ACGT

MOTIF chr12:58016950-58016960

letter-probability matrix: alength= 4 w= 10
	0.5	0.0	0.36	0.14
	0.0	0.0	1.0	0.0
	0.08	0.68	0.24	0.0
	0.0	0.93	0.0	0.07
	0.03	0.0	0.27	0.7
	0.07	0.0	0.93	0.0
	0.0	0.0	1.0	0.0
	0.0	0.01	0.99	0.0
	0.08	0.85	0.0	0.07
	0.27	0.15	0.45	0.13

MEME version 4

ALPHABET= ACGT

MOTIF chr12:58017654-58017679

letter-probability matrix: alength= 4 w= 25
	0.0	1.0	0.0	0.0
	0.0	0.14	0.0	0.86
	0.0	1.0	0.0	0.0
	0.0	0.0	0.14	0.86
	0.0	0.0	1.0	0.0
	0.0	0.28	0.0	0.72
	0.0	0.25	0.0	0.75
	0.21	0.0	0.79	0.0
	0.0	1.0	0.0	0.0
	0.0	1.0	0.0	0.0
	0.0	1.0	0.0	0.0
	1.0	0.0	0.0	0.0
	0.04	0.24	0.71	0.0
	0.14	0.14	0.72	0.0
	0.0	1.0	0.0	0.0
	0.0	0.08	0.0	0.92
	0.0	0.0	1.0	0.0
	0.0	0.0	1.0	0.0
	1.0	0.0	0.0	0.0
	0.0	0.0	1.0	0.0
	0.0	0.0	0.14	0.86
	0.0	0.0	1.0	0.0
	0.0	1.0	0.0	0.0
	0.86	0.0	0.0	0.14
	0.0	0.0	1.0	0.0

MEME version 4

ALPHABET= ACGT

MOTIF chr16:19533596-19533606

letter-probability matrix: alength= 4 w= 10
	0.5	0.0	0.36	0.14
	0.0	0.0	1.0	0.0
	0.08	0.68	0.24	0.0
	0.0	0.93	0.0	0.07
	0.03	0.0	0.27	0.7
	0.07	0.0	0.93	0.0
	0.0	0.0	1.0	0.0
	0.0	0.01	0.99	0.0
	0.08	0.85	0.0	0.07
	0.27	0.15	0.45	0.13

MEME version 4

ALPHABET= ACGT

MOTIF chr16:19566031-19566056

letter-probability matrix: alength= 4 w= 25
	0.0	1.0	0.0	0.0
	0.0	0.14	0.0	0.86
	0.0	1.0	0.0	0.0
	0.0	0.0	0.14	0.86
	0.0	0.0	1.0	0.0
	0.0	0.28	0.0	0.72
	0.0	0.25	0.0	0.75
	0.21	0.0	0.79	0.0
	0.0	1.0	0.0	0.0
	0.0	1.0	0.0	0.0
	0.0	1.0	0.0	0.0
	1.0	0.0	0.0	0.0
	0.04	0.24	0.71	0.0
	0.14	0.14	0.72	0.0
	0.0	1.0	0.0	0.0
	0.0	0.08	0.0	0.92
	0.0	0.0	1.0	0.0
	0.0	0.0	1.0	0.0
	1.0	0.0	0.0	0.0
	0.0	0.0	1.0	0.0
	0.0	0.0	0.14	0.86
	0.0	0.0	1.0	0.0
	0.0	1.0	0.0	0.0
	0.86	0.0	0.0	0.14
	0.0	0.0	1.0	0.0

MEME version 4

ALPHABET= ACGT

MOTIF chr16:18802360-18802370

letter-probability matrix: alength= 4 w= 10
	0.5	0.0	0.36	0.14
	0.0	0.0	1.0	0.0
	0.08	0.68	0.24	0.0
	0.0	0.93	0.0	0.07
	0.03	0.0	0.27	0.7
	0.07	0.0	0.93	0.0
	0.0	0.0	1.0	0.0
	0.0	0.01	0.99	0.0
	0.08	0.85	0.0	0.07
	0.27	0.15	0.45	0.13

MEME version 4

ALPHABET= ACGT

MOTIF chr16:18829257-18829282

letter-probability matrix: alength= 4 w= 25
	0.0	1.0	0.0	0.0
	0.0	0.14	0.0	0.86
	0.0	1.0	0.0	0.0
	0.0	0.0	0.14	0.86
	0.0	0.0	1.0	0.0
	0.0	0.28	0.0	0.72
	0.0	0.25	0.0	0.75
	0.21	0.0	0.79	0.0
	0.0	1.0	0.0	0.0
	0.0	1.0	0.0	0.0
	0.0	1.0	0.0	0.0
	1.0	0.0	0.0	0.0
	0.04	0.24	0.71	0.0
	0.14	0.14	0.72	0.0
	0.0	1.0	0.0	0.0
	0.0	0.08	0.0	0.92
	0.0	0.0	1.0	0.0
	0.0	0.0	1.0	0.0
	1.0	0.0	0.0	0.0
	0.0	0.0	1.0	0.0
	0.0	0.0	0.14	0.86
	0.0	0.0	1.0	0.0
	0.0	1.0	0.0	0.0
	0.86	0.0	0.0	0.14
	0.0	0.0	1.0	0.0

MEME version 4

ALPHABET= ACGT

MOTIF chr4:103715327-103715337

letter-probability matrix: alength= 4 w= 10
	0.5	0.0	0.36	0.14
	0.0	0.0	1.0	0.0
	0.08	0.68	0.24	0.0
	0.0	0.93	0.0	0.07
	0.03	0.0	0.27	0.7
	0.07	0.0	0.93	0.0
	0.0	0.0	1.0	0.0
	0.0	0.01	0.99	0.0
	0.08	0.85	0.0	0.07
	0.27	0.15	0.45	0.13

MEME version 4

ALPHABET= ACGT

MOTIF chr4:103776350-103776375

letter-probability matrix: alength= 4 w= 25
	0.0	1.0	0.0	0.0
	0.0	0.14	0.0	0.86
	0.0	1.0	0.0	0.0
	0.0	0.0	0.14	0.86
	0.0	0.0	1.0	0.0
	0.0	0.28	0.0	0.72
	0.0	0.25	0.0	0.75
	0.21	0.0	0.79	0.0
	0.0	1.0	0.0	0.0
	0.0	1.0	0.0	0.0
	0.0	1.0	0.0	0.0
	1.0	0.0	0.0	0.0
	0.04	0.24	0.71	0.0
	0.14	0.14	0.72	0.0
	0.0	1.0	0.0	0.0
	0.0	0.08	0.0	0.92
	0.0	0.0	1.0	0.0
	0.0	0.0	1.0	0.0
	1.0	0.0	0.0	0.0
	0.0	0.0	1.0	0.0
	0.0	0.0	0.14	0.86
	0.0	0.0	1.0	0.0
	0.0	1.0	0.0	0.0
	0.86	0.0	0.0	0.14
	0.0	0.0	1.0	0.0

MEME version 4

ALPHABET= ACGT

MOTIF chr19:14170109-14170119

letter-probability matrix: alength= 4 w= 10
	0.5	0.0	0.36	0.14
	0.0	0.0	1.0	0.0
	0.08	0.68	0.24	0.0
	0.0	0.93	0.0	0.07
	0.03	0.0	0.27	0.7
	0.07	0.0	0.93	0.0
	0.0	0.0	1.0	0.0
	0.0	0.01	0.99	0.0
	0.08	0.85	0.0	0.07
	0.27	0.15	0.45	0.13

MEME version 4

ALPHABET= ACGT

MOTIF chr19:14177390-14177415

letter-probability matrix: alength= 4 w= 25
	0.0	1.0	0.0	0.0
	0.0	0.14	0.0	0.86
	0.0	1.0	0.0	0.0
	0.0	0.0	0.14	0.86
	0.0	0.0	1.0	0.0
	0.0	0.28	0.0	0.72
	0.0	0.25	0.0	0.75
	0.21	0.0	0.79	0.0
	0.0	1.0	0.0	0.0
	0.0	1.0	0.0	0.0
	0.0	1.0	0.0	0.0
	1.0	0.0	0.0	0.0
	0.04	0.24	0.71	0.0
	0.14	0.14	0.72	0.0
	0.0	1.0	0.0	0.0
	0.0	0.08	0.0	0.92
	0.0	0.0	1.0	0.0
	0.0	0.0	1.0	0.0
	1.0	0.0	0.0	0.0
	0.0	0.0	1.0	0.0
	0.0	0.0	0.14	0.86
	0.0	0.0	1.0	0.0
	0.0	1.0	0.0	0.0
	0.86	0.0	0.0	0.14
	0.0	0.0	1.0	0.0

MEME version 4

ALPHABET= ACGT

MOTIF chr1:161148650-161148660

letter-probability matrix: alength= 4 w= 10
	0.5	0.0	0.36	0.14
	0.0	0.0	1.0	0.0
	0.08	0.68	0.24	0.0
	0.0	0.93	0.0	0.07
	0.03	0.0	0.27	0.7
	0.07	0.0	0.93	0.0
	0.0	0.0	1.0	0.0
	0.0	0.01	0.99	0.0
	0.08	0.85	0.0	0.07
	0.27	0.15	0.45	0.13

MEME version 4

ALPHABET= ACGT

MOTIF chr1:161124474-161124499

letter-probability matrix: alength= 4 w= 25
	0.0	1.0	0.0	0.0
	0.0	0.14	0.0	0.86
	0.0	1.0	0.0	0.0
	0.0	0.0	0.14	0.86
	0.0	0.0	1.0	0.0
	0.0	0.28	0.0	0.72
	0.0	0.25	0.0	0.75
	0.21	0.0	0.79	0.0
	0.0	1.0	0.0	0.0
	0.0	1.0	0.0	0.0
	0.0	1.0	0.0	0.0
	1.0	0.0	0.0	0.0
	0.04	0.24	0.71	0.0
	0.14	0.14	0.72	0.0
	0.0	1.0	0.0	0.0
	0.0	0.08	0.0	0.92
	0.0	0.0	1.0	0.0
	0.0	0.0	1.0	0.0
	1.0	0.0	0.0	0.0
	0.0	0.0	1.0	0.0
	0.0	0.0	0.14	0.86
	0.0	0.0	1.0	0.0
	0.0	1.0	0.0	0.0
	0.86	0.0	0.0	0.14
	0.0	0.0	1.0	0.0

MEME version 4

ALPHABET= ACGT

MOTIF chr7:75676550-75676560

letter-probability matrix: alength= 4 w= 10
	0.5	0.0	0.36	0.14
	0.0	0.0	1.0	0.0
	0.08	0.68	0.24	0.0
	0.0	0.93	0.0	0.07
	0.03	0.0	0.27	0.7
	0.07	0.0	0.93	0.0
	0.0	0.0	1.0	0.0
	0.0	0.01	0.99	0.0
	0.08	0.85	0.0	0.07
	0.27	0.15	0.45	0.13

MEME version 4

ALPHABET= ACGT

MOTIF chr7:75648821-75648846

letter-probability matrix: alength= 4 w= 25
	0.0	1.0	0.0	0.0
	0.0	0.14	0.0	0.86
	0.0	1.0	0.0	0.0
	0.0	0.0	0.14	0.86
	0.0	0.0	1.0	0.0
	0.0	0.28	0.0	0.72
	0.0	0.25	0.0	0.75
	0.21	0.0	0.79	0.0
	0.0	1.0	0.0	0.0
	0.0	1.0	0.0	0.0
	0.0	1.0	0.0	0.0
	1.0	0.0	0.0	0.0
	0.04	0.24	0.71	0.0
	0.14	0.14	0.72	0.0
	0.0	1.0	0.0	0.0
	0.0	0.08	0.0	0.92
	0.0	0.0	1.0	0.0
	0.0	0.0	1.0	0.0
	1.0	0.0	0.0	0.0
	0.0	0.0	1.0	0.0
	0.0	0.0	0.14	0.86
	0.0	0.0	1.0	0.0
	0.0	1.0	0.0	0.0
	0.86	0.0	0.0	0.14
	0.0	0.0	1.0	0.0

MEME version 4

ALPHABET= ACGT

MOTIF chr5:112211507-112211517

letter-probability matrix: alength= 4 w= 10
	0.5	0.0	0.36	0.14
	0.0	0.0	1.0	0.0
	0.08	0.68	0.24	0.0
	0.0	0.93	0.0	0.07
	0.03	0.0	0.27	0.7
	0.07	0.0	0.93	0.0
	0.0	0.0	1.0	0.0
	0.0	0.01	0.99	0.0
	0.08	0.85	0.0	0.07
	0.27	0.15	0.45	0.13

MEME version 4

ALPHABET= ACGT

MOTIF chr5:112276411-112276436

letter-probability matrix: alength= 4 w= 25
	0.0	1.0	0.0	0.0
	0.0	0.14	0.0	0.86
	0.0	1.0	0.0	0.0
	0.0	0.0	0.14	0.86
	0.0	0.0	1.0	0.0
	0.0	0.28	0.0	0.72
	0.0	0.25	0.0	0.75
	0.21	0.0	0.79	0.0
	0.0	1.0	0.0	0.0
	0.0	1.0	0.0	0.0
	0.0	1.0	0.0	0.0
	1.0	0.0	0.0	0.0
	0.04	0.24	0.71	0.0
	0.14	0.14	0.72	0.0
	0.0	1.0	0.0	0.0
	0.0	0.08	0.0	0.92
	0.0	0.0	1.0	0.0
	0.0	0.0	1.0	0.0
	1.0	0.0	0.0	0.0
	0.0	0.0	1.0	0.0
	0.0	0.0	0.14	0.86
	0.0	0.0	1.0	0.0
	0.0	1.0	0.0	0.0
	0.86	0.0	0.0	0.14
	0.0	0.0	1.0	0.0

MEME version 4

ALPHABET= ACGT

MOTIF chr12:82752035-82752045

letter-probability matrix: alength= 4 w= 10
	0.5	0.0	0.36	0.14
	0.0	0.0	1.0	0.0
	0.08	0.68	0.24	0.0
	0.0	0.93	0.0	0.07
	0.03	0.0	0.27	0.7
	0.07	0.0	0.93	0.0
	0.0	0.0	1.0	0.0
	0.0	0.01	0.99	0.0
	0.08	0.85	0.0	0.07
	0.27	0.15	0.45	0.13

MEME version 4

ALPHABET= ACGT

MOTIF chr12:82744243-82744268

letter-probability matrix: alength= 4 w= 25
	0.0	1.0	0.0	0.0
	0.0	0.14	0.0	0.86
	0.0	1.0	0.0	0.0
	0.0	0.0	0.14	0.86
	0.0	0.0	1.0	0.0
	0.0	0.28	0.0	0.72
	0.0	0.25	0.0	0.75
	0.21	0.0	0.79	0.0
	0.0	1.0	0.0	0.0
	0.0	1.0	0.0	0.0
	0.0	1.0	0.0	0.0
	1.0	0.0	0.0	0.0
	0.04	0.24	0.71	0.0
	0.14	0.14	0.72	0.0
	0.0	1.0	0.0	0.0
	0.0	0.08	0.0	0.92
	0.0	0.0	1.0	0.0
	0.0	0.0	1.0	0.0
	1.0	0.0	0.0	0.0
	0.0	0.0	1.0	0.0
	0.0	0.0	0.14	0.86
	0.0	0.0	1.0	0.0
	0.0	1.0	0.0	0.0
	0.86	0.0	0.0	0.14
	0.0	0.0	1.0	0.0

MEME version 4

ALPHABET= ACGT

MOTIF chr13:31736606-31736616

letter-probability matrix: alength= 4 w= 10
	0.5	0.0	0.36	0.14
	0.0	0.0	1.0	0.0
	0.08	0.68	0.24	0.0
	0.0	0.93	0.0	0.07
	0.03	0.0	0.27	0.7
	0.07	0.0	0.93	0.0
	0.0	0.0	1.0	0.0
	0.0	0.01	0.99	0.0
	0.08	0.85	0.0	0.07
	0.27	0.15	0.45	0.13

MEME version 4

ALPHABET= ACGT

MOTIF chr13:31753620-31753645

letter-probability matrix: alength= 4 w= 25
	0.0	1.0	0.0	0.0
	0.0	0.14	0.0	0.86
	0.0	1.0	0.0	0.0
	0.0	0.0	0.14	0.86
	0.0	0.0	1.0	0.0
	0.0	0.28	0.0	0.72
	0.0	0.25	0.0	0.75
	0.21	0.0	0.79	0.0
	0.0	1.0	0.0	0.0
	0.0	1.0	0.0	0.0
	0.0	1.0	0.0	0.0
	1.0	0.0	0.0	0.0
	0.04	0.24	0.71	0.0
	0.14	0.14	0.72	0.0
	0.0	1.0	0.0	0.0
	0.0	0.08	0.0	0.92
	0.0	0.0	1.0	0.0
	0.0	0.0	1.0	0.0
	1.0	0.0	0.0	0.0
	0.0	0.0	1.0	0.0
	0.0	0.0	0.14	0.86
	0.0	0.0	1.0	0.0
	0.0	1.0	0.0	0.0
	0.86	0.0	0.0	0.14
	0.0	0.0	1.0	0.0

MEME version 4

ALPHABET= ACGT

MOTIF chr19:17434604-17434614

letter-probability matrix: alength= 4 w= 10
	0.5	0.0	0.36	0.14
	0.0	0.0	1.0	0.0
	0.08	0.68	0.24	0.0
	0.0	0.93	0.0	0.07
	0.03	0.0	0.27	0.7
	0.07	0.0	0.93	0.0
	0.0	0.0	1.0	0.0
	0.0	0.01	0.99	0.0
	0.08	0.85	0.0	0.07
	0.27	0.15	0.45	0.13

MEME version 4

ALPHABET= ACGT

MOTIF chr19:17443089-17443114

letter-probability matrix: alength= 4 w= 25
	0.0	1.0	0.0	0.0
	0.0	0.14	0.0	0.86
	0.0	1.0	0.0	0.0
	0.0	0.0	0.14	0.86
	0.0	0.0	1.0	0.0
	0.0	0.28	0.0	0.72
	0.0	0.25	0.0	0.75
	0.21	0.0	0.79	0.0
	0.0	1.0	0.0	0.0
	0.0	1.0	0.0	0.0
	0.0	1.0	0.0	0.0
	1.0	0.0	0.0	0.0
	0.04	0.24	0.71	0.0
	0.14	0.14	0.72	0.0
	0.0	1.0	0.0	0.0
	0.0	0.08	0.0	0.92
	0.0	0.0	1.0	0.0
	0.0	0.0	1.0	0.0
	1.0	0.0	0.0	0.0
	0.0	0.0	1.0	0.0
	0.0	0.0	0.14	0.86
	0.0	0.0	1.0	0.0
	0.0	1.0	0.0	0.0
	0.86	0.0	0.0	0.14
	0.0	0.0	1.0	0.0

MEME version 4

ALPHABET= ACGT

MOTIF chr2:24272210-24272220

letter-probability matrix: alength= 4 w= 10
	0.5	0.0	0.36	0.14
	0.0	0.0	1.0	0.0
	0.08	0.68	0.24	0.0
	0.0	0.93	0.0	0.07
	0.03	0.0	0.27	0.7
	0.07	0.0	0.93	0.0
	0.0	0.0	1.0	0.0
	0.0	0.01	0.99	0.0
	0.08	0.85	0.0	0.07
	0.27	0.15	0.45	0.13

MEME version 4

ALPHABET= ACGT

MOTIF chr2:24281030-24281055

letter-probability matrix: alength= 4 w= 25
	0.0	1.0	0.0	0.0
	0.0	0.14	0.0	0.86
	0.0	1.0	0.0	0.0
	0.0	0.0	0.14	0.86
	0.0	0.0	1.0	0.0
	0.0	0.28	0.0	0.72
	0.0	0.25	0.0	0.75
	0.21	0.0	0.79	0.0
	0.0	1.0	0.0	0.0
	0.0	1.0	0.0	0.0
	0.0	1.0	0.0	0.0
	1.0	0.0	0.0	0.0
	0.04	0.24	0.71	0.0
	0.14	0.14	0.72	0.0
	0.0	1.0	0.0	0.0
	0.0	0.08	0.0	0.92
	0.0	0.0	1.0	0.0
	0.0	0.0	1.0	0.0
	1.0	0.0	0.0	0.0
	0.0	0.0	1.0	0.0
	0.0	0.0	0.14	0.86
	0.0	0.0	1.0	0.0
	0.0	1.0	0.0	0.0
	0.86	0.0	0.0	0.14
	0.0	0.0	1.0	0.0

MEME version 4

ALPHABET= ACGT

MOTIF chr5:112258734-112258744

letter-probability matrix: alength= 4 w= 10
	0.5	0.0	0.36	0.14
	0.0	0.0	1.0	0.0
	0.08	0.68	0.24	0.0
	0.0	0.93	0.0	0.07
	0.03	0.0	0.27	0.7
	0.07	0.0	0.93	0.0
	0.0	0.0	1.0	0.0
	0.0	0.01	0.99	0.0
	0.08	0.85	0.0	0.07
	0.27	0.15	0.45	0.13

MEME version 4

ALPHABET= ACGT

MOTIF chr5:112276411-112276436

letter-probability matrix: alength= 4 w= 25
	0.0	1.0	0.0	0.0
	0.0	0.14	0.0	0.86
	0.0	1.0	0.0	0.0
	0.0	0.0	0.14	0.86
	0.0	0.0	1.0	0.0
	0.0	0.28	0.0	0.72
	0.0	0.25	0.0	0.75
	0.21	0.0	0.79	0.0
	0.0	1.0	0.0	0.0
	0.0	1.0	0.0	0.0
	0.0	1.0	0.0	0.0
	1.0	0.0	0.0	0.0
	0.04	0.24	0.71	0.0
	0.14	0.14	0.72	0.0
	0.0	1.0	0.0	0.0
	0.0	0.08	0.0	0.92
	0.0	0.0	1.0	0.0
	0.0	0.0	1.0	0.0
	1.0	0.0	0.0	0.0
	0.0	0.0	1.0	0.0
	0.0	0.0	0.14	0.86
	0.0	0.0	1.0	0.0
	0.0	1.0	0.0	0.0
	0.86	0.0	0.0	0.14
	0.0	0.0	1.0	0.0

MEME version 4

ALPHABET= ACGT

MOTIF chr9:103063820-103063830

letter-probability matrix: alength= 4 w= 10
	0.5	0.0	0.36	0.14
	0.0	0.0	1.0	0.0
	0.08	0.68	0.24	0.0
	0.0	0.93	0.0	0.07
	0.03	0.0	0.27	0.7
	0.07	0.0	0.93	0.0
	0.0	0.0	1.0	0.0
	0.0	0.01	0.99	0.0
	0.08	0.85	0.0	0.07
	0.27	0.15	0.45	0.13

MEME version 4

ALPHABET= ACGT

MOTIF chr9:103139162-103139187

letter-probability matrix: alength= 4 w= 25
	0.0	1.0	0.0	0.0
	0.0	0.14	0.0	0.86
	0.0	1.0	0.0	0.0
	0.0	0.0	0.14	0.86
	0.0	0.0	1.0	0.0
	0.0	0.28	0.0	0.72
	0.0	0.25	0.0	0.75
	0.21	0.0	0.79	0.0
	0.0	1.0	0.0	0.0
	0.0	1.0	0.0	0.0
	0.0	1.0	0.0	0.0
	1.0	0.0	0.0	0.0
	0.04	0.24	0.71	0.0
	0.14	0.14	0.72	0.0
	0.0	1.0	0.0	0.0
	0.0	0.08	0.0	0.92
	0.0	0.0	1.0	0.0
	0.0	0.0	1.0	0.0
	1.0	0.0	0.0	0.0
	0.0	0.0	1.0	0.0
	0.0	0.0	0.14	0.86
	0.0	0.0	1.0	0.0
	0.0	1.0	0.0	0.0
	0.86	0.0	0.0	0.14
	0.0	0.0	1.0	0.0

MEME version 4

ALPHABET= ACGT

MOTIF chr4:103810879-103810889

letter-probability matrix: alength= 4 w= 10
	0.5	0.0	0.36	0.14
	0.0	0.0	1.0	0.0
	0.08	0.68	0.24	0.0
	0.0	0.93	0.0	0.07
	0.03	0.0	0.27	0.7
	0.07	0.0	0.93	0.0
	0.0	0.0	1.0	0.0
	0.0	0.01	0.99	0.0
	0.08	0.85	0.0	0.07
	0.27	0.15	0.45	0.13

MEME version 4

ALPHABET= ACGT

MOTIF chr4:103776350-103776375

letter-probability matrix: alength= 4 w= 25
	0.0	1.0	0.0	0.0
	0.0	0.14	0.0	0.86
	0.0	1.0	0.0	0.0
	0.0	0.0	0.14	0.86
	0.0	0.0	1.0	0.0
	0.0	0.28	0.0	0.72
	0.0	0.25	0.0	0.75
	0.21	0.0	0.79	0.0
	0.0	1.0	0.0	0.0
	0.0	1.0	0.0	0.0
	0.0	1.0	0.0	0.0
	1.0	0.0	0.0	0.0
	0.04	0.24	0.71	0.0
	0.14	0.14	0.72	0.0
	0.0	1.0	0.0	0.0
	0.0	0.08	0.0	0.92
	0.0	0.0	1.0	0.0
	0.0	0.0	1.0	0.0
	1.0	0.0	0.0	0.0
	0.0	0.0	1.0	0.0
	0.0	0.0	0.14	0.86
	0.0	0.0	1.0	0.0
	0.0	1.0	0.0	0.0
	0.86	0.0	0.0	0.14
	0.0	0.0	1.0	0.0

MEME version 4

ALPHABET= ACGT

MOTIF chr10:43880414-43880424

letter-probability matrix: alength= 4 w= 10
	0.5	0.0	0.36	0.14
	0.0	0.0	1.0	0.0
	0.08	0.68	0.24	0.0
	0.0	0.93	0.0	0.07
	0.03	0.0	0.27	0.7
	0.07	0.0	0.93	0.0
	0.0	0.0	1.0	0.0
	0.0	0.01	0.99	0.0
	0.08	0.85	0.0	0.07
	0.27	0.15	0.45	0.13

MEME version 4

ALPHABET= ACGT

MOTIF chr10:43908421-43908446

letter-probability matrix: alength= 4 w= 25
	0.0	1.0	0.0	0.0
	0.0	0.14	0.0	0.86
	0.0	1.0	0.0	0.0
	0.0	0.0	0.14	0.86
	0.0	0.0	1.0	0.0
	0.0	0.28	0.0	0.72
	0.0	0.25	0.0	0.75
	0.21	0.0	0.79	0.0
	0.0	1.0	0.0	0.0
	0.0	1.0	0.0	0.0
	0.0	1.0	0.0	0.0
	1.0	0.0	0.0	0.0
	0.04	0.24	0.71	0.0
	0.14	0.14	0.72	0.0
	0.0	1.0	0.0	0.0
	0.0	0.08	0.0	0.92
	0.0	0.0	1.0	0.0
	0.0	0.0	1.0	0.0
	1.0	0.0	0.0	0.0
	0.0	0.0	1.0	0.0
	0.0	0.0	0.14	0.86
	0.0	0.0	1.0	0.0
	0.0	1.0	0.0	0.0
	0.86	0.0	0.0	0.14
	0.0	0.0	1.0	0.0

MEME version 4

ALPHABET= ACGT

MOTIF chr2:68685919-68685929

letter-probability matrix: alength= 4 w= 10
	0.5	0.0	0.36	0.14
	0.0	0.0	1.0	0.0
	0.08	0.68	0.24	0.0
	0.0	0.93	0.0	0.07
	0.03	0.0	0.27	0.7
	0.07	0.0	0.93	0.0
	0.0	0.0	1.0	0.0
	0.0	0.01	0.99	0.0
	0.08	0.85	0.0	0.07
	0.27	0.15	0.45	0.13

MEME version 4

ALPHABET= ACGT

MOTIF chr2:68709807-68709832

letter-probability matrix: alength= 4 w= 25
	0.0	1.0	0.0	0.0
	0.0	0.14	0.0	0.86
	0.0	1.0	0.0	0.0
	0.0	0.0	0.14	0.86
	0.0	0.0	1.0	0.0
	0.0	0.28	0.0	0.72
	0.0	0.25	0.0	0.75
	0.21	0.0	0.79	0.0
	0.0	1.0	0.0	0.0
	0.0	1.0	0.0	0.0
	0.0	1.0	0.0	0.0
	1.0	0.0	0.0	0.0
	0.04	0.24	0.71	0.0
	0.14	0.14	0.72	0.0
	0.0	1.0	0.0	0.0
	0.0	0.08	0.0	0.92
	0.0	0.0	1.0	0.0
	0.0	0.0	1.0	0.0
	1.0	0.0	0.0	0.0
	0.0	0.0	1.0	0.0
	0.0	0.0	0.14	0.86
	0.0	0.0	1.0	0.0
	0.0	1.0	0.0	0.0
	0.86	0.0	0.0	0.14
	0.0	0.0	1.0	0.0

MEME version 4

ALPHABET= ACGT

MOTIF chr1:23698908-23698918

letter-probability matrix: alength= 4 w= 10
	0.5	0.0	0.36	0.14
	0.0	0.0	1.0	0.0
	0.08	0.68	0.24	0.0
	0.0	0.93	0.0	0.07
	0.03	0.0	0.27	0.7
	0.07	0.0	0.93	0.0
	0.0	0.0	1.0	0.0
	0.0	0.01	0.99	0.0
	0.08	0.85	0.0	0.07
	0.27	0.15	0.45	0.13

MEME version 4

ALPHABET= ACGT

MOTIF chr1:23708573-23708598

letter-probability matrix: alength= 4 w= 25
	0.0	1.0	0.0	0.0
	0.0	0.14	0.0	0.86
	0.0	1.0	0.0	0.0
	0.0	0.0	0.14	0.86
	0.0	0.0	1.0	0.0
	0.0	0.28	0.0	0.72
	0.0	0.25	0.0	0.75
	0.21	0.0	0.79	0.0
	0.0	1.0	0.0	0.0
	0.0	1.0	0.0	0.0
	0.0	1.0	0.0	0.0
	1.0	0.0	0.0	0.0
	0.04	0.24	0.71	0.0
	0.14	0.14	0.72	0.0
	0.0	1.0	0.0	0.0
	0.0	0.08	0.0	0.92
	0.0	0.0	1.0	0.0
	0.0	0.0	1.0	0.0
	1.0	0.0	0.0	0.0
	0.0	0.0	1.0	0.0
	0.0	0.0	0.14	0.86
	0.0	0.0	1.0	0.0
	0.0	1.0	0.0	0.0
	0.86	0.0	0.0	0.14
	0.0	0.0	1.0	0.0

MEME version 4

ALPHABET= ACGT

MOTIF chr7:25159323-25159333

letter-probability matrix: alength= 4 w= 10
	0.5	0.0	0.36	0.14
	0.0	0.0	1.0	0.0
	0.08	0.68	0.24	0.0
	0.0	0.93	0.0	0.07
	0.03	0.0	0.27	0.7
	0.07	0.0	0.93	0.0
	0.0	0.0	1.0	0.0
	0.0	0.01	0.99	0.0
	0.08	0.85	0.0	0.07
	0.27	0.15	0.45	0.13

MEME version 4

ALPHABET= ACGT

MOTIF chr7:25113496-25113521

letter-probability matrix: alength= 4 w= 25
	0.0	1.0	0.0	0.0
	0.0	0.14	0.0	0.86
	0.0	1.0	0.0	0.0
	0.0	0.0	0.14	0.86
	0.0	0.0	1.0	0.0
	0.0	0.28	0.0	0.72
	0.0	0.25	0.0	0.75
	0.21	0.0	0.79	0.0
	0.0	1.0	0.0	0.0
	0.0	1.0	0.0	0.0
	0.0	1.0	0.0	0.0
	1.0	0.0	0.0	0.0
	0.04	0.24	0.71	0.0
	0.14	0.14	0.72	0.0
	0.0	1.0	0.0	0.0
	0.0	0.08	0.0	0.92
	0.0	0.0	1.0	0.0
	0.0	0.0	1.0	0.0
	1.0	0.0	0.0	0.0
	0.0	0.0	1.0	0.0
	0.0	0.0	0.14	0.86
	0.0	0.0	1.0	0.0
	0.0	1.0	0.0	0.0
	0.86	0.0	0.0	0.14
	0.0	0.0	1.0	0.0

MEME version 4

ALPHABET= ACGT

MOTIF chr20:43946328-43946338

letter-probability matrix: alength= 4 w= 10
	0.5	0.0	0.36	0.14
	0.0	0.0	1.0	0.0
	0.08	0.68	0.24	0.0
	0.0	0.93	0.0	0.07
	0.03	0.0	0.27	0.7
	0.07	0.0	0.93	0.0
	0.0	0.0	1.0	0.0
	0.0	0.01	0.99	0.0
	0.08	0.85	0.0	0.07
	0.27	0.15	0.45	0.13

MEME version 4

ALPHABET= ACGT

MOTIF chr20:43945615-43945640

letter-probability matrix: alength= 4 w= 25
	0.0	1.0	0.0	0.0
	0.0	0.14	0.0	0.86
	0.0	1.0	0.0	0.0
	0.0	0.0	0.14	0.86
	0.0	0.0	1.0	0.0
	0.0	0.28	0.0	0.72
	0.0	0.25	0.0	0.75
	0.21	0.0	0.79	0.0
	0.0	1.0	0.0	0.0
	0.0	1.0	0.0	0.0
	0.0	1.0	0.0	0.0
	1.0	0.0	0.0	0.0
	0.04	0.24	0.71	0.0
	0.14	0.14	0.72	0.0
	0.0	1.0	0.0	0.0
	0.0	0.08	0.0	0.92
	0.0	0.0	1.0	0.0
	0.0	0.0	1.0	0.0
	1.0	0.0	0.0	0.0
	0.0	0.0	1.0	0.0
	0.0	0.0	0.14	0.86
	0.0	0.0	1.0	0.0
	0.0	1.0	0.0	0.0
	0.86	0.0	0.0	0.14
	0.0	0.0	1.0	0.0

MEME version 4

ALPHABET= ACGT

MOTIF chrX:129319484-129319494

letter-probability matrix: alength= 4 w= 10
	0.5	0.0	0.36	0.14
	0.0	0.0	1.0	0.0
	0.08	0.68	0.24	0.0
	0.0	0.93	0.0	0.07
	0.03	0.0	0.27	0.7
	0.07	0.0	0.93	0.0
	0.0	0.0	1.0	0.0
	0.0	0.01	0.99	0.0
	0.08	0.85	0.0	0.07
	0.27	0.15	0.45	0.13

MEME version 4

ALPHABET= ACGT

MOTIF chrX:129273637-129273662

letter-probability matrix: alength= 4 w= 25
	0.0	1.0	0.0	0.0
	0.0	0.14	0.0	0.86
	0.0	1.0	0.0	0.0
	0.0	0.0	0.14	0.86
	0.0	0.0	1.0	0.0
	0.0	0.28	0.0	0.72
	0.0	0.25	0.0	0.75
	0.21	0.0	0.79	0.0
	0.0	1.0	0.0	0.0
	0.0	1.0	0.0	0.0
	0.0	1.0	0.0	0.0
	1.0	0.0	0.0	0.0
	0.04	0.24	0.71	0.0
	0.14	0.14	0.72	0.0
	0.0	1.0	0.0	0.0
	0.0	0.08	0.0	0.92
	0.0	0.0	1.0	0.0
	0.0	0.0	1.0	0.0
	1.0	0.0	0.0	0.0
	0.0	0.0	1.0	0.0
	0.0	0.0	0.14	0.86
	0.0	0.0	1.0	0.0
	0.0	1.0	0.0	0.0
	0.86	0.0	0.0	0.14
	0.0	0.0	1.0	0.0

MEME version 4

ALPHABET= ACGT

MOTIF chr15:91359073-91359083

letter-probability matrix: alength= 4 w= 10
	0.5	0.0	0.36	0.14
	0.0	0.0	1.0	0.0
	0.08	0.68	0.24	0.0
	0.0	0.93	0.0	0.07
	0.03	0.0	0.27	0.7
	0.07	0.0	0.93	0.0
	0.0	0.0	1.0	0.0
	0.0	0.01	0.99	0.0
	0.08	0.85	0.0	0.07
	0.27	0.15	0.45	0.13

MEME version 4

ALPHABET= ACGT

MOTIF chr15:91240126-91240151

letter-probability matrix: alength= 4 w= 25
	0.0	1.0	0.0	0.0
	0.0	0.14	0.0	0.86
	0.0	1.0	0.0	0.0
	0.0	0.0	0.14	0.86
	0.0	0.0	1.0	0.0
	0.0	0.28	0.0	0.72
	0.0	0.25	0.0	0.75
	0.21	0.0	0.79	0.0
	0.0	1.0	0.0	0.0
	0.0	1.0	0.0	0.0
	0.0	1.0	0.0	0.0
	1.0	0.0	0.0	0.0
	0.04	0.24	0.71	0.0
	0.14	0.14	0.72	0.0
	0.0	1.0	0.0	0.0
	0.0	0.08	0.0	0.92
	0.0	0.0	1.0	0.0
	0.0	0.0	1.0	0.0
	1.0	0.0	0.0	0.0
	0.0	0.0	1.0	0.0
	0.0	0.0	0.14	0.86
	0.0	0.0	1.0	0.0
	0.0	1.0	0.0	0.0
	0.86	0.0	0.0	0.14
	0.0	0.0	1.0	0.0

MEME version 4

ALPHABET= ACGT

MOTIF chr20:43150802-43150812

letter-probability matrix: alength= 4 w= 10
	0.5	0.0	0.36	0.14
	0.0	0.0	1.0	0.0
	0.08	0.68	0.24	0.0
	0.0	0.93	0.0	0.07
	0.03	0.0	0.27	0.7
	0.07	0.0	0.93	0.0
	0.0	0.0	1.0	0.0
	0.0	0.01	0.99	0.0
	0.08	0.85	0.0	0.07
	0.27	0.15	0.45	0.13

MEME version 4

ALPHABET= ACGT

MOTIF chr20:43165604-43165629

letter-probability matrix: alength= 4 w= 25
	0.0	1.0	0.0	0.0
	0.0	0.14	0.0	0.86
	0.0	1.0	0.0	0.0
	0.0	0.0	0.14	0.86
	0.0	0.0	1.0	0.0
	0.0	0.28	0.0	0.72
	0.0	0.25	0.0	0.75
	0.21	0.0	0.79	0.0
	0.0	1.0	0.0	0.0
	0.0	1.0	0.0	0.0
	0.0	1.0	0.0	0.0
	1.0	0.0	0.0	0.0
	0.04	0.24	0.71	0.0
	0.14	0.14	0.72	0.0
	0.0	1.0	0.0	0.0
	0.0	0.08	0.0	0.92
	0.0	0.0	1.0	0.0
	0.0	0.0	1.0	0.0
	1.0	0.0	0.0	0.0
	0.0	0.0	1.0	0.0
	0.0	0.0	0.14	0.86
	0.0	0.0	1.0	0.0
	0.0	1.0	0.0	0.0
	0.86	0.0	0.0	0.14
	0.0	0.0	1.0	0.0

MEME version 4

ALPHABET= ACGT

MOTIF chr7:2392992-2393002

letter-probability matrix: alength= 4 w= 10
	0.5	0.0	0.36	0.14
	0.0	0.0	1.0	0.0
	0.08	0.68	0.24	0.0
	0.0	0.93	0.0	0.07
	0.03	0.0	0.27	0.7
	0.07	0.0	0.93	0.0
	0.0	0.0	1.0	0.0
	0.0	0.01	0.99	0.0
	0.08	0.85	0.0	0.07
	0.27	0.15	0.45	0.13

MEME version 4

ALPHABET= ACGT

MOTIF chr7:2370206-2370231

letter-probability matrix: alength= 4 w= 25
	0.0	1.0	0.0	0.0
	0.0	0.14	0.0	0.86
	0.0	1.0	0.0	0.0
	0.0	0.0	0.14	0.86
	0.0	0.0	1.0	0.0
	0.0	0.28	0.0	0.72
	0.0	0.25	0.0	0.75
	0.21	0.0	0.79	0.0
	0.0	1.0	0.0	0.0
	0.0	1.0	0.0	0.0
	0.0	1.0	0.0	0.0
	1.0	0.0	0.0	0.0
	0.04	0.24	0.71	0.0
	0.14	0.14	0.72	0.0
	0.0	1.0	0.0	0.0
	0.0	0.08	0.0	0.92
	0.0	0.0	1.0	0.0
	0.0	0.0	1.0	0.0
	1.0	0.0	0.0	0.0
	0.0	0.0	1.0	0.0
	0.0	0.0	0.14	0.86
	0.0	0.0	1.0	0.0
	0.0	1.0	0.0	0.0
	0.86	0.0	0.0	0.14
	0.0	0.0	1.0	0.0

MEME version 4

ALPHABET= ACGT

MOTIF chr19:33168020-33168030

letter-probability matrix: alength= 4 w= 10
	0.5	0.0	0.36	0.14
	0.0	0.0	1.0	0.0
	0.08	0.68	0.24	0.0
	0.0	0.93	0.0	0.07
	0.03	0.0	0.27	0.7
	0.07	0.0	0.93	0.0
	0.0	0.0	1.0	0.0
	0.0	0.01	0.99	0.0
	0.08	0.85	0.0	0.07
	0.27	0.15	0.45	0.13

MEME version 4

ALPHABET= ACGT

MOTIF chr19:33179235-33179260

letter-probability matrix: alength= 4 w= 25
	0.0	1.0	0.0	0.0
	0.0	0.14	0.0	0.86
	0.0	1.0	0.0	0.0
	0.0	0.0	0.14	0.86
	0.0	0.0	1.0	0.0
	0.0	0.28	0.0	0.72
	0.0	0.25	0.0	0.75
	0.21	0.0	0.79	0.0
	0.0	1.0	0.0	0.0
	0.0	1.0	0.0	0.0
	0.0	1.0	0.0	0.0
	1.0	0.0	0.0	0.0
	0.04	0.24	0.71	0.0
	0.14	0.14	0.72	0.0
	0.0	1.0	0.0	0.0
	0.0	0.08	0.0	0.92
	0.0	0.0	1.0	0.0
	0.0	0.0	1.0	0.0
	1.0	0.0	0.0	0.0
	0.0	0.0	1.0	0.0
	0.0	0.0	0.14	0.86
	0.0	0.0	1.0	0.0
	0.0	1.0	0.0	0.0
	0.86	0.0	0.0	0.14
	0.0	0.0	1.0	0.0

MEME version 4

ALPHABET= ACGT

MOTIF chr16:19512669-19512679

letter-probability matrix: alength= 4 w= 10
	0.5	0.0	0.36	0.14
	0.0	0.0	1.0	0.0
	0.08	0.68	0.24	0.0
	0.0	0.93	0.0	0.07
	0.03	0.0	0.27	0.7
	0.07	0.0	0.93	0.0
	0.0	0.0	1.0	0.0
	0.0	0.01	0.99	0.0
	0.08	0.85	0.0	0.07
	0.27	0.15	0.45	0.13

MEME version 4

ALPHABET= ACGT

MOTIF chr16:19566031-19566056

letter-probability matrix: alength= 4 w= 25
	0.0	1.0	0.0	0.0
	0.0	0.14	0.0	0.86
	0.0	1.0	0.0	0.0
	0.0	0.0	0.14	0.86
	0.0	0.0	1.0	0.0
	0.0	0.28	0.0	0.72
	0.0	0.25	0.0	0.75
	0.21	0.0	0.79	0.0
	0.0	1.0	0.0	0.0
	0.0	1.0	0.0	0.0
	0.0	1.0	0.0	0.0
	1.0	0.0	0.0	0.0
	0.04	0.24	0.71	0.0
	0.14	0.14	0.72	0.0
	0.0	1.0	0.0	0.0
	0.0	0.08	0.0	0.92
	0.0	0.0	1.0	0.0
	0.0	0.0	1.0	0.0
	1.0	0.0	0.0	0.0
	0.0	0.0	1.0	0.0
	0.0	0.0	0.14	0.86
	0.0	0.0	1.0	0.0
	0.0	1.0	0.0	0.0
	0.86	0.0	0.0	0.14
	0.0	0.0	1.0	0.0

MEME version 4

ALPHABET= ACGT

MOTIF chr9:103115596-103115606

letter-probability matrix: alength= 4 w= 10
	0.5	0.0	0.36	0.14
	0.0	0.0	1.0	0.0
	0.08	0.68	0.24	0.0
	0.0	0.93	0.0	0.07
	0.03	0.0	0.27	0.7
	0.07	0.0	0.93	0.0
	0.0	0.0	1.0	0.0
	0.0	0.01	0.99	0.0
	0.08	0.85	0.0	0.07
	0.27	0.15	0.45	0.13

MEME version 4

ALPHABET= ACGT

MOTIF chr9:103139162-103139187

letter-probability matrix: alength= 4 w= 25
	0.0	1.0	0.0	0.0
	0.0	0.14	0.0	0.86
	0.0	1.0	0.0	0.0
	0.0	0.0	0.14	0.86
	0.0	0.0	1.0	0.0
	0.0	0.28	0.0	0.72
	0.0	0.25	0.0	0.75
	0.21	0.0	0.79	0.0
	0.0	1.0	0.0	0.0
	0.0	1.0	0.0	0.0
	0.0	1.0	0.0	0.0
	1.0	0.0	0.0	0.0
	0.04	0.24	0.71	0.0
	0.14	0.14	0.72	0.0
	0.0	1.0	0.0	0.0
	0.0	0.08	0.0	0.92
	0.0	0.0	1.0	0.0
	0.0	0.0	1.0	0.0
	1.0	0.0	0.0	0.0
	0.0	0.0	1.0	0.0
	0.0	0.0	0.14	0.86
	0.0	0.0	1.0	0.0
	0.0	1.0	0.0	0.0
	0.86	0.0	0.0	0.14
	0.0	0.0	1.0	0.0

MEME version 4

ALPHABET= ACGT

MOTIF chr9:79010401-79010411

letter-probability matrix: alength= 4 w= 10
	0.5	0.0	0.36	0.14
	0.0	0.0	1.0	0.0
	0.08	0.68	0.24	0.0
	0.0	0.93	0.0	0.07
	0.03	0.0	0.27	0.7
	0.07	0.0	0.93	0.0
	0.0	0.0	1.0	0.0
	0.0	0.01	0.99	0.0
	0.08	0.85	0.0	0.07
	0.27	0.15	0.45	0.13

MEME version 4

ALPHABET= ACGT

MOTIF chr9:79027732-79027757

letter-probability matrix: alength= 4 w= 25
	0.0	1.0	0.0	0.0
	0.0	0.14	0.0	0.86
	0.0	1.0	0.0	0.0
	0.0	0.0	0.14	0.86
	0.0	0.0	1.0	0.0
	0.0	0.28	0.0	0.72
	0.0	0.25	0.0	0.75
	0.21	0.0	0.79	0.0
	0.0	1.0	0.0	0.0
	0.0	1.0	0.0	0.0
	0.0	1.0	0.0	0.0
	1.0	0.0	0.0	0.0
	0.04	0.24	0.71	0.0
	0.14	0.14	0.72	0.0
	0.0	1.0	0.0	0.0
	0.0	0.08	0.0	0.92
	0.0	0.0	1.0	0.0
	0.0	0.0	1.0	0.0
	1.0	0.0	0.0	0.0
	0.0	0.0	1.0	0.0
	0.0	0.0	0.14	0.86
	0.0	0.0	1.0	0.0
	0.0	1.0	0.0	0.0
	0.86	0.0	0.0	0.14
	0.0	0.0	1.0	0.0

MEME version 4

ALPHABET= ACGT

MOTIF chr16:67260833-67260843

letter-probability matrix: alength= 4 w= 10
	0.5	0.0	0.36	0.14
	0.0	0.0	1.0	0.0
	0.08	0.68	0.24	0.0
	0.0	0.93	0.0	0.07
	0.03	0.0	0.27	0.7
	0.07	0.0	0.93	0.0
	0.0	0.0	1.0	0.0
	0.0	0.01	0.99	0.0
	0.08	0.85	0.0	0.07
	0.27	0.15	0.45	0.13

MEME version 4

ALPHABET= ACGT

MOTIF chr16:67254223-67254248

letter-probability matrix: alength= 4 w= 25
	0.0	1.0	0.0	0.0
	0.0	0.14	0.0	0.86
	0.0	1.0	0.0	0.0
	0.0	0.0	0.14	0.86
	0.0	0.0	1.0	0.0
	0.0	0.28	0.0	0.72
	0.0	0.25	0.0	0.75
	0.21	0.0	0.79	0.0
	0.0	1.0	0.0	0.0
	0.0	1.0	0.0	0.0
	0.0	1.0	0.0	0.0
	1.0	0.0	0.0	0.0
	0.04	0.24	0.71	0.0
	0.14	0.14	0.72	0.0
	0.0	1.0	0.0	0.0
	0.0	0.08	0.0	0.92
	0.0	0.0	1.0	0.0
	0.0	0.0	1.0	0.0
	1.0	0.0	0.0	0.0
	0.0	0.0	1.0	0.0
	0.0	0.0	0.14	0.86
	0.0	0.0	1.0	0.0
	0.0	1.0	0.0	0.0
	0.86	0.0	0.0	0.14
	0.0	0.0	1.0	0.0

MEME version 4

ALPHABET= ACGT

MOTIF chr4:74860565-74860575

letter-probability matrix: alength= 4 w= 10
	0.5	0.0	0.36	0.14
	0.0	0.0	1.0	0.0
	0.08	0.68	0.24	0.0
	0.0	0.93	0.0	0.07
	0.03	0.0	0.27	0.7
	0.07	0.0	0.93	0.0
	0.0	0.0	1.0	0.0
	0.0	0.01	0.99	0.0
	0.08	0.85	0.0	0.07
	0.27	0.15	0.45	0.13

MEME version 4

ALPHABET= ACGT

MOTIF chr4:74853611-74853636

letter-probability matrix: alength= 4 w= 25
	0.0	1.0	0.0	0.0
	0.0	0.14	0.0	0.86
	0.0	1.0	0.0	0.0
	0.0	0.0	0.14	0.86
	0.0	0.0	1.0	0.0
	0.0	0.28	0.0	0.72
	0.0	0.25	0.0	0.75
	0.21	0.0	0.79	0.0
	0.0	1.0	0.0	0.0
	0.0	1.0	0.0	0.0
	0.0	1.0	0.0	0.0
	1.0	0.0	0.0	0.0
	0.04	0.24	0.71	0.0
	0.14	0.14	0.72	0.0
	0.0	1.0	0.0	0.0
	0.0	0.08	0.0	0.92
	0.0	0.0	1.0	0.0
	0.0	0.0	1.0	0.0
	1.0	0.0	0.0	0.0
	0.0	0.0	1.0	0.0
	0.0	0.0	0.14	0.86
	0.0	0.0	1.0	0.0
	0.0	1.0	0.0	0.0
	0.86	0.0	0.0	0.14
	0.0	0.0	1.0	0.0

MEME version 4

ALPHABET= ACGT

MOTIF chr2:209100585-209100595

letter-probability matrix: alength= 4 w= 10
	0.5	0.0	0.36	0.14
	0.0	0.0	1.0	0.0
	0.08	0.68	0.24	0.0
	0.0	0.93	0.0	0.07
	0.03	0.0	0.27	0.7
	0.07	0.0	0.93	0.0
	0.0	0.0	1.0	0.0
	0.0	0.01	0.99	0.0
	0.08	0.85	0.0	0.07
	0.27	0.15	0.45	0.13

MEME version 4

ALPHABET= ACGT

MOTIF chr2:209149853-209149878

letter-probability matrix: alength= 4 w= 25
	0.0	1.0	0.0	0.0
	0.0	0.14	0.0	0.86
	0.0	1.0	0.0	0.0
	0.0	0.0	0.14	0.86
	0.0	0.0	1.0	0.0
	0.0	0.28	0.0	0.72
	0.0	0.25	0.0	0.75
	0.21	0.0	0.79	0.0
	0.0	1.0	0.0	0.0
	0.0	1.0	0.0	0.0
	0.0	1.0	0.0	0.0
	1.0	0.0	0.0	0.0
	0.04	0.24	0.71	0.0
	0.14	0.14	0.72	0.0
	0.0	1.0	0.0	0.0
	0.0	0.08	0.0	0.92
	0.0	0.0	1.0	0.0
	0.0	0.0	1.0	0.0
	1.0	0.0	0.0	0.0
	0.0	0.0	1.0	0.0
	0.0	0.0	0.14	0.86
	0.0	0.0	1.0	0.0
	0.0	1.0	0.0	0.0
	0.86	0.0	0.0	0.14
	0.0	0.0	1.0	0.0

MEME version 4

ALPHABET= ACGT

MOTIF chr16:20861867-20861877

letter-probability matrix: alength= 4 w= 10
	0.5	0.0	0.36	0.14
	0.0	0.0	1.0	0.0
	0.08	0.68	0.24	0.0
	0.0	0.93	0.0	0.07
	0.03	0.0	0.27	0.7
	0.07	0.0	0.93	0.0
	0.0	0.0	1.0	0.0
	0.0	0.01	0.99	0.0
	0.08	0.85	0.0	0.07
	0.27	0.15	0.45	0.13

MEME version 4

ALPHABET= ACGT

MOTIF chr16:20849287-20849312

letter-probability matrix: alength= 4 w= 25
	0.0	1.0	0.0	0.0
	0.0	0.14	0.0	0.86
	0.0	1.0	0.0	0.0
	0.0	0.0	0.14	0.86
	0.0	0.0	1.0	0.0
	0.0	0.28	0.0	0.72
	0.0	0.25	0.0	0.75
	0.21	0.0	0.79	0.0
	0.0	1.0	0.0	0.0
	0.0	1.0	0.0	0.0
	0.0	1.0	0.0	0.0
	1.0	0.0	0.0	0.0
	0.04	0.24	0.71	0.0
	0.14	0.14	0.72	0.0
	0.0	1.0	0.0	0.0
	0.0	0.08	0.0	0.92
	0.0	0.0	1.0	0.0
	0.0	0.0	1.0	0.0
	1.0	0.0	0.0	0.0
	0.0	0.0	1.0	0.0
	0.0	0.0	0.14	0.86
	0.0	0.0	1.0	0.0
	0.0	1.0	0.0	0.0
	0.86	0.0	0.0	0.14
	0.0	0.0	1.0	0.0

MEME version 4

ALPHABET= ACGT

MOTIF chr1:204485197-204485207

letter-probability matrix: alength= 4 w= 10
	0.5	0.0	0.36	0.14
	0.0	0.0	1.0	0.0
	0.08	0.68	0.24	0.0
	0.0	0.93	0.0	0.07
	0.03	0.0	0.27	0.7
	0.07	0.0	0.93	0.0
	0.0	0.0	1.0	0.0
	0.0	0.01	0.99	0.0
	0.08	0.85	0.0	0.07
	0.27	0.15	0.45	0.13

MEME version 4

ALPHABET= ACGT

MOTIF chr1:204477585-204477610

letter-probability matrix: alength= 4 w= 25
	0.0	1.0	0.0	0.0
	0.0	0.14	0.0	0.86
	0.0	1.0	0.0	0.0
	0.0	0.0	0.14	0.86
	0.0	0.0	1.0	0.0
	0.0	0.28	0.0	0.72
	0.0	0.25	0.0	0.75
	0.21	0.0	0.79	0.0
	0.0	1.0	0.0	0.0
	0.0	1.0	0.0	0.0
	0.0	1.0	0.0	0.0
	1.0	0.0	0.0	0.0
	0.04	0.24	0.71	0.0
	0.14	0.14	0.72	0.0
	0.0	1.0	0.0	0.0
	0.0	0.08	0.0	0.92
	0.0	0.0	1.0	0.0
	0.0	0.0	1.0	0.0
	1.0	0.0	0.0	0.0
	0.0	0.0	1.0	0.0
	0.0	0.0	0.14	0.86
	0.0	0.0	1.0	0.0
	0.0	1.0	0.0	0.0
	0.86	0.0	0.0	0.14
	0.0	0.0	1.0	0.0

MEME version 4

ALPHABET= ACGT

MOTIF chr17:79633355-79633365

letter-probability matrix: alength= 4 w= 10
	0.5	0.0	0.36	0.14
	0.0	0.0	1.0	0.0
	0.08	0.68	0.24	0.0
	0.0	0.93	0.0	0.07
	0.03	0.0	0.27	0.7
	0.07	0.0	0.93	0.0
	0.0	0.0	1.0	0.0
	0.0	0.01	0.99	0.0
	0.08	0.85	0.0	0.07
	0.27	0.15	0.45	0.13

MEME version 4

ALPHABET= ACGT

MOTIF chr17:79612512-79612537

letter-probability matrix: alength= 4 w= 25
	0.0	1.0	0.0	0.0
	0.0	0.14	0.0	0.86
	0.0	1.0	0.0	0.0
	0.0	0.0	0.14	0.86
	0.0	0.0	1.0	0.0
	0.0	0.28	0.0	0.72
	0.0	0.25	0.0	0.75
	0.21	0.0	0.79	0.0
	0.0	1.0	0.0	0.0
	0.0	1.0	0.0	0.0
	0.0	1.0	0.0	0.0
	1.0	0.0	0.0	0.0
	0.04	0.24	0.71	0.0
	0.14	0.14	0.72	0.0
	0.0	1.0	0.0	0.0
	0.0	0.08	0.0	0.92
	0.0	0.0	1.0	0.0
	0.0	0.0	1.0	0.0
	1.0	0.0	0.0	0.0
	0.0	0.0	1.0	0.0
	0.0	0.0	0.14	0.86
	0.0	0.0	1.0	0.0
	0.0	1.0	0.0	0.0
	0.86	0.0	0.0	0.14
	0.0	0.0	1.0	0.0

MEME version 4

ALPHABET= ACGT

MOTIF chr15:64679552-64679562

letter-probability matrix: alength= 4 w= 10
	0.5	0.0	0.36	0.14
	0.0	0.0	1.0	0.0
	0.08	0.68	0.24	0.0
	0.0	0.93	0.0	0.07
	0.03	0.0	0.27	0.7
	0.07	0.0	0.93	0.0
	0.0	0.0	1.0	0.0
	0.0	0.01	0.99	0.0
	0.08	0.85	0.0	0.07
	0.27	0.15	0.45	0.13

MEME version 4

ALPHABET= ACGT

MOTIF chr15:64697387-64697412

letter-probability matrix: alength= 4 w= 25
	0.0	1.0	0.0	0.0
	0.0	0.14	0.0	0.86
	0.0	1.0	0.0	0.0
	0.0	0.0	0.14	0.86
	0.0	0.0	1.0	0.0
	0.0	0.28	0.0	0.72
	0.0	0.25	0.0	0.75
	0.21	0.0	0.79	0.0
	0.0	1.0	0.0	0.0
	0.0	1.0	0.0	0.0
	0.0	1.0	0.0	0.0
	1.0	0.0	0.0	0.0
	0.04	0.24	0.71	0.0
	0.14	0.14	0.72	0.0
	0.0	1.0	0.0	0.0
	0.0	0.08	0.0	0.92
	0.0	0.0	1.0	0.0
	0.0	0.0	1.0	0.0
	1.0	0.0	0.0	0.0
	0.0	0.0	1.0	0.0
	0.0	0.0	0.14	0.86
	0.0	0.0	1.0	0.0
	0.0	1.0	0.0	0.0
	0.86	0.0	0.0	0.14
	0.0	0.0	1.0	0.0

MEME version 4

ALPHABET= ACGT

MOTIF chr3:138554216-138554226

letter-probability matrix: alength= 4 w= 10
	0.5	0.0	0.36	0.14
	0.0	0.0	1.0	0.0
	0.08	0.68	0.24	0.0
	0.0	0.93	0.0	0.07
	0.03	0.0	0.27	0.7
	0.07	0.0	0.93	0.0
	0.0	0.0	1.0	0.0
	0.0	0.01	0.99	0.0
	0.08	0.85	0.0	0.07
	0.27	0.15	0.45	0.13

MEME version 4

ALPHABET= ACGT

MOTIF chr3:138534159-138534184

letter-probability matrix: alength= 4 w= 25
	0.0	1.0	0.0	0.0
	0.0	0.14	0.0	0.86
	0.0	1.0	0.0	0.0
	0.0	0.0	0.14	0.86
	0.0	0.0	1.0	0.0
	0.0	0.28	0.0	0.72
	0.0	0.25	0.0	0.75
	0.21	0.0	0.79	0.0
	0.0	1.0	0.0	0.0
	0.0	1.0	0.0	0.0
	0.0	1.0	0.0	0.0
	1.0	0.0	0.0	0.0
	0.04	0.24	0.71	0.0
	0.14	0.14	0.72	0.0
	0.0	1.0	0.0	0.0
	0.0	0.08	0.0	0.92
	0.0	0.0	1.0	0.0
	0.0	0.0	1.0	0.0
	1.0	0.0	0.0	0.0
	0.0	0.0	1.0	0.0
	0.0	0.0	0.14	0.86
	0.0	0.0	1.0	0.0
	0.0	1.0	0.0	0.0
	0.86	0.0	0.0	0.14
	0.0	0.0	1.0	0.0

MEME version 4

ALPHABET= ACGT

MOTIF chr6:26016976-26016986

letter-probability matrix: alength= 4 w= 10
	0.5	0.0	0.36	0.14
	0.0	0.0	1.0	0.0
	0.08	0.68	0.24	0.0
	0.0	0.93	0.0	0.07
	0.03	0.0	0.27	0.7
	0.07	0.0	0.93	0.0
	0.0	0.0	1.0	0.0
	0.0	0.01	0.99	0.0
	0.08	0.85	0.0	0.07
	0.27	0.15	0.45	0.13

MEME version 4

ALPHABET= ACGT

MOTIF chr6:26007722-26007747

letter-probability matrix: alength= 4 w= 25
	0.0	1.0	0.0	0.0
	0.0	0.14	0.0	0.86
	0.0	1.0	0.0	0.0
	0.0	0.0	0.14	0.86
	0.0	0.0	1.0	0.0
	0.0	0.28	0.0	0.72
	0.0	0.25	0.0	0.75
	0.21	0.0	0.79	0.0
	0.0	1.0	0.0	0.0
	0.0	1.0	0.0	0.0
	0.0	1.0	0.0	0.0
	1.0	0.0	0.0	0.0
	0.04	0.24	0.71	0.0
	0.14	0.14	0.72	0.0
	0.0	1.0	0.0	0.0
	0.0	0.08	0.0	0.92
	0.0	0.0	1.0	0.0
	0.0	0.0	1.0	0.0
	1.0	0.0	0.0	0.0
	0.0	0.0	1.0	0.0
	0.0	0.0	0.14	0.86
	0.0	0.0	1.0	0.0
	0.0	1.0	0.0	0.0
	0.86	0.0	0.0	0.14
	0.0	0.0	1.0	0.0

MEME version 4

ALPHABET= ACGT

MOTIF chr8:105479345-105479355

letter-probability matrix: alength= 4 w= 10
	0.5	0.0	0.36	0.14
	0.0	0.0	1.0	0.0
	0.08	0.68	0.24	0.0
	0.0	0.93	0.0	0.07
	0.03	0.0	0.27	0.7
	0.07	0.0	0.93	0.0
	0.0	0.0	1.0	0.0
	0.0	0.01	0.99	0.0
	0.08	0.85	0.0	0.07
	0.27	0.15	0.45	0.13

MEME version 4

ALPHABET= ACGT

MOTIF chr8:105458238-105458263

letter-probability matrix: alength= 4 w= 25
	0.0	1.0	0.0	0.0
	0.0	0.14	0.0	0.86
	0.0	1.0	0.0	0.0
	0.0	0.0	0.14	0.86
	0.0	0.0	1.0	0.0
	0.0	0.28	0.0	0.72
	0.0	0.25	0.0	0.75
	0.21	0.0	0.79	0.0
	0.0	1.0	0.0	0.0
	0.0	1.0	0.0	0.0
	0.0	1.0	0.0	0.0
	1.0	0.0	0.0	0.0
	0.04	0.24	0.71	0.0
	0.14	0.14	0.72	0.0
	0.0	1.0	0.0	0.0
	0.0	0.08	0.0	0.92
	0.0	0.0	1.0	0.0
	0.0	0.0	1.0	0.0
	1.0	0.0	0.0	0.0
	0.0	0.0	1.0	0.0
	0.0	0.0	0.14	0.86
	0.0	0.0	1.0	0.0
	0.0	1.0	0.0	0.0
	0.86	0.0	0.0	0.14
	0.0	0.0	1.0	0.0

MEME version 4

ALPHABET= ACGT

MOTIF chr12:122326476-122326486

letter-probability matrix: alength= 4 w= 10
	0.5	0.0	0.36	0.14
	0.0	0.0	1.0	0.0
	0.08	0.68	0.24	0.0
	0.0	0.93	0.0	0.07
	0.03	0.0	0.27	0.7
	0.07	0.0	0.93	0.0
	0.0	0.0	1.0	0.0
	0.0	0.01	0.99	0.0
	0.08	0.85	0.0	0.07
	0.27	0.15	0.45	0.13

MEME version 4

ALPHABET= ACGT

MOTIF chr12:122319275-122319300

letter-probability matrix: alength= 4 w= 25
	0.0	1.0	0.0	0.0
	0.0	0.14	0.0	0.86
	0.0	1.0	0.0	0.0
	0.0	0.0	0.14	0.86
	0.0	0.0	1.0	0.0
	0.0	0.28	0.0	0.72
	0.0	0.25	0.0	0.75
	0.21	0.0	0.79	0.0
	0.0	1.0	0.0	0.0
	0.0	1.0	0.0	0.0
	0.0	1.0	0.0	0.0
	1.0	0.0	0.0	0.0
	0.04	0.24	0.71	0.0
	0.14	0.14	0.72	0.0
	0.0	1.0	0.0	0.0
	0.0	0.08	0.0	0.92
	0.0	0.0	1.0	0.0
	0.0	0.0	1.0	0.0
	1.0	0.0	0.0	0.0
	0.0	0.0	1.0	0.0
	0.0	0.0	0.14	0.86
	0.0	0.0	1.0	0.0
	0.0	1.0	0.0	0.0
	0.86	0.0	0.0	0.14
	0.0	0.0	1.0	0.0

MEME version 4

ALPHABET= ACGT

MOTIF chr11:63973628-63973638

letter-probability matrix: alength= 4 w= 10
	0.5	0.0	0.36	0.14
	0.0	0.0	1.0	0.0
	0.08	0.68	0.24	0.0
	0.0	0.93	0.0	0.07
	0.03	0.0	0.27	0.7
	0.07	0.0	0.93	0.0
	0.0	0.0	1.0	0.0
	0.0	0.01	0.99	0.0
	0.08	0.85	0.0	0.07
	0.27	0.15	0.45	0.13

MEME version 4

ALPHABET= ACGT

MOTIF chr11:63966018-63966043

letter-probability matrix: alength= 4 w= 25
	0.0	1.0	0.0	0.0
	0.0	0.14	0.0	0.86
	0.0	1.0	0.0	0.0
	0.0	0.0	0.14	0.86
	0.0	0.0	1.0	0.0
	0.0	0.28	0.0	0.72
	0.0	0.25	0.0	0.75
	0.21	0.0	0.79	0.0
	0.0	1.0	0.0	0.0
	0.0	1.0	0.0	0.0
	0.0	1.0	0.0	0.0
	1.0	0.0	0.0	0.0
	0.04	0.24	0.71	0.0
	0.14	0.14	0.72	0.0
	0.0	1.0	0.0	0.0
	0.0	0.08	0.0	0.92
	0.0	0.0	1.0	0.0
	0.0	0.0	1.0	0.0
	1.0	0.0	0.0	0.0
	0.0	0.0	1.0	0.0
	0.0	0.0	0.14	0.86
	0.0	0.0	1.0	0.0
	0.0	1.0	0.0	0.0
	0.86	0.0	0.0	0.14
	0.0	0.0	1.0	0.0

MEME version 4

ALPHABET= ACGT

MOTIF chr17:56633102-56633112

letter-probability matrix: alength= 4 w= 10
	0.5	0.0	0.36	0.14
	0.0	0.0	1.0	0.0
	0.08	0.68	0.24	0.0
	0.0	0.93	0.0	0.07
	0.03	0.0	0.27	0.7
	0.07	0.0	0.93	0.0
	0.0	0.0	1.0	0.0
	0.0	0.01	0.99	0.0
	0.08	0.85	0.0	0.07
	0.27	0.15	0.45	0.13

MEME version 4

ALPHABET= ACGT

MOTIF chr17:56774272-56774297

letter-probability matrix: alength= 4 w= 25
	0.0	1.0	0.0	0.0
	0.0	0.14	0.0	0.86
	0.0	1.0	0.0	0.0
	0.0	0.0	0.14	0.86
	0.0	0.0	1.0	0.0
	0.0	0.28	0.0	0.72
	0.0	0.25	0.0	0.75
	0.21	0.0	0.79	0.0
	0.0	1.0	0.0	0.0
	0.0	1.0	0.0	0.0
	0.0	1.0	0.0	0.0
	1.0	0.0	0.0	0.0
	0.04	0.24	0.71	0.0
	0.14	0.14	0.72	0.0
	0.0	1.0	0.0	0.0
	0.0	0.08	0.0	0.92
	0.0	0.0	1.0	0.0
	0.0	0.0	1.0	0.0
	1.0	0.0	0.0	0.0
	0.0	0.0	1.0	0.0
	0.0	0.0	0.14	0.86
	0.0	0.0	1.0	0.0
	0.0	1.0	0.0	0.0
	0.86	0.0	0.0	0.14
	0.0	0.0	1.0	0.0

MEME version 4

ALPHABET= ACGT

MOTIF chr1:247616145-247616155

letter-probability matrix: alength= 4 w= 10
	0.5	0.0	0.36	0.14
	0.0	0.0	1.0	0.0
	0.08	0.68	0.24	0.0
	0.0	0.93	0.0	0.07
	0.03	0.0	0.27	0.7
	0.07	0.0	0.93	0.0
	0.0	0.0	1.0	0.0
	0.0	0.01	0.99	0.0
	0.08	0.85	0.0	0.07
	0.27	0.15	0.45	0.13

MEME version 4

ALPHABET= ACGT

MOTIF chr1:247633105-247633130

letter-probability matrix: alength= 4 w= 25
	0.0	1.0	0.0	0.0
	0.0	0.14	0.0	0.86
	0.0	1.0	0.0	0.0
	0.0	0.0	0.14	0.86
	0.0	0.0	1.0	0.0
	0.0	0.28	0.0	0.72
	0.0	0.25	0.0	0.75
	0.21	0.0	0.79	0.0
	0.0	1.0	0.0	0.0
	0.0	1.0	0.0	0.0
	0.0	1.0	0.0	0.0
	1.0	0.0	0.0	0.0
	0.04	0.24	0.71	0.0
	0.14	0.14	0.72	0.0
	0.0	1.0	0.0	0.0
	0.0	0.08	0.0	0.92
	0.0	0.0	1.0	0.0
	0.0	0.0	1.0	0.0
	1.0	0.0	0.0	0.0
	0.0	0.0	1.0	0.0
	0.0	0.0	0.14	0.86
	0.0	0.0	1.0	0.0
	0.0	1.0	0.0	0.0
	0.86	0.0	0.0	0.14
	0.0	0.0	1.0	0.0

MEME version 4

ALPHABET= ACGT

MOTIF chr1:161135877-161135887

letter-probability matrix: alength= 4 w= 10
	0.5	0.0	0.36	0.14
	0.0	0.0	1.0	0.0
	0.08	0.68	0.24	0.0
	0.0	0.93	0.0	0.07
	0.03	0.0	0.27	0.7
	0.07	0.0	0.93	0.0
	0.0	0.0	1.0	0.0
	0.0	0.01	0.99	0.0
	0.08	0.85	0.0	0.07
	0.27	0.15	0.45	0.13

MEME version 4

ALPHABET= ACGT

MOTIF chr1:161124474-161124499

letter-probability matrix: alength= 4 w= 25
	0.0	1.0	0.0	0.0
	0.0	0.14	0.0	0.86
	0.0	1.0	0.0	0.0
	0.0	0.0	0.14	0.86
	0.0	0.0	1.0	0.0
	0.0	0.28	0.0	0.72
	0.0	0.25	0.0	0.75
	0.21	0.0	0.79	0.0
	0.0	1.0	0.0	0.0
	0.0	1.0	0.0	0.0
	0.0	1.0	0.0	0.0
	1.0	0.0	0.0	0.0
	0.04	0.24	0.71	0.0
	0.14	0.14	0.72	0.0
	0.0	1.0	0.0	0.0
	0.0	0.08	0.0	0.92
	0.0	0.0	1.0	0.0
	0.0	0.0	1.0	0.0
	1.0	0.0	0.0	0.0
	0.0	0.0	1.0	0.0
	0.0	0.0	0.14	0.86
	0.0	0.0	1.0	0.0
	0.0	1.0	0.0	0.0
	0.86	0.0	0.0	0.14
	0.0	0.0	1.0	0.0

MEME version 4

ALPHABET= ACGT

MOTIF chr17:41830315-41830325

letter-probability matrix: alength= 4 w= 10
	0.5	0.0	0.36	0.14
	0.0	0.0	1.0	0.0
	0.08	0.68	0.24	0.0
	0.0	0.93	0.0	0.07
	0.03	0.0	0.27	0.7
	0.07	0.0	0.93	0.0
	0.0	0.0	1.0	0.0
	0.0	0.01	0.99	0.0
	0.08	0.85	0.0	0.07
	0.27	0.15	0.45	0.13

MEME version 4

ALPHABET= ACGT

MOTIF chr17:41840097-41840122

letter-probability matrix: alength= 4 w= 25
	0.0	1.0	0.0	0.0
	0.0	0.14	0.0	0.86
	0.0	1.0	0.0	0.0
	0.0	0.0	0.14	0.86
	0.0	0.0	1.0	0.0
	0.0	0.28	0.0	0.72
	0.0	0.25	0.0	0.75
	0.21	0.0	0.79	0.0
	0.0	1.0	0.0	0.0
	0.0	1.0	0.0	0.0
	0.0	1.0	0.0	0.0
	1.0	0.0	0.0	0.0
	0.04	0.24	0.71	0.0
	0.14	0.14	0.72	0.0
	0.0	1.0	0.0	0.0
	0.0	0.08	0.0	0.92
	0.0	0.0	1.0	0.0
	0.0	0.0	1.0	0.0
	1.0	0.0	0.0	0.0
	0.0	0.0	1.0	0.0
	0.0	0.0	0.14	0.86
	0.0	0.0	1.0	0.0
	0.0	1.0	0.0	0.0
	0.86	0.0	0.0	0.14
	0.0	0.0	1.0	0.0

