MEME version 4

ALPHABET= ACGT

MOTIF chr18:21268547-21268557

letter-probability matrix: alength= 4 w= 10
	1.0	0.0	0.0	0.0
	1.0	0.0	0.0	0.0
	1.0	0.0	0.0	0.0
	1.0	0.0	0.0	0.0
	0.5	0.0	0.5	0.0
	1.0	0.0	0.0	0.0
	1.0	0.0	0.0	0.0
	1.0	0.0	0.0	0.0
	1.0	0.0	0.0	0.0
	1.0	0.0	0.0	0.0

MEME version 4

ALPHABET= ACGT

MOTIF chr18:21278746-21278771

letter-probability matrix: alength= 4 w= 25
	0.0	1.0	0.0	0.0
	1.0	0.0	0.0	0.0
	0.0	1.0	0.0	0.0
	0.0	1.0	0.0	0.0
	0.0	0.0	0.0	1.0
	1.0	0.0	0.0	0.0
	1.0	0.0	0.0	0.0
	0.0	0.0	1.0	0.0
	0.0	0.0	1.0	0.0
	0.0	1.0	0.0	0.0
	0.0	0.0	0.0	1.0
	0.0	0.0	1.0	0.0
	1.0	0.0	0.0	0.0
	0.0	0.0	0.0	1.0
	0.0	0.0	1.0	0.0
	1.0	0.0	0.0	0.0
	0.0	0.0	1.0	0.0
	0.0	0.0	1.0	0.0
	0.0	0.0	1.0	0.0
	0.0	1.0	0.0	0.0
	0.0	0.0	0.0	1.0
	1.0	0.0	0.0	0.0
	0.0	0.0	1.0	0.0
	0.0	1.0	0.0	0.0
	1.0	0.0	0.0	0.0

MEME version 4

ALPHABET= ACGT

MOTIF chr1:29190621-29190631

letter-probability matrix: alength= 4 w= 10
	1.0	0.0	0.0	0.0
	1.0	0.0	0.0	0.0
	1.0	0.0	0.0	0.0
	1.0	0.0	0.0	0.0
	0.5	0.0	0.5	0.0
	1.0	0.0	0.0	0.0
	1.0	0.0	0.0	0.0
	1.0	0.0	0.0	0.0
	1.0	0.0	0.0	0.0
	1.0	0.0	0.0	0.0

MEME version 4

ALPHABET= ACGT

MOTIF chr1:29101985-29102010

letter-probability matrix: alength= 4 w= 25
	0.0	1.0	0.0	0.0
	1.0	0.0	0.0	0.0
	0.0	1.0	0.0	0.0
	0.0	1.0	0.0	0.0
	0.0	0.0	0.0	1.0
	1.0	0.0	0.0	0.0
	1.0	0.0	0.0	0.0
	0.0	0.0	1.0	0.0
	0.0	0.0	1.0	0.0
	0.0	1.0	0.0	0.0
	0.0	0.0	0.0	1.0
	0.0	0.0	1.0	0.0
	1.0	0.0	0.0	0.0
	0.0	0.0	0.0	1.0
	0.0	0.0	1.0	0.0
	1.0	0.0	0.0	0.0
	0.0	0.0	1.0	0.0
	0.0	0.0	1.0	0.0
	0.0	0.0	1.0	0.0
	0.0	1.0	0.0	0.0
	0.0	0.0	0.0	1.0
	1.0	0.0	0.0	0.0
	0.0	0.0	1.0	0.0
	0.0	1.0	0.0	0.0
	1.0	0.0	0.0	0.0

MEME version 4

ALPHABET= ACGT

MOTIF chr14:31677758-31677768

letter-probability matrix: alength= 4 w= 10
	1.0	0.0	0.0	0.0
	1.0	0.0	0.0	0.0
	1.0	0.0	0.0	0.0
	1.0	0.0	0.0	0.0
	0.5	0.0	0.5	0.0
	1.0	0.0	0.0	0.0
	1.0	0.0	0.0	0.0
	1.0	0.0	0.0	0.0
	1.0	0.0	0.0	0.0
	1.0	0.0	0.0	0.0

MEME version 4

ALPHABET= ACGT

MOTIF chr14:31682568-31682593

letter-probability matrix: alength= 4 w= 25
	0.0	1.0	0.0	0.0
	1.0	0.0	0.0	0.0
	0.0	1.0	0.0	0.0
	0.0	1.0	0.0	0.0
	0.0	0.0	0.0	1.0
	1.0	0.0	0.0	0.0
	1.0	0.0	0.0	0.0
	0.0	0.0	1.0	0.0
	0.0	0.0	1.0	0.0
	0.0	1.0	0.0	0.0
	0.0	0.0	0.0	1.0
	0.0	0.0	1.0	0.0
	1.0	0.0	0.0	0.0
	0.0	0.0	0.0	1.0
	0.0	0.0	1.0	0.0
	1.0	0.0	0.0	0.0
	0.0	0.0	1.0	0.0
	0.0	0.0	1.0	0.0
	0.0	0.0	1.0	0.0
	0.0	1.0	0.0	0.0
	0.0	0.0	0.0	1.0
	1.0	0.0	0.0	0.0
	0.0	0.0	1.0	0.0
	0.0	1.0	0.0	0.0
	1.0	0.0	0.0	0.0

MEME version 4

ALPHABET= ACGT

MOTIF chr13:46528446-46528456

letter-probability matrix: alength= 4 w= 10
	1.0	0.0	0.0	0.0
	1.0	0.0	0.0	0.0
	1.0	0.0	0.0	0.0
	1.0	0.0	0.0	0.0
	0.5	0.0	0.5	0.0
	1.0	0.0	0.0	0.0
	1.0	0.0	0.0	0.0
	1.0	0.0	0.0	0.0
	1.0	0.0	0.0	0.0
	1.0	0.0	0.0	0.0

MEME version 4

ALPHABET= ACGT

MOTIF chr13:46592321-46592346

letter-probability matrix: alength= 4 w= 25
	0.0	1.0	0.0	0.0
	1.0	0.0	0.0	0.0
	0.0	1.0	0.0	0.0
	0.0	1.0	0.0	0.0
	0.0	0.0	0.0	1.0
	1.0	0.0	0.0	0.0
	1.0	0.0	0.0	0.0
	0.0	0.0	1.0	0.0
	0.0	0.0	1.0	0.0
	0.0	1.0	0.0	0.0
	0.0	0.0	0.0	1.0
	0.0	0.0	1.0	0.0
	1.0	0.0	0.0	0.0
	0.0	0.0	0.0	1.0
	0.0	0.0	1.0	0.0
	1.0	0.0	0.0	0.0
	0.0	0.0	1.0	0.0
	0.0	0.0	1.0	0.0
	0.0	0.0	1.0	0.0
	0.0	1.0	0.0	0.0
	0.0	0.0	0.0	1.0
	1.0	0.0	0.0	0.0
	0.0	0.0	1.0	0.0
	0.0	1.0	0.0	0.0
	1.0	0.0	0.0	0.0

MEME version 4

ALPHABET= ACGT

MOTIF chr8:74942271-74942281

letter-probability matrix: alength= 4 w= 10
	1.0	0.0	0.0	0.0
	1.0	0.0	0.0	0.0
	1.0	0.0	0.0	0.0
	1.0	0.0	0.0	0.0
	0.5	0.0	0.5	0.0
	1.0	0.0	0.0	0.0
	1.0	0.0	0.0	0.0
	1.0	0.0	0.0	0.0
	1.0	0.0	0.0	0.0
	1.0	0.0	0.0	0.0

MEME version 4

ALPHABET= ACGT

MOTIF chr8:74909700-74909725

letter-probability matrix: alength= 4 w= 25
	0.0	1.0	0.0	0.0
	1.0	0.0	0.0	0.0
	0.0	1.0	0.0	0.0
	0.0	1.0	0.0	0.0
	0.0	0.0	0.0	1.0
	1.0	0.0	0.0	0.0
	1.0	0.0	0.0	0.0
	0.0	0.0	1.0	0.0
	0.0	0.0	1.0	0.0
	0.0	1.0	0.0	0.0
	0.0	0.0	0.0	1.0
	0.0	0.0	1.0	0.0
	1.0	0.0	0.0	0.0
	0.0	0.0	0.0	1.0
	0.0	0.0	1.0	0.0
	1.0	0.0	0.0	0.0
	0.0	0.0	1.0	0.0
	0.0	0.0	1.0	0.0
	0.0	0.0	1.0	0.0
	0.0	1.0	0.0	0.0
	0.0	0.0	0.0	1.0
	1.0	0.0	0.0	0.0
	0.0	0.0	1.0	0.0
	0.0	1.0	0.0	0.0
	1.0	0.0	0.0	0.0

MEME version 4

ALPHABET= ACGT

MOTIF chr2:136483735-136483745

letter-probability matrix: alength= 4 w= 10
	1.0	0.0	0.0	0.0
	1.0	0.0	0.0	0.0
	1.0	0.0	0.0	0.0
	1.0	0.0	0.0	0.0
	0.5	0.0	0.5	0.0
	1.0	0.0	0.0	0.0
	1.0	0.0	0.0	0.0
	1.0	0.0	0.0	0.0
	1.0	0.0	0.0	0.0
	1.0	0.0	0.0	0.0

MEME version 4

ALPHABET= ACGT

MOTIF chr2:136303904-136303929

letter-probability matrix: alength= 4 w= 25
	0.0	1.0	0.0	0.0
	1.0	0.0	0.0	0.0
	0.0	1.0	0.0	0.0
	0.0	1.0	0.0	0.0
	0.0	0.0	0.0	1.0
	1.0	0.0	0.0	0.0
	1.0	0.0	0.0	0.0
	0.0	0.0	1.0	0.0
	0.0	0.0	1.0	0.0
	0.0	1.0	0.0	0.0
	0.0	0.0	0.0	1.0
	0.0	0.0	1.0	0.0
	1.0	0.0	0.0	0.0
	0.0	0.0	0.0	1.0
	0.0	0.0	1.0	0.0
	1.0	0.0	0.0	0.0
	0.0	0.0	1.0	0.0
	0.0	0.0	1.0	0.0
	0.0	0.0	1.0	0.0
	0.0	1.0	0.0	0.0
	0.0	0.0	0.0	1.0
	1.0	0.0	0.0	0.0
	0.0	0.0	1.0	0.0
	0.0	1.0	0.0	0.0
	1.0	0.0	0.0	0.0

MEME version 4

ALPHABET= ACGT

MOTIF chr6:4020958-4020968

letter-probability matrix: alength= 4 w= 10
	1.0	0.0	0.0	0.0
	1.0	0.0	0.0	0.0
	1.0	0.0	0.0	0.0
	1.0	0.0	0.0	0.0
	0.5	0.0	0.5	0.0
	1.0	0.0	0.0	0.0
	1.0	0.0	0.0	0.0
	1.0	0.0	0.0	0.0
	1.0	0.0	0.0	0.0
	1.0	0.0	0.0	0.0

MEME version 4

ALPHABET= ACGT

MOTIF chr6:4002719-4002744

letter-probability matrix: alength= 4 w= 25
	0.0	1.0	0.0	0.0
	1.0	0.0	0.0	0.0
	0.0	1.0	0.0	0.0
	0.0	1.0	0.0	0.0
	0.0	0.0	0.0	1.0
	1.0	0.0	0.0	0.0
	1.0	0.0	0.0	0.0
	0.0	0.0	1.0	0.0
	0.0	0.0	1.0	0.0
	0.0	1.0	0.0	0.0
	0.0	0.0	0.0	1.0
	0.0	0.0	1.0	0.0
	1.0	0.0	0.0	0.0
	0.0	0.0	0.0	1.0
	0.0	0.0	1.0	0.0
	1.0	0.0	0.0	0.0
	0.0	0.0	1.0	0.0
	0.0	0.0	1.0	0.0
	0.0	0.0	1.0	0.0
	0.0	1.0	0.0	0.0
	0.0	0.0	0.0	1.0
	1.0	0.0	0.0	0.0
	0.0	0.0	1.0	0.0
	0.0	1.0	0.0	0.0
	1.0	0.0	0.0	0.0

MEME version 4

ALPHABET= ACGT

MOTIF chr12:110436377-110436387

letter-probability matrix: alength= 4 w= 10
	1.0	0.0	0.0	0.0
	1.0	0.0	0.0	0.0
	1.0	0.0	0.0	0.0
	1.0	0.0	0.0	0.0
	0.5	0.0	0.5	0.0
	1.0	0.0	0.0	0.0
	1.0	0.0	0.0	0.0
	1.0	0.0	0.0	0.0
	1.0	0.0	0.0	0.0
	1.0	0.0	0.0	0.0

MEME version 4

ALPHABET= ACGT

MOTIF chr12:110417295-110417320

letter-probability matrix: alength= 4 w= 25
	0.0	1.0	0.0	0.0
	1.0	0.0	0.0	0.0
	0.0	1.0	0.0	0.0
	0.0	1.0	0.0	0.0
	0.0	0.0	0.0	1.0
	1.0	0.0	0.0	0.0
	1.0	0.0	0.0	0.0
	0.0	0.0	1.0	0.0
	0.0	0.0	1.0	0.0
	0.0	1.0	0.0	0.0
	0.0	0.0	0.0	1.0
	0.0	0.0	1.0	0.0
	1.0	0.0	0.0	0.0
	0.0	0.0	0.0	1.0
	0.0	0.0	1.0	0.0
	1.0	0.0	0.0	0.0
	0.0	0.0	1.0	0.0
	0.0	0.0	1.0	0.0
	0.0	0.0	1.0	0.0
	0.0	1.0	0.0	0.0
	0.0	0.0	0.0	1.0
	1.0	0.0	0.0	0.0
	0.0	0.0	1.0	0.0
	0.0	1.0	0.0	0.0
	1.0	0.0	0.0	0.0

MEME version 4

ALPHABET= ACGT

MOTIF chr7:2421140-2421150

letter-probability matrix: alength= 4 w= 10
	1.0	0.0	0.0	0.0
	1.0	0.0	0.0	0.0
	1.0	0.0	0.0	0.0
	1.0	0.0	0.0	0.0
	0.5	0.0	0.5	0.0
	1.0	0.0	0.0	0.0
	1.0	0.0	0.0	0.0
	1.0	0.0	0.0	0.0
	1.0	0.0	0.0	0.0
	1.0	0.0	0.0	0.0

MEME version 4

ALPHABET= ACGT

MOTIF chr7:2422620-2422645

letter-probability matrix: alength= 4 w= 25
	0.0	1.0	0.0	0.0
	1.0	0.0	0.0	0.0
	0.0	1.0	0.0	0.0
	0.0	1.0	0.0	0.0
	0.0	0.0	0.0	1.0
	1.0	0.0	0.0	0.0
	1.0	0.0	0.0	0.0
	0.0	0.0	1.0	0.0
	0.0	0.0	1.0	0.0
	0.0	1.0	0.0	0.0
	0.0	0.0	0.0	1.0
	0.0	0.0	1.0	0.0
	1.0	0.0	0.0	0.0
	0.0	0.0	0.0	1.0
	0.0	0.0	1.0	0.0
	1.0	0.0	0.0	0.0
	0.0	0.0	1.0	0.0
	0.0	0.0	1.0	0.0
	0.0	0.0	1.0	0.0
	0.0	1.0	0.0	0.0
	0.0	0.0	0.0	1.0
	1.0	0.0	0.0	0.0
	0.0	0.0	1.0	0.0
	0.0	1.0	0.0	0.0
	1.0	0.0	0.0	0.0

MEME version 4

ALPHABET= ACGT

MOTIF chr16:67261197-67261207

letter-probability matrix: alength= 4 w= 10
	1.0	0.0	0.0	0.0
	1.0	0.0	0.0	0.0
	1.0	0.0	0.0	0.0
	1.0	0.0	0.0	0.0
	0.5	0.0	0.5	0.0
	1.0	0.0	0.0	0.0
	1.0	0.0	0.0	0.0
	1.0	0.0	0.0	0.0
	1.0	0.0	0.0	0.0
	1.0	0.0	0.0	0.0

MEME version 4

ALPHABET= ACGT

MOTIF chr16:67254507-67254532

letter-probability matrix: alength= 4 w= 25
	0.0	1.0	0.0	0.0
	1.0	0.0	0.0	0.0
	0.0	1.0	0.0	0.0
	0.0	1.0	0.0	0.0
	0.0	0.0	0.0	1.0
	1.0	0.0	0.0	0.0
	1.0	0.0	0.0	0.0
	0.0	0.0	1.0	0.0
	0.0	0.0	1.0	0.0
	0.0	1.0	0.0	0.0
	0.0	0.0	0.0	1.0
	0.0	0.0	1.0	0.0
	1.0	0.0	0.0	0.0
	0.0	0.0	0.0	1.0
	0.0	0.0	1.0	0.0
	1.0	0.0	0.0	0.0
	0.0	0.0	1.0	0.0
	0.0	0.0	1.0	0.0
	0.0	0.0	1.0	0.0
	0.0	1.0	0.0	0.0
	0.0	0.0	0.0	1.0
	1.0	0.0	0.0	0.0
	0.0	0.0	1.0	0.0
	0.0	1.0	0.0	0.0
	1.0	0.0	0.0	0.0

MEME version 4

ALPHABET= ACGT

MOTIF chr3:42643437-42643447

letter-probability matrix: alength= 4 w= 10
	1.0	0.0	0.0	0.0
	1.0	0.0	0.0	0.0
	1.0	0.0	0.0	0.0
	1.0	0.0	0.0	0.0
	0.5	0.0	0.5	0.0
	1.0	0.0	0.0	0.0
	1.0	0.0	0.0	0.0
	1.0	0.0	0.0	0.0
	1.0	0.0	0.0	0.0
	1.0	0.0	0.0	0.0

MEME version 4

ALPHABET= ACGT

MOTIF chr3:42630716-42630741

letter-probability matrix: alength= 4 w= 25
	0.0	1.0	0.0	0.0
	1.0	0.0	0.0	0.0
	0.0	1.0	0.0	0.0
	0.0	1.0	0.0	0.0
	0.0	0.0	0.0	1.0
	1.0	0.0	0.0	0.0
	1.0	0.0	0.0	0.0
	0.0	0.0	1.0	0.0
	0.0	0.0	1.0	0.0
	0.0	1.0	0.0	0.0
	0.0	0.0	0.0	1.0
	0.0	0.0	1.0	0.0
	1.0	0.0	0.0	0.0
	0.0	0.0	0.0	1.0
	0.0	0.0	1.0	0.0
	1.0	0.0	0.0	0.0
	0.0	0.0	1.0	0.0
	0.0	0.0	1.0	0.0
	0.0	0.0	1.0	0.0
	0.0	1.0	0.0	0.0
	0.0	0.0	0.0	1.0
	1.0	0.0	0.0	0.0
	0.0	0.0	1.0	0.0
	0.0	1.0	0.0	0.0
	1.0	0.0	0.0	0.0

MEME version 4

ALPHABET= ACGT

MOTIF chr19:40887085-40887095

letter-probability matrix: alength= 4 w= 10
	1.0	0.0	0.0	0.0
	1.0	0.0	0.0	0.0
	1.0	0.0	0.0	0.0
	1.0	0.0	0.0	0.0
	0.5	0.0	0.5	0.0
	1.0	0.0	0.0	0.0
	1.0	0.0	0.0	0.0
	1.0	0.0	0.0	0.0
	1.0	0.0	0.0	0.0
	1.0	0.0	0.0	0.0

MEME version 4

ALPHABET= ACGT

MOTIF chr19:40878359-40878384

letter-probability matrix: alength= 4 w= 25
	0.0	1.0	0.0	0.0
	1.0	0.0	0.0	0.0
	0.0	1.0	0.0	0.0
	0.0	1.0	0.0	0.0
	0.0	0.0	0.0	1.0
	1.0	0.0	0.0	0.0
	1.0	0.0	0.0	0.0
	0.0	0.0	1.0	0.0
	0.0	0.0	1.0	0.0
	0.0	1.0	0.0	0.0
	0.0	0.0	0.0	1.0
	0.0	0.0	1.0	0.0
	1.0	0.0	0.0	0.0
	0.0	0.0	0.0	1.0
	0.0	0.0	1.0	0.0
	1.0	0.0	0.0	0.0
	0.0	0.0	1.0	0.0
	0.0	0.0	1.0	0.0
	0.0	0.0	1.0	0.0
	0.0	1.0	0.0	0.0
	0.0	0.0	0.0	1.0
	1.0	0.0	0.0	0.0
	0.0	0.0	1.0	0.0
	0.0	1.0	0.0	0.0
	1.0	0.0	0.0	0.0

MEME version 4

ALPHABET= ACGT

MOTIF chr11:63991444-63991454

letter-probability matrix: alength= 4 w= 10
	1.0	0.0	0.0	0.0
	1.0	0.0	0.0	0.0
	1.0	0.0	0.0	0.0
	1.0	0.0	0.0	0.0
	0.5	0.0	0.5	0.0
	1.0	0.0	0.0	0.0
	1.0	0.0	0.0	0.0
	1.0	0.0	0.0	0.0
	1.0	0.0	0.0	0.0
	1.0	0.0	0.0	0.0

MEME version 4

ALPHABET= ACGT

MOTIF chr11:63965900-63965925

letter-probability matrix: alength= 4 w= 25
	0.0	1.0	0.0	0.0
	1.0	0.0	0.0	0.0
	0.0	1.0	0.0	0.0
	0.0	1.0	0.0	0.0
	0.0	0.0	0.0	1.0
	1.0	0.0	0.0	0.0
	1.0	0.0	0.0	0.0
	0.0	0.0	1.0	0.0
	0.0	0.0	1.0	0.0
	0.0	1.0	0.0	0.0
	0.0	0.0	0.0	1.0
	0.0	0.0	1.0	0.0
	1.0	0.0	0.0	0.0
	0.0	0.0	0.0	1.0
	0.0	0.0	1.0	0.0
	1.0	0.0	0.0	0.0
	0.0	0.0	1.0	0.0
	0.0	0.0	1.0	0.0
	0.0	0.0	1.0	0.0
	0.0	1.0	0.0	0.0
	0.0	0.0	0.0	1.0
	1.0	0.0	0.0	0.0
	0.0	0.0	1.0	0.0
	0.0	1.0	0.0	0.0
	1.0	0.0	0.0	0.0

MEME version 4

ALPHABET= ACGT

MOTIF chr7:108210949-108210959

letter-probability matrix: alength= 4 w= 10
	1.0	0.0	0.0	0.0
	1.0	0.0	0.0	0.0
	1.0	0.0	0.0	0.0
	1.0	0.0	0.0	0.0
	0.5	0.0	0.5	0.0
	1.0	0.0	0.0	0.0
	1.0	0.0	0.0	0.0
	1.0	0.0	0.0	0.0
	1.0	0.0	0.0	0.0
	1.0	0.0	0.0	0.0

MEME version 4

ALPHABET= ACGT

MOTIF chr7:108191901-108191926

letter-probability matrix: alength= 4 w= 25
	0.0	1.0	0.0	0.0
	1.0	0.0	0.0	0.0
	0.0	1.0	0.0	0.0
	0.0	1.0	0.0	0.0
	0.0	0.0	0.0	1.0
	1.0	0.0	0.0	0.0
	1.0	0.0	0.0	0.0
	0.0	0.0	1.0	0.0
	0.0	0.0	1.0	0.0
	0.0	1.0	0.0	0.0
	0.0	0.0	0.0	1.0
	0.0	0.0	1.0	0.0
	1.0	0.0	0.0	0.0
	0.0	0.0	0.0	1.0
	0.0	0.0	1.0	0.0
	1.0	0.0	0.0	0.0
	0.0	0.0	1.0	0.0
	0.0	0.0	1.0	0.0
	0.0	0.0	1.0	0.0
	0.0	1.0	0.0	0.0
	0.0	0.0	0.0	1.0
	1.0	0.0	0.0	0.0
	0.0	0.0	1.0	0.0
	0.0	1.0	0.0	0.0
	1.0	0.0	0.0	0.0

MEME version 4

ALPHABET= ACGT

MOTIF chr10:115614484-115614494

letter-probability matrix: alength= 4 w= 10
	1.0	0.0	0.0	0.0
	1.0	0.0	0.0	0.0
	1.0	0.0	0.0	0.0
	1.0	0.0	0.0	0.0
	0.5	0.0	0.5	0.0
	1.0	0.0	0.0	0.0
	1.0	0.0	0.0	0.0
	1.0	0.0	0.0	0.0
	1.0	0.0	0.0	0.0
	1.0	0.0	0.0	0.0

MEME version 4

ALPHABET= ACGT

MOTIF chr10:115627818-115627843

letter-probability matrix: alength= 4 w= 25
	0.0	1.0	0.0	0.0
	1.0	0.0	0.0	0.0
	0.0	1.0	0.0	0.0
	0.0	1.0	0.0	0.0
	0.0	0.0	0.0	1.0
	1.0	0.0	0.0	0.0
	1.0	0.0	0.0	0.0
	0.0	0.0	1.0	0.0
	0.0	0.0	1.0	0.0
	0.0	1.0	0.0	0.0
	0.0	0.0	0.0	1.0
	0.0	0.0	1.0	0.0
	1.0	0.0	0.0	0.0
	0.0	0.0	0.0	1.0
	0.0	0.0	1.0	0.0
	1.0	0.0	0.0	0.0
	0.0	0.0	1.0	0.0
	0.0	0.0	1.0	0.0
	0.0	0.0	1.0	0.0
	0.0	1.0	0.0	0.0
	0.0	0.0	0.0	1.0
	1.0	0.0	0.0	0.0
	0.0	0.0	1.0	0.0
	0.0	1.0	0.0	0.0
	1.0	0.0	0.0	0.0

MEME version 4

ALPHABET= ACGT

MOTIF chr10:115613618-115613628

letter-probability matrix: alength= 4 w= 10
	1.0	0.0	0.0	0.0
	1.0	0.0	0.0	0.0
	1.0	0.0	0.0	0.0
	1.0	0.0	0.0	0.0
	0.5	0.0	0.5	0.0
	1.0	0.0	0.0	0.0
	1.0	0.0	0.0	0.0
	1.0	0.0	0.0	0.0
	1.0	0.0	0.0	0.0
	1.0	0.0	0.0	0.0

MEME version 4

ALPHABET= ACGT

MOTIF chr10:115627818-115627843

letter-probability matrix: alength= 4 w= 25
	0.0	1.0	0.0	0.0
	1.0	0.0	0.0	0.0
	0.0	1.0	0.0	0.0
	0.0	1.0	0.0	0.0
	0.0	0.0	0.0	1.0
	1.0	0.0	0.0	0.0
	1.0	0.0	0.0	0.0
	0.0	0.0	1.0	0.0
	0.0	0.0	1.0	0.0
	0.0	1.0	0.0	0.0
	0.0	0.0	0.0	1.0
	0.0	0.0	1.0	0.0
	1.0	0.0	0.0	0.0
	0.0	0.0	0.0	1.0
	0.0	0.0	1.0	0.0
	1.0	0.0	0.0	0.0
	0.0	0.0	1.0	0.0
	0.0	0.0	1.0	0.0
	0.0	0.0	1.0	0.0
	0.0	1.0	0.0	0.0
	0.0	0.0	0.0	1.0
	1.0	0.0	0.0	0.0
	0.0	0.0	1.0	0.0
	0.0	1.0	0.0	0.0
	1.0	0.0	0.0	0.0

MEME version 4

ALPHABET= ACGT

MOTIF chr19:33087551-33087561

letter-probability matrix: alength= 4 w= 10
	1.0	0.0	0.0	0.0
	1.0	0.0	0.0	0.0
	1.0	0.0	0.0	0.0
	1.0	0.0	0.0	0.0
	0.5	0.0	0.5	0.0
	1.0	0.0	0.0	0.0
	1.0	0.0	0.0	0.0
	1.0	0.0	0.0	0.0
	1.0	0.0	0.0	0.0
	1.0	0.0	0.0	0.0

MEME version 4

ALPHABET= ACGT

MOTIF chr19:33179509-33179534

letter-probability matrix: alength= 4 w= 25
	0.0	1.0	0.0	0.0
	1.0	0.0	0.0	0.0
	0.0	1.0	0.0	0.0
	0.0	1.0	0.0	0.0
	0.0	0.0	0.0	1.0
	1.0	0.0	0.0	0.0
	1.0	0.0	0.0	0.0
	0.0	0.0	1.0	0.0
	0.0	0.0	1.0	0.0
	0.0	1.0	0.0	0.0
	0.0	0.0	0.0	1.0
	0.0	0.0	1.0	0.0
	1.0	0.0	0.0	0.0
	0.0	0.0	0.0	1.0
	0.0	0.0	1.0	0.0
	1.0	0.0	0.0	0.0
	0.0	0.0	1.0	0.0
	0.0	0.0	1.0	0.0
	0.0	0.0	1.0	0.0
	0.0	1.0	0.0	0.0
	0.0	0.0	0.0	1.0
	1.0	0.0	0.0	0.0
	0.0	0.0	1.0	0.0
	0.0	1.0	0.0	0.0
	1.0	0.0	0.0	0.0

MEME version 4

ALPHABET= ACGT

MOTIF chr10:32345950-32345960

letter-probability matrix: alength= 4 w= 10
	1.0	0.0	0.0	0.0
	1.0	0.0	0.0	0.0
	1.0	0.0	0.0	0.0
	1.0	0.0	0.0	0.0
	0.5	0.0	0.5	0.0
	1.0	0.0	0.0	0.0
	1.0	0.0	0.0	0.0
	1.0	0.0	0.0	0.0
	1.0	0.0	0.0	0.0
	1.0	0.0	0.0	0.0

MEME version 4

ALPHABET= ACGT

MOTIF chr10:32354921-32354946

letter-probability matrix: alength= 4 w= 25
	0.0	1.0	0.0	0.0
	1.0	0.0	0.0	0.0
	0.0	1.0	0.0	0.0
	0.0	1.0	0.0	0.0
	0.0	0.0	0.0	1.0
	1.0	0.0	0.0	0.0
	1.0	0.0	0.0	0.0
	0.0	0.0	1.0	0.0
	0.0	0.0	1.0	0.0
	0.0	1.0	0.0	0.0
	0.0	0.0	0.0	1.0
	0.0	0.0	1.0	0.0
	1.0	0.0	0.0	0.0
	0.0	0.0	0.0	1.0
	0.0	0.0	1.0	0.0
	1.0	0.0	0.0	0.0
	0.0	0.0	1.0	0.0
	0.0	0.0	1.0	0.0
	0.0	0.0	1.0	0.0
	0.0	1.0	0.0	0.0
	0.0	0.0	0.0	1.0
	1.0	0.0	0.0	0.0
	0.0	0.0	1.0	0.0
	0.0	1.0	0.0	0.0
	1.0	0.0	0.0	0.0

MEME version 4

ALPHABET= ACGT

MOTIF chr17:79213001-79213011

letter-probability matrix: alength= 4 w= 10
	1.0	0.0	0.0	0.0
	1.0	0.0	0.0	0.0
	1.0	0.0	0.0	0.0
	1.0	0.0	0.0	0.0
	0.5	0.0	0.5	0.0
	1.0	0.0	0.0	0.0
	1.0	0.0	0.0	0.0
	1.0	0.0	0.0	0.0
	1.0	0.0	0.0	0.0
	1.0	0.0	0.0	0.0

MEME version 4

ALPHABET= ACGT

MOTIF chr17:79184513-79184538

letter-probability matrix: alength= 4 w= 25
	0.0	1.0	0.0	0.0
	1.0	0.0	0.0	0.0
	0.0	1.0	0.0	0.0
	0.0	1.0	0.0	0.0
	0.0	0.0	0.0	1.0
	1.0	0.0	0.0	0.0
	1.0	0.0	0.0	0.0
	0.0	0.0	1.0	0.0
	0.0	0.0	1.0	0.0
	0.0	1.0	0.0	0.0
	0.0	0.0	0.0	1.0
	0.0	0.0	1.0	0.0
	1.0	0.0	0.0	0.0
	0.0	0.0	0.0	1.0
	0.0	0.0	1.0	0.0
	1.0	0.0	0.0	0.0
	0.0	0.0	1.0	0.0
	0.0	0.0	1.0	0.0
	0.0	0.0	1.0	0.0
	0.0	1.0	0.0	0.0
	0.0	0.0	0.0	1.0
	1.0	0.0	0.0	0.0
	0.0	0.0	1.0	0.0
	0.0	1.0	0.0	0.0
	1.0	0.0	0.0	0.0

MEME version 4

ALPHABET= ACGT

MOTIF chr15:75871936-75871946

letter-probability matrix: alength= 4 w= 10
	1.0	0.0	0.0	0.0
	1.0	0.0	0.0	0.0
	1.0	0.0	0.0	0.0
	1.0	0.0	0.0	0.0
	0.5	0.0	0.5	0.0
	1.0	0.0	0.0	0.0
	1.0	0.0	0.0	0.0
	1.0	0.0	0.0	0.0
	1.0	0.0	0.0	0.0
	1.0	0.0	0.0	0.0

MEME version 4

ALPHABET= ACGT

MOTIF chr15:75844158-75844183

letter-probability matrix: alength= 4 w= 25
	0.0	1.0	0.0	0.0
	1.0	0.0	0.0	0.0
	0.0	1.0	0.0	0.0
	0.0	1.0	0.0	0.0
	0.0	0.0	0.0	1.0
	1.0	0.0	0.0	0.0
	1.0	0.0	0.0	0.0
	0.0	0.0	1.0	0.0
	0.0	0.0	1.0	0.0
	0.0	1.0	0.0	0.0
	0.0	0.0	0.0	1.0
	0.0	0.0	1.0	0.0
	1.0	0.0	0.0	0.0
	0.0	0.0	0.0	1.0
	0.0	0.0	1.0	0.0
	1.0	0.0	0.0	0.0
	0.0	0.0	1.0	0.0
	0.0	0.0	1.0	0.0
	0.0	0.0	1.0	0.0
	0.0	1.0	0.0	0.0
	0.0	0.0	0.0	1.0
	1.0	0.0	0.0	0.0
	0.0	0.0	1.0	0.0
	0.0	1.0	0.0	0.0
	1.0	0.0	0.0	0.0

MEME version 4

ALPHABET= ACGT

MOTIF chr13:46627514-46627524

letter-probability matrix: alength= 4 w= 10
	1.0	0.0	0.0	0.0
	1.0	0.0	0.0	0.0
	1.0	0.0	0.0	0.0
	1.0	0.0	0.0	0.0
	0.5	0.0	0.5	0.0
	1.0	0.0	0.0	0.0
	1.0	0.0	0.0	0.0
	1.0	0.0	0.0	0.0
	1.0	0.0	0.0	0.0
	1.0	0.0	0.0	0.0

MEME version 4

ALPHABET= ACGT

MOTIF chr13:46592321-46592346

letter-probability matrix: alength= 4 w= 25
	0.0	1.0	0.0	0.0
	1.0	0.0	0.0	0.0
	0.0	1.0	0.0	0.0
	0.0	1.0	0.0	0.0
	0.0	0.0	0.0	1.0
	1.0	0.0	0.0	0.0
	1.0	0.0	0.0	0.0
	0.0	0.0	1.0	0.0
	0.0	0.0	1.0	0.0
	0.0	1.0	0.0	0.0
	0.0	0.0	0.0	1.0
	0.0	0.0	1.0	0.0
	1.0	0.0	0.0	0.0
	0.0	0.0	0.0	1.0
	0.0	0.0	1.0	0.0
	1.0	0.0	0.0	0.0
	0.0	0.0	1.0	0.0
	0.0	0.0	1.0	0.0
	0.0	0.0	1.0	0.0
	0.0	1.0	0.0	0.0
	0.0	0.0	0.0	1.0
	1.0	0.0	0.0	0.0
	0.0	0.0	1.0	0.0
	0.0	1.0	0.0	0.0
	1.0	0.0	0.0	0.0

MEME version 4

ALPHABET= ACGT

MOTIF chr19:39882664-39882674

letter-probability matrix: alength= 4 w= 10
	1.0	0.0	0.0	0.0
	1.0	0.0	0.0	0.0
	1.0	0.0	0.0	0.0
	1.0	0.0	0.0	0.0
	0.5	0.0	0.5	0.0
	1.0	0.0	0.0	0.0
	1.0	0.0	0.0	0.0
	1.0	0.0	0.0	0.0
	1.0	0.0	0.0	0.0
	1.0	0.0	0.0	0.0

MEME version 4

ALPHABET= ACGT

MOTIF chr19:39876430-39876455

letter-probability matrix: alength= 4 w= 25
	0.0	1.0	0.0	0.0
	1.0	0.0	0.0	0.0
	0.0	1.0	0.0	0.0
	0.0	1.0	0.0	0.0
	0.0	0.0	0.0	1.0
	1.0	0.0	0.0	0.0
	1.0	0.0	0.0	0.0
	0.0	0.0	1.0	0.0
	0.0	0.0	1.0	0.0
	0.0	1.0	0.0	0.0
	0.0	0.0	0.0	1.0
	0.0	0.0	1.0	0.0
	1.0	0.0	0.0	0.0
	0.0	0.0	0.0	1.0
	0.0	0.0	1.0	0.0
	1.0	0.0	0.0	0.0
	0.0	0.0	1.0	0.0
	0.0	0.0	1.0	0.0
	0.0	0.0	1.0	0.0
	0.0	1.0	0.0	0.0
	0.0	0.0	0.0	1.0
	1.0	0.0	0.0	0.0
	0.0	0.0	1.0	0.0
	0.0	1.0	0.0	0.0
	1.0	0.0	0.0	0.0

MEME version 4

ALPHABET= ACGT

MOTIF chr15:64748004-64748014

letter-probability matrix: alength= 4 w= 10
	1.0	0.0	0.0	0.0
	1.0	0.0	0.0	0.0
	1.0	0.0	0.0	0.0
	1.0	0.0	0.0	0.0
	0.5	0.0	0.5	0.0
	1.0	0.0	0.0	0.0
	1.0	0.0	0.0	0.0
	1.0	0.0	0.0	0.0
	1.0	0.0	0.0	0.0
	1.0	0.0	0.0	0.0

MEME version 4

ALPHABET= ACGT

MOTIF chr15:64698106-64698131

letter-probability matrix: alength= 4 w= 25
	0.0	1.0	0.0	0.0
	1.0	0.0	0.0	0.0
	0.0	1.0	0.0	0.0
	0.0	1.0	0.0	0.0
	0.0	0.0	0.0	1.0
	1.0	0.0	0.0	0.0
	1.0	0.0	0.0	0.0
	0.0	0.0	1.0	0.0
	0.0	0.0	1.0	0.0
	0.0	1.0	0.0	0.0
	0.0	0.0	0.0	1.0
	0.0	0.0	1.0	0.0
	1.0	0.0	0.0	0.0
	0.0	0.0	0.0	1.0
	0.0	0.0	1.0	0.0
	1.0	0.0	0.0	0.0
	0.0	0.0	1.0	0.0
	0.0	0.0	1.0	0.0
	0.0	0.0	1.0	0.0
	0.0	1.0	0.0	0.0
	0.0	0.0	0.0	1.0
	1.0	0.0	0.0	0.0
	0.0	0.0	1.0	0.0
	0.0	1.0	0.0	0.0
	1.0	0.0	0.0	0.0

MEME version 4

ALPHABET= ACGT

MOTIF chr14:24708267-24708277

letter-probability matrix: alength= 4 w= 10
	1.0	0.0	0.0	0.0
	1.0	0.0	0.0	0.0
	1.0	0.0	0.0	0.0
	1.0	0.0	0.0	0.0
	0.5	0.0	0.5	0.0
	1.0	0.0	0.0	0.0
	1.0	0.0	0.0	0.0
	1.0	0.0	0.0	0.0
	1.0	0.0	0.0	0.0
	1.0	0.0	0.0	0.0

MEME version 4

ALPHABET= ACGT

MOTIF chr14:24683770-24683795

letter-probability matrix: alength= 4 w= 25
	0.0	1.0	0.0	0.0
	1.0	0.0	0.0	0.0
	0.0	1.0	0.0	0.0
	0.0	1.0	0.0	0.0
	0.0	0.0	0.0	1.0
	1.0	0.0	0.0	0.0
	1.0	0.0	0.0	0.0
	0.0	0.0	1.0	0.0
	0.0	0.0	1.0	0.0
	0.0	1.0	0.0	0.0
	0.0	0.0	0.0	1.0
	0.0	0.0	1.0	0.0
	1.0	0.0	0.0	0.0
	0.0	0.0	0.0	1.0
	0.0	0.0	1.0	0.0
	1.0	0.0	0.0	0.0
	0.0	0.0	1.0	0.0
	0.0	0.0	1.0	0.0
	0.0	0.0	1.0	0.0
	0.0	1.0	0.0	0.0
	0.0	0.0	0.0	1.0
	1.0	0.0	0.0	0.0
	0.0	0.0	1.0	0.0
	0.0	1.0	0.0	0.0
	1.0	0.0	0.0	0.0

MEME version 4

ALPHABET= ACGT

MOTIF chr1:173639873-173639883

letter-probability matrix: alength= 4 w= 10
	1.0	0.0	0.0	0.0
	1.0	0.0	0.0	0.0
	1.0	0.0	0.0	0.0
	1.0	0.0	0.0	0.0
	0.5	0.0	0.5	0.0
	1.0	0.0	0.0	0.0
	1.0	0.0	0.0	0.0
	1.0	0.0	0.0	0.0
	1.0	0.0	0.0	0.0
	1.0	0.0	0.0	0.0

MEME version 4

ALPHABET= ACGT

MOTIF chr1:173632751-173632776

letter-probability matrix: alength= 4 w= 25
	0.0	1.0	0.0	0.0
	1.0	0.0	0.0	0.0
	0.0	1.0	0.0	0.0
	0.0	1.0	0.0	0.0
	0.0	0.0	0.0	1.0
	1.0	0.0	0.0	0.0
	1.0	0.0	0.0	0.0
	0.0	0.0	1.0	0.0
	0.0	0.0	1.0	0.0
	0.0	1.0	0.0	0.0
	0.0	0.0	0.0	1.0
	0.0	0.0	1.0	0.0
	1.0	0.0	0.0	0.0
	0.0	0.0	0.0	1.0
	0.0	0.0	1.0	0.0
	1.0	0.0	0.0	0.0
	0.0	0.0	1.0	0.0
	0.0	0.0	1.0	0.0
	0.0	0.0	1.0	0.0
	0.0	1.0	0.0	0.0
	0.0	0.0	0.0	1.0
	1.0	0.0	0.0	0.0
	0.0	0.0	1.0	0.0
	0.0	1.0	0.0	0.0
	1.0	0.0	0.0	0.0

MEME version 4

ALPHABET= ACGT

MOTIF chr19:41870302-41870312

letter-probability matrix: alength= 4 w= 10
	1.0	0.0	0.0	0.0
	1.0	0.0	0.0	0.0
	1.0	0.0	0.0	0.0
	1.0	0.0	0.0	0.0
	0.5	0.0	0.5	0.0
	1.0	0.0	0.0	0.0
	1.0	0.0	0.0	0.0
	1.0	0.0	0.0	0.0
	1.0	0.0	0.0	0.0
	1.0	0.0	0.0	0.0

MEME version 4

ALPHABET= ACGT

MOTIF chr19:41901560-41901585

letter-probability matrix: alength= 4 w= 25
	0.0	1.0	0.0	0.0
	1.0	0.0	0.0	0.0
	0.0	1.0	0.0	0.0
	0.0	1.0	0.0	0.0
	0.0	0.0	0.0	1.0
	1.0	0.0	0.0	0.0
	1.0	0.0	0.0	0.0
	0.0	0.0	1.0	0.0
	0.0	0.0	1.0	0.0
	0.0	1.0	0.0	0.0
	0.0	0.0	0.0	1.0
	0.0	0.0	1.0	0.0
	1.0	0.0	0.0	0.0
	0.0	0.0	0.0	1.0
	0.0	0.0	1.0	0.0
	1.0	0.0	0.0	0.0
	0.0	0.0	1.0	0.0
	0.0	0.0	1.0	0.0
	0.0	0.0	1.0	0.0
	0.0	1.0	0.0	0.0
	0.0	0.0	0.0	1.0
	1.0	0.0	0.0	0.0
	0.0	0.0	1.0	0.0
	0.0	1.0	0.0	0.0
	1.0	0.0	0.0	0.0

MEME version 4

ALPHABET= ACGT

MOTIF chr6:112424052-112424062

letter-probability matrix: alength= 4 w= 10
	1.0	0.0	0.0	0.0
	1.0	0.0	0.0	0.0
	1.0	0.0	0.0	0.0
	1.0	0.0	0.0	0.0
	0.5	0.0	0.5	0.0
	1.0	0.0	0.0	0.0
	1.0	0.0	0.0	0.0
	1.0	0.0	0.0	0.0
	1.0	0.0	0.0	0.0
	1.0	0.0	0.0	0.0

MEME version 4

ALPHABET= ACGT

MOTIF chr6:112439434-112439459

letter-probability matrix: alength= 4 w= 25
	0.0	1.0	0.0	0.0
	1.0	0.0	0.0	0.0
	0.0	1.0	0.0	0.0
	0.0	1.0	0.0	0.0
	0.0	0.0	0.0	1.0
	1.0	0.0	0.0	0.0
	1.0	0.0	0.0	0.0
	0.0	0.0	1.0	0.0
	0.0	0.0	1.0	0.0
	0.0	1.0	0.0	0.0
	0.0	0.0	0.0	1.0
	0.0	0.0	1.0	0.0
	1.0	0.0	0.0	0.0
	0.0	0.0	0.0	1.0
	0.0	0.0	1.0	0.0
	1.0	0.0	0.0	0.0
	0.0	0.0	1.0	0.0
	0.0	0.0	1.0	0.0
	0.0	0.0	1.0	0.0
	0.0	1.0	0.0	0.0
	0.0	0.0	0.0	1.0
	1.0	0.0	0.0	0.0
	0.0	0.0	1.0	0.0
	0.0	1.0	0.0	0.0
	1.0	0.0	0.0	0.0

MEME version 4

ALPHABET= ACGT

MOTIF chr8:105342085-105342095

letter-probability matrix: alength= 4 w= 10
	1.0	0.0	0.0	0.0
	1.0	0.0	0.0	0.0
	1.0	0.0	0.0	0.0
	1.0	0.0	0.0	0.0
	0.5	0.0	0.5	0.0
	1.0	0.0	0.0	0.0
	1.0	0.0	0.0	0.0
	1.0	0.0	0.0	0.0
	1.0	0.0	0.0	0.0
	1.0	0.0	0.0	0.0

MEME version 4

ALPHABET= ACGT

MOTIF chr8:105460259-105460284

letter-probability matrix: alength= 4 w= 25
	0.0	1.0	0.0	0.0
	1.0	0.0	0.0	0.0
	0.0	1.0	0.0	0.0
	0.0	1.0	0.0	0.0
	0.0	0.0	0.0	1.0
	1.0	0.0	0.0	0.0
	1.0	0.0	0.0	0.0
	0.0	0.0	1.0	0.0
	0.0	0.0	1.0	0.0
	0.0	1.0	0.0	0.0
	0.0	0.0	0.0	1.0
	0.0	0.0	1.0	0.0
	1.0	0.0	0.0	0.0
	0.0	0.0	0.0	1.0
	0.0	0.0	1.0	0.0
	1.0	0.0	0.0	0.0
	0.0	0.0	1.0	0.0
	0.0	0.0	1.0	0.0
	0.0	0.0	1.0	0.0
	0.0	1.0	0.0	0.0
	0.0	0.0	0.0	1.0
	1.0	0.0	0.0	0.0
	0.0	0.0	1.0	0.0
	0.0	1.0	0.0	0.0
	1.0	0.0	0.0	0.0

MEME version 4

ALPHABET= ACGT

MOTIF chr16:18813019-18813029

letter-probability matrix: alength= 4 w= 10
	1.0	0.0	0.0	0.0
	1.0	0.0	0.0	0.0
	1.0	0.0	0.0	0.0
	1.0	0.0	0.0	0.0
	0.5	0.0	0.5	0.0
	1.0	0.0	0.0	0.0
	1.0	0.0	0.0	0.0
	1.0	0.0	0.0	0.0
	1.0	0.0	0.0	0.0
	1.0	0.0	0.0	0.0

MEME version 4

ALPHABET= ACGT

MOTIF chr16:18828935-18828960

letter-probability matrix: alength= 4 w= 25
	0.0	1.0	0.0	0.0
	1.0	0.0	0.0	0.0
	0.0	1.0	0.0	0.0
	0.0	1.0	0.0	0.0
	0.0	0.0	0.0	1.0
	1.0	0.0	0.0	0.0
	1.0	0.0	0.0	0.0
	0.0	0.0	1.0	0.0
	0.0	0.0	1.0	0.0
	0.0	1.0	0.0	0.0
	0.0	0.0	0.0	1.0
	0.0	0.0	1.0	0.0
	1.0	0.0	0.0	0.0
	0.0	0.0	0.0	1.0
	0.0	0.0	1.0	0.0
	1.0	0.0	0.0	0.0
	0.0	0.0	1.0	0.0
	0.0	0.0	1.0	0.0
	0.0	0.0	1.0	0.0
	0.0	1.0	0.0	0.0
	0.0	0.0	0.0	1.0
	1.0	0.0	0.0	0.0
	0.0	0.0	1.0	0.0
	0.0	1.0	0.0	0.0
	1.0	0.0	0.0	0.0

MEME version 4

ALPHABET= ACGT

MOTIF chr14:24617373-24617383

letter-probability matrix: alength= 4 w= 10
	1.0	0.0	0.0	0.0
	1.0	0.0	0.0	0.0
	1.0	0.0	0.0	0.0
	1.0	0.0	0.0	0.0
	0.5	0.0	0.5	0.0
	1.0	0.0	0.0	0.0
	1.0	0.0	0.0	0.0
	1.0	0.0	0.0	0.0
	1.0	0.0	0.0	0.0
	1.0	0.0	0.0	0.0

MEME version 4

ALPHABET= ACGT

MOTIF chr14:24630556-24630581

letter-probability matrix: alength= 4 w= 25
	0.0	1.0	0.0	0.0
	1.0	0.0	0.0	0.0
	0.0	1.0	0.0	0.0
	0.0	1.0	0.0	0.0
	0.0	0.0	0.0	1.0
	1.0	0.0	0.0	0.0
	1.0	0.0	0.0	0.0
	0.0	0.0	1.0	0.0
	0.0	0.0	1.0	0.0
	0.0	1.0	0.0	0.0
	0.0	0.0	0.0	1.0
	0.0	0.0	1.0	0.0
	1.0	0.0	0.0	0.0
	0.0	0.0	0.0	1.0
	0.0	0.0	1.0	0.0
	1.0	0.0	0.0	0.0
	0.0	0.0	1.0	0.0
	0.0	0.0	1.0	0.0
	0.0	0.0	1.0	0.0
	0.0	1.0	0.0	0.0
	0.0	0.0	0.0	1.0
	1.0	0.0	0.0	0.0
	0.0	0.0	1.0	0.0
	0.0	1.0	0.0	0.0
	1.0	0.0	0.0	0.0

MEME version 4

ALPHABET= ACGT

MOTIF chr20:43124720-43124730

letter-probability matrix: alength= 4 w= 10
	1.0	0.0	0.0	0.0
	1.0	0.0	0.0	0.0
	1.0	0.0	0.0	0.0
	1.0	0.0	0.0	0.0
	0.5	0.0	0.5	0.0
	1.0	0.0	0.0	0.0
	1.0	0.0	0.0	0.0
	1.0	0.0	0.0	0.0
	1.0	0.0	0.0	0.0
	1.0	0.0	0.0	0.0

MEME version 4

ALPHABET= ACGT

MOTIF chr20:43165160-43165185

letter-probability matrix: alength= 4 w= 25
	0.0	1.0	0.0	0.0
	1.0	0.0	0.0	0.0
	0.0	1.0	0.0	0.0
	0.0	1.0	0.0	0.0
	0.0	0.0	0.0	1.0
	1.0	0.0	0.0	0.0
	1.0	0.0	0.0	0.0
	0.0	0.0	1.0	0.0
	0.0	0.0	1.0	0.0
	0.0	1.0	0.0	0.0
	0.0	0.0	0.0	1.0
	0.0	0.0	1.0	0.0
	1.0	0.0	0.0	0.0
	0.0	0.0	0.0	1.0
	0.0	0.0	1.0	0.0
	1.0	0.0	0.0	0.0
	0.0	0.0	1.0	0.0
	0.0	0.0	1.0	0.0
	0.0	0.0	1.0	0.0
	0.0	1.0	0.0	0.0
	0.0	0.0	0.0	1.0
	1.0	0.0	0.0	0.0
	0.0	0.0	1.0	0.0
	0.0	1.0	0.0	0.0
	1.0	0.0	0.0	0.0

MEME version 4

ALPHABET= ACGT

MOTIF chr10:115677778-115677788

letter-probability matrix: alength= 4 w= 10
	1.0	0.0	0.0	0.0
	1.0	0.0	0.0	0.0
	1.0	0.0	0.0	0.0
	1.0	0.0	0.0	0.0
	0.5	0.0	0.5	0.0
	1.0	0.0	0.0	0.0
	1.0	0.0	0.0	0.0
	1.0	0.0	0.0	0.0
	1.0	0.0	0.0	0.0
	1.0	0.0	0.0	0.0

MEME version 4

ALPHABET= ACGT

MOTIF chr10:115627818-115627843

letter-probability matrix: alength= 4 w= 25
	0.0	1.0	0.0	0.0
	1.0	0.0	0.0	0.0
	0.0	1.0	0.0	0.0
	0.0	1.0	0.0	0.0
	0.0	0.0	0.0	1.0
	1.0	0.0	0.0	0.0
	1.0	0.0	0.0	0.0
	0.0	0.0	1.0	0.0
	0.0	0.0	1.0	0.0
	0.0	1.0	0.0	0.0
	0.0	0.0	0.0	1.0
	0.0	0.0	1.0	0.0
	1.0	0.0	0.0	0.0
	0.0	0.0	0.0	1.0
	0.0	0.0	1.0	0.0
	1.0	0.0	0.0	0.0
	0.0	0.0	1.0	0.0
	0.0	0.0	1.0	0.0
	0.0	0.0	1.0	0.0
	0.0	1.0	0.0	0.0
	0.0	0.0	0.0	1.0
	1.0	0.0	0.0	0.0
	0.0	0.0	1.0	0.0
	0.0	1.0	0.0	0.0
	1.0	0.0	0.0	0.0

MEME version 4

ALPHABET= ACGT

MOTIF chr5:148749916-148749926

letter-probability matrix: alength= 4 w= 10
	1.0	0.0	0.0	0.0
	1.0	0.0	0.0	0.0
	1.0	0.0	0.0	0.0
	1.0	0.0	0.0	0.0
	0.5	0.0	0.5	0.0
	1.0	0.0	0.0	0.0
	1.0	0.0	0.0	0.0
	1.0	0.0	0.0	0.0
	1.0	0.0	0.0	0.0
	1.0	0.0	0.0	0.0

MEME version 4

ALPHABET= ACGT

MOTIF chr5:148723946-148723971

letter-probability matrix: alength= 4 w= 25
	0.0	1.0	0.0	0.0
	1.0	0.0	0.0	0.0
	0.0	1.0	0.0	0.0
	0.0	1.0	0.0	0.0
	0.0	0.0	0.0	1.0
	1.0	0.0	0.0	0.0
	1.0	0.0	0.0	0.0
	0.0	0.0	1.0	0.0
	0.0	0.0	1.0	0.0
	0.0	1.0	0.0	0.0
	0.0	0.0	0.0	1.0
	0.0	0.0	1.0	0.0
	1.0	0.0	0.0	0.0
	0.0	0.0	0.0	1.0
	0.0	0.0	1.0	0.0
	1.0	0.0	0.0	0.0
	0.0	0.0	1.0	0.0
	0.0	0.0	1.0	0.0
	0.0	0.0	1.0	0.0
	0.0	1.0	0.0	0.0
	0.0	0.0	0.0	1.0
	1.0	0.0	0.0	0.0
	0.0	0.0	1.0	0.0
	0.0	1.0	0.0	0.0
	1.0	0.0	0.0	0.0

MEME version 4

ALPHABET= ACGT

MOTIF chr13:31710673-31710683

letter-probability matrix: alength= 4 w= 10
	1.0	0.0	0.0	0.0
	1.0	0.0	0.0	0.0
	1.0	0.0	0.0	0.0
	1.0	0.0	0.0	0.0
	0.5	0.0	0.5	0.0
	1.0	0.0	0.0	0.0
	1.0	0.0	0.0	0.0
	1.0	0.0	0.0	0.0
	1.0	0.0	0.0	0.0
	1.0	0.0	0.0	0.0

MEME version 4

ALPHABET= ACGT

MOTIF chr13:31753661-31753686

letter-probability matrix: alength= 4 w= 25
	0.0	1.0	0.0	0.0
	1.0	0.0	0.0	0.0
	0.0	1.0	0.0	0.0
	0.0	1.0	0.0	0.0
	0.0	0.0	0.0	1.0
	1.0	0.0	0.0	0.0
	1.0	0.0	0.0	0.0
	0.0	0.0	1.0	0.0
	0.0	0.0	1.0	0.0
	0.0	1.0	0.0	0.0
	0.0	0.0	0.0	1.0
	0.0	0.0	1.0	0.0
	1.0	0.0	0.0	0.0
	0.0	0.0	0.0	1.0
	0.0	0.0	1.0	0.0
	1.0	0.0	0.0	0.0
	0.0	0.0	1.0	0.0
	0.0	0.0	1.0	0.0
	0.0	0.0	1.0	0.0
	0.0	1.0	0.0	0.0
	0.0	0.0	0.0	1.0
	1.0	0.0	0.0	0.0
	0.0	0.0	1.0	0.0
	0.0	1.0	0.0	0.0
	1.0	0.0	0.0	0.0

MEME version 4

ALPHABET= ACGT

MOTIF chr1:247613831-247613841

letter-probability matrix: alength= 4 w= 10
	1.0	0.0	0.0	0.0
	1.0	0.0	0.0	0.0
	1.0	0.0	0.0	0.0
	1.0	0.0	0.0	0.0
	0.5	0.0	0.5	0.0
	1.0	0.0	0.0	0.0
	1.0	0.0	0.0	0.0
	1.0	0.0	0.0	0.0
	1.0	0.0	0.0	0.0
	1.0	0.0	0.0	0.0

MEME version 4

ALPHABET= ACGT

MOTIF chr1:247632719-247632744

letter-probability matrix: alength= 4 w= 25
	0.0	1.0	0.0	0.0
	1.0	0.0	0.0	0.0
	0.0	1.0	0.0	0.0
	0.0	1.0	0.0	0.0
	0.0	0.0	0.0	1.0
	1.0	0.0	0.0	0.0
	1.0	0.0	0.0	0.0
	0.0	0.0	1.0	0.0
	0.0	0.0	1.0	0.0
	0.0	1.0	0.0	0.0
	0.0	0.0	0.0	1.0
	0.0	0.0	1.0	0.0
	1.0	0.0	0.0	0.0
	0.0	0.0	0.0	1.0
	0.0	0.0	1.0	0.0
	1.0	0.0	0.0	0.0
	0.0	0.0	1.0	0.0
	0.0	0.0	1.0	0.0
	0.0	0.0	1.0	0.0
	0.0	1.0	0.0	0.0
	0.0	0.0	0.0	1.0
	1.0	0.0	0.0	0.0
	0.0	0.0	1.0	0.0
	0.0	1.0	0.0	0.0
	1.0	0.0	0.0	0.0

MEME version 4

ALPHABET= ACGT

MOTIF chr18:21535940-21535950

letter-probability matrix: alength= 4 w= 10
	1.0	0.0	0.0	0.0
	1.0	0.0	0.0	0.0
	1.0	0.0	0.0	0.0
	1.0	0.0	0.0	0.0
	0.5	0.0	0.5	0.0
	1.0	0.0	0.0	0.0
	1.0	0.0	0.0	0.0
	1.0	0.0	0.0	0.0
	1.0	0.0	0.0	0.0
	1.0	0.0	0.0	0.0

MEME version 4

ALPHABET= ACGT

MOTIF chr18:21278746-21278771

letter-probability matrix: alength= 4 w= 25
	0.0	1.0	0.0	0.0
	1.0	0.0	0.0	0.0
	0.0	1.0	0.0	0.0
	0.0	1.0	0.0	0.0
	0.0	0.0	0.0	1.0
	1.0	0.0	0.0	0.0
	1.0	0.0	0.0	0.0
	0.0	0.0	1.0	0.0
	0.0	0.0	1.0	0.0
	0.0	1.0	0.0	0.0
	0.0	0.0	0.0	1.0
	0.0	0.0	1.0	0.0
	1.0	0.0	0.0	0.0
	0.0	0.0	0.0	1.0
	0.0	0.0	1.0	0.0
	1.0	0.0	0.0	0.0
	0.0	0.0	1.0	0.0
	0.0	0.0	1.0	0.0
	0.0	0.0	1.0	0.0
	0.0	1.0	0.0	0.0
	0.0	0.0	0.0	1.0
	1.0	0.0	0.0	0.0
	0.0	0.0	1.0	0.0
	0.0	1.0	0.0	0.0
	1.0	0.0	0.0	0.0

MEME version 4

ALPHABET= ACGT

MOTIF chr12:122359673-122359683

letter-probability matrix: alength= 4 w= 10
	1.0	0.0	0.0	0.0
	1.0	0.0	0.0	0.0
	1.0	0.0	0.0	0.0
	1.0	0.0	0.0	0.0
	0.5	0.0	0.5	0.0
	1.0	0.0	0.0	0.0
	1.0	0.0	0.0	0.0
	1.0	0.0	0.0	0.0
	1.0	0.0	0.0	0.0
	1.0	0.0	0.0	0.0

MEME version 4

ALPHABET= ACGT

MOTIF chr12:122319496-122319521

letter-probability matrix: alength= 4 w= 25
	0.0	1.0	0.0	0.0
	1.0	0.0	0.0	0.0
	0.0	1.0	0.0	0.0
	0.0	1.0	0.0	0.0
	0.0	0.0	0.0	1.0
	1.0	0.0	0.0	0.0
	1.0	0.0	0.0	0.0
	0.0	0.0	1.0	0.0
	0.0	0.0	1.0	0.0
	0.0	1.0	0.0	0.0
	0.0	0.0	0.0	1.0
	0.0	0.0	1.0	0.0
	1.0	0.0	0.0	0.0
	0.0	0.0	0.0	1.0
	0.0	0.0	1.0	0.0
	1.0	0.0	0.0	0.0
	0.0	0.0	1.0	0.0
	0.0	0.0	1.0	0.0
	0.0	0.0	1.0	0.0
	0.0	1.0	0.0	0.0
	0.0	0.0	0.0	1.0
	1.0	0.0	0.0	0.0
	0.0	0.0	1.0	0.0
	0.0	1.0	0.0	0.0
	1.0	0.0	0.0	0.0

MEME version 4

ALPHABET= ACGT

MOTIF chr1:38158878-38158888

letter-probability matrix: alength= 4 w= 10
	1.0	0.0	0.0	0.0
	1.0	0.0	0.0	0.0
	1.0	0.0	0.0	0.0
	1.0	0.0	0.0	0.0
	0.5	0.0	0.5	0.0
	1.0	0.0	0.0	0.0
	1.0	0.0	0.0	0.0
	1.0	0.0	0.0	0.0
	1.0	0.0	0.0	0.0
	1.0	0.0	0.0	0.0

MEME version 4

ALPHABET= ACGT

MOTIF chr1:38148318-38148343

letter-probability matrix: alength= 4 w= 25
	0.0	1.0	0.0	0.0
	1.0	0.0	0.0	0.0
	0.0	1.0	0.0	0.0
	0.0	1.0	0.0	0.0
	0.0	0.0	0.0	1.0
	1.0	0.0	0.0	0.0
	1.0	0.0	0.0	0.0
	0.0	0.0	1.0	0.0
	0.0	0.0	1.0	0.0
	0.0	1.0	0.0	0.0
	0.0	0.0	0.0	1.0
	0.0	0.0	1.0	0.0
	1.0	0.0	0.0	0.0
	0.0	0.0	0.0	1.0
	0.0	0.0	1.0	0.0
	1.0	0.0	0.0	0.0
	0.0	0.0	1.0	0.0
	0.0	0.0	1.0	0.0
	0.0	0.0	1.0	0.0
	0.0	1.0	0.0	0.0
	0.0	0.0	0.0	1.0
	1.0	0.0	0.0	0.0
	0.0	0.0	1.0	0.0
	0.0	1.0	0.0	0.0
	1.0	0.0	0.0	0.0

MEME version 4

ALPHABET= ACGT

MOTIF chr2:68695282-68695292

letter-probability matrix: alength= 4 w= 10
	1.0	0.0	0.0	0.0
	1.0	0.0	0.0	0.0
	1.0	0.0	0.0	0.0
	1.0	0.0	0.0	0.0
	0.5	0.0	0.5	0.0
	1.0	0.0	0.0	0.0
	1.0	0.0	0.0	0.0
	1.0	0.0	0.0	0.0
	1.0	0.0	0.0	0.0
	1.0	0.0	0.0	0.0

MEME version 4

ALPHABET= ACGT

MOTIF chr2:68709650-68709675

letter-probability matrix: alength= 4 w= 25
	0.0	1.0	0.0	0.0
	1.0	0.0	0.0	0.0
	0.0	1.0	0.0	0.0
	0.0	1.0	0.0	0.0
	0.0	0.0	0.0	1.0
	1.0	0.0	0.0	0.0
	1.0	0.0	0.0	0.0
	0.0	0.0	1.0	0.0
	0.0	0.0	1.0	0.0
	0.0	1.0	0.0	0.0
	0.0	0.0	0.0	1.0
	0.0	0.0	1.0	0.0
	1.0	0.0	0.0	0.0
	0.0	0.0	0.0	1.0
	0.0	0.0	1.0	0.0
	1.0	0.0	0.0	0.0
	0.0	0.0	1.0	0.0
	0.0	0.0	1.0	0.0
	0.0	0.0	1.0	0.0
	0.0	1.0	0.0	0.0
	0.0	0.0	0.0	1.0
	1.0	0.0	0.0	0.0
	0.0	0.0	1.0	0.0
	0.0	1.0	0.0	0.0
	1.0	0.0	0.0	0.0

MEME version 4

ALPHABET= ACGT

MOTIF chr15:64680252-64680262

letter-probability matrix: alength= 4 w= 10
	1.0	0.0	0.0	0.0
	1.0	0.0	0.0	0.0
	1.0	0.0	0.0	0.0
	1.0	0.0	0.0	0.0
	0.5	0.0	0.5	0.0
	1.0	0.0	0.0	0.0
	1.0	0.0	0.0	0.0
	1.0	0.0	0.0	0.0
	1.0	0.0	0.0	0.0
	1.0	0.0	0.0	0.0

MEME version 4

ALPHABET= ACGT

MOTIF chr15:64698106-64698131

letter-probability matrix: alength= 4 w= 25
	0.0	1.0	0.0	0.0
	1.0	0.0	0.0	0.0
	0.0	1.0	0.0	0.0
	0.0	1.0	0.0	0.0
	0.0	0.0	0.0	1.0
	1.0	0.0	0.0	0.0
	1.0	0.0	0.0	0.0
	0.0	0.0	1.0	0.0
	0.0	0.0	1.0	0.0
	0.0	1.0	0.0	0.0
	0.0	0.0	0.0	1.0
	0.0	0.0	1.0	0.0
	1.0	0.0	0.0	0.0
	0.0	0.0	0.0	1.0
	0.0	0.0	1.0	0.0
	1.0	0.0	0.0	0.0
	0.0	0.0	1.0	0.0
	0.0	0.0	1.0	0.0
	0.0	0.0	1.0	0.0
	0.0	1.0	0.0	0.0
	0.0	0.0	0.0	1.0
	1.0	0.0	0.0	0.0
	0.0	0.0	1.0	0.0
	0.0	1.0	0.0	0.0
	1.0	0.0	0.0	0.0

MEME version 4

ALPHABET= ACGT

MOTIF chr9:140032453-140032463

letter-probability matrix: alength= 4 w= 10
	1.0	0.0	0.0	0.0
	1.0	0.0	0.0	0.0
	1.0	0.0	0.0	0.0
	1.0	0.0	0.0	0.0
	0.5	0.0	0.5	0.0
	1.0	0.0	0.0	0.0
	1.0	0.0	0.0	0.0
	1.0	0.0	0.0	0.0
	1.0	0.0	0.0	0.0
	1.0	0.0	0.0	0.0

MEME version 4

ALPHABET= ACGT

MOTIF chr9:140026215-140026240

letter-probability matrix: alength= 4 w= 25
	0.0	1.0	0.0	0.0
	1.0	0.0	0.0	0.0
	0.0	1.0	0.0	0.0
	0.0	1.0	0.0	0.0
	0.0	0.0	0.0	1.0
	1.0	0.0	0.0	0.0
	1.0	0.0	0.0	0.0
	0.0	0.0	1.0	0.0
	0.0	0.0	1.0	0.0
	0.0	1.0	0.0	0.0
	0.0	0.0	0.0	1.0
	0.0	0.0	1.0	0.0
	1.0	0.0	0.0	0.0
	0.0	0.0	0.0	1.0
	0.0	0.0	1.0	0.0
	1.0	0.0	0.0	0.0
	0.0	0.0	1.0	0.0
	0.0	0.0	1.0	0.0
	0.0	0.0	1.0	0.0
	0.0	1.0	0.0	0.0
	0.0	0.0	0.0	1.0
	1.0	0.0	0.0	0.0
	0.0	0.0	1.0	0.0
	0.0	1.0	0.0	0.0
	1.0	0.0	0.0	0.0

MEME version 4

ALPHABET= ACGT

MOTIF chr16:28848801-28848811

letter-probability matrix: alength= 4 w= 10
	1.0	0.0	0.0	0.0
	1.0	0.0	0.0	0.0
	1.0	0.0	0.0	0.0
	1.0	0.0	0.0	0.0
	0.5	0.0	0.5	0.0
	1.0	0.0	0.0	0.0
	1.0	0.0	0.0	0.0
	1.0	0.0	0.0	0.0
	1.0	0.0	0.0	0.0
	1.0	0.0	0.0	0.0

MEME version 4

ALPHABET= ACGT

MOTIF chr16:28813892-28813917

letter-probability matrix: alength= 4 w= 25
	0.0	1.0	0.0	0.0
	1.0	0.0	0.0	0.0
	0.0	1.0	0.0	0.0
	0.0	1.0	0.0	0.0
	0.0	0.0	0.0	1.0
	1.0	0.0	0.0	0.0
	1.0	0.0	0.0	0.0
	0.0	0.0	1.0	0.0
	0.0	0.0	1.0	0.0
	0.0	1.0	0.0	0.0
	0.0	0.0	0.0	1.0
	0.0	0.0	1.0	0.0
	1.0	0.0	0.0	0.0
	0.0	0.0	0.0	1.0
	0.0	0.0	1.0	0.0
	1.0	0.0	0.0	0.0
	0.0	0.0	1.0	0.0
	0.0	0.0	1.0	0.0
	0.0	0.0	1.0	0.0
	0.0	1.0	0.0	0.0
	0.0	0.0	0.0	1.0
	1.0	0.0	0.0	0.0
	0.0	0.0	1.0	0.0
	0.0	1.0	0.0	0.0
	1.0	0.0	0.0	0.0

MEME version 4

ALPHABET= ACGT

MOTIF chr17:60006079-60006089

letter-probability matrix: alength= 4 w= 10
	1.0	0.0	0.0	0.0
	1.0	0.0	0.0	0.0
	1.0	0.0	0.0	0.0
	1.0	0.0	0.0	0.0
	0.5	0.0	0.5	0.0
	1.0	0.0	0.0	0.0
	1.0	0.0	0.0	0.0
	1.0	0.0	0.0	0.0
	1.0	0.0	0.0	0.0
	1.0	0.0	0.0	0.0

MEME version 4

ALPHABET= ACGT

MOTIF chr17:60018582-60018607

letter-probability matrix: alength= 4 w= 25
	0.0	1.0	0.0	0.0
	1.0	0.0	0.0	0.0
	0.0	1.0	0.0	0.0
	0.0	1.0	0.0	0.0
	0.0	0.0	0.0	1.0
	1.0	0.0	0.0	0.0
	1.0	0.0	0.0	0.0
	0.0	0.0	1.0	0.0
	0.0	0.0	1.0	0.0
	0.0	1.0	0.0	0.0
	0.0	0.0	0.0	1.0
	0.0	0.0	1.0	0.0
	1.0	0.0	0.0	0.0
	0.0	0.0	0.0	1.0
	0.0	0.0	1.0	0.0
	1.0	0.0	0.0	0.0
	0.0	0.0	1.0	0.0
	0.0	0.0	1.0	0.0
	0.0	0.0	1.0	0.0
	0.0	1.0	0.0	0.0
	0.0	0.0	0.0	1.0
	1.0	0.0	0.0	0.0
	0.0	0.0	1.0	0.0
	0.0	1.0	0.0	0.0
	1.0	0.0	0.0	0.0

MEME version 4

ALPHABET= ACGT

MOTIF chr12:110477636-110477646

letter-probability matrix: alength= 4 w= 10
	1.0	0.0	0.0	0.0
	1.0	0.0	0.0	0.0
	1.0	0.0	0.0	0.0
	1.0	0.0	0.0	0.0
	0.5	0.0	0.5	0.0
	1.0	0.0	0.0	0.0
	1.0	0.0	0.0	0.0
	1.0	0.0	0.0	0.0
	1.0	0.0	0.0	0.0
	1.0	0.0	0.0	0.0

MEME version 4

ALPHABET= ACGT

MOTIF chr12:110417295-110417320

letter-probability matrix: alength= 4 w= 25
	0.0	1.0	0.0	0.0
	1.0	0.0	0.0	0.0
	0.0	1.0	0.0	0.0
	0.0	1.0	0.0	0.0
	0.0	0.0	0.0	1.0
	1.0	0.0	0.0	0.0
	1.0	0.0	0.0	0.0
	0.0	0.0	1.0	0.0
	0.0	0.0	1.0	0.0
	0.0	1.0	0.0	0.0
	0.0	0.0	0.0	1.0
	0.0	0.0	1.0	0.0
	1.0	0.0	0.0	0.0
	0.0	0.0	0.0	1.0
	0.0	0.0	1.0	0.0
	1.0	0.0	0.0	0.0
	0.0	0.0	1.0	0.0
	0.0	0.0	1.0	0.0
	0.0	0.0	1.0	0.0
	0.0	1.0	0.0	0.0
	0.0	0.0	0.0	1.0
	1.0	0.0	0.0	0.0
	0.0	0.0	1.0	0.0
	0.0	1.0	0.0	0.0
	1.0	0.0	0.0	0.0

MEME version 4

ALPHABET= ACGT

MOTIF chr5:10250011-10250021

letter-probability matrix: alength= 4 w= 10
	1.0	0.0	0.0	0.0
	1.0	0.0	0.0	0.0
	1.0	0.0	0.0	0.0
	1.0	0.0	0.0	0.0
	0.5	0.0	0.5	0.0
	1.0	0.0	0.0	0.0
	1.0	0.0	0.0	0.0
	1.0	0.0	0.0	0.0
	1.0	0.0	0.0	0.0
	1.0	0.0	0.0	0.0

MEME version 4

ALPHABET= ACGT

MOTIF chr5:10276340-10276365

letter-probability matrix: alength= 4 w= 25
	0.0	1.0	0.0	0.0
	1.0	0.0	0.0	0.0
	0.0	1.0	0.0	0.0
	0.0	1.0	0.0	0.0
	0.0	0.0	0.0	1.0
	1.0	0.0	0.0	0.0
	1.0	0.0	0.0	0.0
	0.0	0.0	1.0	0.0
	0.0	0.0	1.0	0.0
	0.0	1.0	0.0	0.0
	0.0	0.0	0.0	1.0
	0.0	0.0	1.0	0.0
	1.0	0.0	0.0	0.0
	0.0	0.0	0.0	1.0
	0.0	0.0	1.0	0.0
	1.0	0.0	0.0	0.0
	0.0	0.0	1.0	0.0
	0.0	0.0	1.0	0.0
	0.0	0.0	1.0	0.0
	0.0	1.0	0.0	0.0
	0.0	0.0	0.0	1.0
	1.0	0.0	0.0	0.0
	0.0	0.0	1.0	0.0
	0.0	1.0	0.0	0.0
	1.0	0.0	0.0	0.0

MEME version 4

ALPHABET= ACGT

MOTIF chr9:79000093-79000103

letter-probability matrix: alength= 4 w= 10
	1.0	0.0	0.0	0.0
	1.0	0.0	0.0	0.0
	1.0	0.0	0.0	0.0
	1.0	0.0	0.0	0.0
	0.5	0.0	0.5	0.0
	1.0	0.0	0.0	0.0
	1.0	0.0	0.0	0.0
	1.0	0.0	0.0	0.0
	1.0	0.0	0.0	0.0
	1.0	0.0	0.0	0.0

MEME version 4

ALPHABET= ACGT

MOTIF chr9:79028170-79028195

letter-probability matrix: alength= 4 w= 25
	0.0	1.0	0.0	0.0
	1.0	0.0	0.0	0.0
	0.0	1.0	0.0	0.0
	0.0	1.0	0.0	0.0
	0.0	0.0	0.0	1.0
	1.0	0.0	0.0	0.0
	1.0	0.0	0.0	0.0
	0.0	0.0	1.0	0.0
	0.0	0.0	1.0	0.0
	0.0	1.0	0.0	0.0
	0.0	0.0	0.0	1.0
	0.0	0.0	1.0	0.0
	1.0	0.0	0.0	0.0
	0.0	0.0	0.0	1.0
	0.0	0.0	1.0	0.0
	1.0	0.0	0.0	0.0
	0.0	0.0	1.0	0.0
	0.0	0.0	1.0	0.0
	0.0	0.0	1.0	0.0
	0.0	1.0	0.0	0.0
	0.0	0.0	0.0	1.0
	1.0	0.0	0.0	0.0
	0.0	0.0	1.0	0.0
	0.0	1.0	0.0	0.0
	1.0	0.0	0.0	0.0

MEME version 4

ALPHABET= ACGT

MOTIF chr7:2421140-2421150

letter-probability matrix: alength= 4 w= 10
	1.0	0.0	0.0	0.0
	1.0	0.0	0.0	0.0
	1.0	0.0	0.0	0.0
	1.0	0.0	0.0	0.0
	0.5	0.0	0.5	0.0
	1.0	0.0	0.0	0.0
	1.0	0.0	0.0	0.0
	1.0	0.0	0.0	0.0
	1.0	0.0	0.0	0.0
	1.0	0.0	0.0	0.0

MEME version 4

ALPHABET= ACGT

MOTIF chr7:2370133-2370158

letter-probability matrix: alength= 4 w= 25
	0.0	1.0	0.0	0.0
	1.0	0.0	0.0	0.0
	0.0	1.0	0.0	0.0
	0.0	1.0	0.0	0.0
	0.0	0.0	0.0	1.0
	1.0	0.0	0.0	0.0
	1.0	0.0	0.0	0.0
	0.0	0.0	1.0	0.0
	0.0	0.0	1.0	0.0
	0.0	1.0	0.0	0.0
	0.0	0.0	0.0	1.0
	0.0	0.0	1.0	0.0
	1.0	0.0	0.0	0.0
	0.0	0.0	0.0	1.0
	0.0	0.0	1.0	0.0
	1.0	0.0	0.0	0.0
	0.0	0.0	1.0	0.0
	0.0	0.0	1.0	0.0
	0.0	0.0	1.0	0.0
	0.0	1.0	0.0	0.0
	0.0	0.0	0.0	1.0
	1.0	0.0	0.0	0.0
	0.0	0.0	1.0	0.0
	0.0	1.0	0.0	0.0
	1.0	0.0	0.0	0.0

MEME version 4

ALPHABET= ACGT

MOTIF chr6:26018198-26018208

letter-probability matrix: alength= 4 w= 10
	1.0	0.0	0.0	0.0
	1.0	0.0	0.0	0.0
	1.0	0.0	0.0	0.0
	1.0	0.0	0.0	0.0
	0.5	0.0	0.5	0.0
	1.0	0.0	0.0	0.0
	1.0	0.0	0.0	0.0
	1.0	0.0	0.0	0.0
	1.0	0.0	0.0	0.0
	1.0	0.0	0.0	0.0

MEME version 4

ALPHABET= ACGT

MOTIF chr6:26005831-26005856

letter-probability matrix: alength= 4 w= 25
	0.0	1.0	0.0	0.0
	1.0	0.0	0.0	0.0
	0.0	1.0	0.0	0.0
	0.0	1.0	0.0	0.0
	0.0	0.0	0.0	1.0
	1.0	0.0	0.0	0.0
	1.0	0.0	0.0	0.0
	0.0	0.0	1.0	0.0
	0.0	0.0	1.0	0.0
	0.0	1.0	0.0	0.0
	0.0	0.0	0.0	1.0
	0.0	0.0	1.0	0.0
	1.0	0.0	0.0	0.0
	0.0	0.0	0.0	1.0
	0.0	0.0	1.0	0.0
	1.0	0.0	0.0	0.0
	0.0	0.0	1.0	0.0
	0.0	0.0	1.0	0.0
	0.0	0.0	1.0	0.0
	0.0	1.0	0.0	0.0
	0.0	0.0	0.0	1.0
	1.0	0.0	0.0	0.0
	0.0	0.0	1.0	0.0
	0.0	1.0	0.0	0.0
	1.0	0.0	0.0	0.0

MEME version 4

ALPHABET= ACGT

MOTIF chr1:29138360-29138370

letter-probability matrix: alength= 4 w= 10
	1.0	0.0	0.0	0.0
	1.0	0.0	0.0	0.0
	1.0	0.0	0.0	0.0
	1.0	0.0	0.0	0.0
	0.5	0.0	0.5	0.0
	1.0	0.0	0.0	0.0
	1.0	0.0	0.0	0.0
	1.0	0.0	0.0	0.0
	1.0	0.0	0.0	0.0
	1.0	0.0	0.0	0.0

MEME version 4

ALPHABET= ACGT

MOTIF chr1:29101985-29102010

letter-probability matrix: alength= 4 w= 25
	0.0	1.0	0.0	0.0
	1.0	0.0	0.0	0.0
	0.0	1.0	0.0	0.0
	0.0	1.0	0.0	0.0
	0.0	0.0	0.0	1.0
	1.0	0.0	0.0	0.0
	1.0	0.0	0.0	0.0
	0.0	0.0	1.0	0.0
	0.0	0.0	1.0	0.0
	0.0	1.0	0.0	0.0
	0.0	0.0	0.0	1.0
	0.0	0.0	1.0	0.0
	1.0	0.0	0.0	0.0
	0.0	0.0	0.0	1.0
	0.0	0.0	1.0	0.0
	1.0	0.0	0.0	0.0
	0.0	0.0	1.0	0.0
	0.0	0.0	1.0	0.0
	0.0	0.0	1.0	0.0
	0.0	1.0	0.0	0.0
	0.0	0.0	0.0	1.0
	1.0	0.0	0.0	0.0
	0.0	0.0	1.0	0.0
	0.0	1.0	0.0	0.0
	1.0	0.0	0.0	0.0

MEME version 4

ALPHABET= ACGT

MOTIF chr15:75758956-75758966

letter-probability matrix: alength= 4 w= 10
	1.0	0.0	0.0	0.0
	1.0	0.0	0.0	0.0
	1.0	0.0	0.0	0.0
	1.0	0.0	0.0	0.0
	0.5	0.0	0.5	0.0
	1.0	0.0	0.0	0.0
	1.0	0.0	0.0	0.0
	1.0	0.0	0.0	0.0
	1.0	0.0	0.0	0.0
	1.0	0.0	0.0	0.0

MEME version 4

ALPHABET= ACGT

MOTIF chr15:75844158-75844183

letter-probability matrix: alength= 4 w= 25
	0.0	1.0	0.0	0.0
	1.0	0.0	0.0	0.0
	0.0	1.0	0.0	0.0
	0.0	1.0	0.0	0.0
	0.0	0.0	0.0	1.0
	1.0	0.0	0.0	0.0
	1.0	0.0	0.0	0.0
	0.0	0.0	1.0	0.0
	0.0	0.0	1.0	0.0
	0.0	1.0	0.0	0.0
	0.0	0.0	0.0	1.0
	0.0	0.0	1.0	0.0
	1.0	0.0	0.0	0.0
	0.0	0.0	0.0	1.0
	0.0	0.0	1.0	0.0
	1.0	0.0	0.0	0.0
	0.0	0.0	1.0	0.0
	0.0	0.0	1.0	0.0
	0.0	0.0	1.0	0.0
	0.0	1.0	0.0	0.0
	0.0	0.0	0.0	1.0
	1.0	0.0	0.0	0.0
	0.0	0.0	1.0	0.0
	0.0	1.0	0.0	0.0
	1.0	0.0	0.0	0.0

MEME version 4

ALPHABET= ACGT

MOTIF chr7:25165601-25165611

letter-probability matrix: alength= 4 w= 10
	1.0	0.0	0.0	0.0
	1.0	0.0	0.0	0.0
	1.0	0.0	0.0	0.0
	1.0	0.0	0.0	0.0
	0.5	0.0	0.5	0.0
	1.0	0.0	0.0	0.0
	1.0	0.0	0.0	0.0
	1.0	0.0	0.0	0.0
	1.0	0.0	0.0	0.0
	1.0	0.0	0.0	0.0

MEME version 4

ALPHABET= ACGT

MOTIF chr7:25113480-25113505

letter-probability matrix: alength= 4 w= 25
	0.0	1.0	0.0	0.0
	1.0	0.0	0.0	0.0
	0.0	1.0	0.0	0.0
	0.0	1.0	0.0	0.0
	0.0	0.0	0.0	1.0
	1.0	0.0	0.0	0.0
	1.0	0.0	0.0	0.0
	0.0	0.0	1.0	0.0
	0.0	0.0	1.0	0.0
	0.0	1.0	0.0	0.0
	0.0	0.0	0.0	1.0
	0.0	0.0	1.0	0.0
	1.0	0.0	0.0	0.0
	0.0	0.0	0.0	1.0
	0.0	0.0	1.0	0.0
	1.0	0.0	0.0	0.0
	0.0	0.0	1.0	0.0
	0.0	0.0	1.0	0.0
	0.0	0.0	1.0	0.0
	0.0	1.0	0.0	0.0
	0.0	0.0	0.0	1.0
	1.0	0.0	0.0	0.0
	0.0	0.0	1.0	0.0
	0.0	1.0	0.0	0.0
	1.0	0.0	0.0	0.0

MEME version 4

ALPHABET= ACGT

MOTIF chr22:21127516-21127526

letter-probability matrix: alength= 4 w= 10
	1.0	0.0	0.0	0.0
	1.0	0.0	0.0	0.0
	1.0	0.0	0.0	0.0
	1.0	0.0	0.0	0.0
	0.5	0.0	0.5	0.0
	1.0	0.0	0.0	0.0
	1.0	0.0	0.0	0.0
	1.0	0.0	0.0	0.0
	1.0	0.0	0.0	0.0
	1.0	0.0	0.0	0.0

MEME version 4

ALPHABET= ACGT

MOTIF chr22:21123848-21123873

letter-probability matrix: alength= 4 w= 25
	0.0	1.0	0.0	0.0
	1.0	0.0	0.0	0.0
	0.0	1.0	0.0	0.0
	0.0	1.0	0.0	0.0
	0.0	0.0	0.0	1.0
	1.0	0.0	0.0	0.0
	1.0	0.0	0.0	0.0
	0.0	0.0	1.0	0.0
	0.0	0.0	1.0	0.0
	0.0	1.0	0.0	0.0
	0.0	0.0	0.0	1.0
	0.0	0.0	1.0	0.0
	1.0	0.0	0.0	0.0
	0.0	0.0	0.0	1.0
	0.0	0.0	1.0	0.0
	1.0	0.0	0.0	0.0
	0.0	0.0	1.0	0.0
	0.0	0.0	1.0	0.0
	0.0	0.0	1.0	0.0
	0.0	1.0	0.0	0.0
	0.0	0.0	0.0	1.0
	1.0	0.0	0.0	0.0
	0.0	0.0	1.0	0.0
	0.0	1.0	0.0	0.0
	1.0	0.0	0.0	0.0

MEME version 4

ALPHABET= ACGT

MOTIF chr12:105500660-105500670

letter-probability matrix: alength= 4 w= 10
	1.0	0.0	0.0	0.0
	1.0	0.0	0.0	0.0
	1.0	0.0	0.0	0.0
	1.0	0.0	0.0	0.0
	0.5	0.0	0.5	0.0
	1.0	0.0	0.0	0.0
	1.0	0.0	0.0	0.0
	1.0	0.0	0.0	0.0
	1.0	0.0	0.0	0.0
	1.0	0.0	0.0	0.0

MEME version 4

ALPHABET= ACGT

MOTIF chr12:105493956-105493981

letter-probability matrix: alength= 4 w= 25
	0.0	1.0	0.0	0.0
	1.0	0.0	0.0	0.0
	0.0	1.0	0.0	0.0
	0.0	1.0	0.0	0.0
	0.0	0.0	0.0	1.0
	1.0	0.0	0.0	0.0
	1.0	0.0	0.0	0.0
	0.0	0.0	1.0	0.0
	0.0	0.0	1.0	0.0
	0.0	1.0	0.0	0.0
	0.0	0.0	0.0	1.0
	0.0	0.0	1.0	0.0
	1.0	0.0	0.0	0.0
	0.0	0.0	0.0	1.0
	0.0	0.0	1.0	0.0
	1.0	0.0	0.0	0.0
	0.0	0.0	1.0	0.0
	0.0	0.0	1.0	0.0
	0.0	0.0	1.0	0.0
	0.0	1.0	0.0	0.0
	0.0	0.0	0.0	1.0
	1.0	0.0	0.0	0.0
	0.0	0.0	1.0	0.0
	0.0	1.0	0.0	0.0
	1.0	0.0	0.0	0.0

MEME version 4

ALPHABET= ACGT

MOTIF chr8:74903532-74903542

letter-probability matrix: alength= 4 w= 10
	1.0	0.0	0.0	0.0
	1.0	0.0	0.0	0.0
	1.0	0.0	0.0	0.0
	1.0	0.0	0.0	0.0
	0.5	0.0	0.5	0.0
	1.0	0.0	0.0	0.0
	1.0	0.0	0.0	0.0
	1.0	0.0	0.0	0.0
	1.0	0.0	0.0	0.0
	1.0	0.0	0.0	0.0

MEME version 4

ALPHABET= ACGT

MOTIF chr8:74909700-74909725

letter-probability matrix: alength= 4 w= 25
	0.0	1.0	0.0	0.0
	1.0	0.0	0.0	0.0
	0.0	1.0	0.0	0.0
	0.0	1.0	0.0	0.0
	0.0	0.0	0.0	1.0
	1.0	0.0	0.0	0.0
	1.0	0.0	0.0	0.0
	0.0	0.0	1.0	0.0
	0.0	0.0	1.0	0.0
	0.0	1.0	0.0	0.0
	0.0	0.0	0.0	1.0
	0.0	0.0	1.0	0.0
	1.0	0.0	0.0	0.0
	0.0	0.0	0.0	1.0
	0.0	0.0	1.0	0.0
	1.0	0.0	0.0	0.0
	0.0	0.0	1.0	0.0
	0.0	0.0	1.0	0.0
	0.0	0.0	1.0	0.0
	0.0	1.0	0.0	0.0
	0.0	0.0	0.0	1.0
	1.0	0.0	0.0	0.0
	0.0	0.0	1.0	0.0
	0.0	1.0	0.0	0.0
	1.0	0.0	0.0	0.0

MEME version 4

ALPHABET= ACGT

MOTIF chr5:148737005-148737015

letter-probability matrix: alength= 4 w= 10
	1.0	0.0	0.0	0.0
	1.0	0.0	0.0	0.0
	1.0	0.0	0.0	0.0
	1.0	0.0	0.0	0.0
	0.5	0.0	0.5	0.0
	1.0	0.0	0.0	0.0
	1.0	0.0	0.0	0.0
	1.0	0.0	0.0	0.0
	1.0	0.0	0.0	0.0
	1.0	0.0	0.0	0.0

MEME version 4

ALPHABET= ACGT

MOTIF chr5:148723946-148723971

letter-probability matrix: alength= 4 w= 25
	0.0	1.0	0.0	0.0
	1.0	0.0	0.0	0.0
	0.0	1.0	0.0	0.0
	0.0	1.0	0.0	0.0
	0.0	0.0	0.0	1.0
	1.0	0.0	0.0	0.0
	1.0	0.0	0.0	0.0
	0.0	0.0	1.0	0.0
	0.0	0.0	1.0	0.0
	0.0	1.0	0.0	0.0
	0.0	0.0	0.0	1.0
	0.0	0.0	1.0	0.0
	1.0	0.0	0.0	0.0
	0.0	0.0	0.0	1.0
	0.0	0.0	1.0	0.0
	1.0	0.0	0.0	0.0
	0.0	0.0	1.0	0.0
	0.0	0.0	1.0	0.0
	0.0	0.0	1.0	0.0
	0.0	1.0	0.0	0.0
	0.0	0.0	0.0	1.0
	1.0	0.0	0.0	0.0
	0.0	0.0	1.0	0.0
	0.0	1.0	0.0	0.0
	1.0	0.0	0.0	0.0

MEME version 4

ALPHABET= ACGT

MOTIF chr19:17420060-17420070

letter-probability matrix: alength= 4 w= 10
	1.0	0.0	0.0	0.0
	1.0	0.0	0.0	0.0
	1.0	0.0	0.0	0.0
	1.0	0.0	0.0	0.0
	0.5	0.0	0.5	0.0
	1.0	0.0	0.0	0.0
	1.0	0.0	0.0	0.0
	1.0	0.0	0.0	0.0
	1.0	0.0	0.0	0.0
	1.0	0.0	0.0	0.0

MEME version 4

ALPHABET= ACGT

MOTIF chr19:17444375-17444400

letter-probability matrix: alength= 4 w= 25
	0.0	1.0	0.0	0.0
	1.0	0.0	0.0	0.0
	0.0	1.0	0.0	0.0
	0.0	1.0	0.0	0.0
	0.0	0.0	0.0	1.0
	1.0	0.0	0.0	0.0
	1.0	0.0	0.0	0.0
	0.0	0.0	1.0	0.0
	0.0	0.0	1.0	0.0
	0.0	1.0	0.0	0.0
	0.0	0.0	0.0	1.0
	0.0	0.0	1.0	0.0
	1.0	0.0	0.0	0.0
	0.0	0.0	0.0	1.0
	0.0	0.0	1.0	0.0
	1.0	0.0	0.0	0.0
	0.0	0.0	1.0	0.0
	0.0	0.0	1.0	0.0
	0.0	0.0	1.0	0.0
	0.0	1.0	0.0	0.0
	0.0	0.0	0.0	1.0
	1.0	0.0	0.0	0.0
	0.0	0.0	1.0	0.0
	0.0	1.0	0.0	0.0
	1.0	0.0	0.0	0.0

MEME version 4

ALPHABET= ACGT

MOTIF chr12:133263325-133263335

letter-probability matrix: alength= 4 w= 10
	1.0	0.0	0.0	0.0
	1.0	0.0	0.0	0.0
	1.0	0.0	0.0	0.0
	1.0	0.0	0.0	0.0
	0.5	0.0	0.5	0.0
	1.0	0.0	0.0	0.0
	1.0	0.0	0.0	0.0
	1.0	0.0	0.0	0.0
	1.0	0.0	0.0	0.0
	1.0	0.0	0.0	0.0

MEME version 4

ALPHABET= ACGT

MOTIF chr12:133217819-133217844

letter-probability matrix: alength= 4 w= 25
	0.0	1.0	0.0	0.0
	1.0	0.0	0.0	0.0
	0.0	1.0	0.0	0.0
	0.0	1.0	0.0	0.0
	0.0	0.0	0.0	1.0
	1.0	0.0	0.0	0.0
	1.0	0.0	0.0	0.0
	0.0	0.0	1.0	0.0
	0.0	0.0	1.0	0.0
	0.0	1.0	0.0	0.0
	0.0	0.0	0.0	1.0
	0.0	0.0	1.0	0.0
	1.0	0.0	0.0	0.0
	0.0	0.0	0.0	1.0
	0.0	0.0	1.0	0.0
	1.0	0.0	0.0	0.0
	0.0	0.0	1.0	0.0
	0.0	0.0	1.0	0.0
	0.0	0.0	1.0	0.0
	0.0	1.0	0.0	0.0
	0.0	0.0	0.0	1.0
	1.0	0.0	0.0	0.0
	0.0	0.0	1.0	0.0
	0.0	1.0	0.0	0.0
	1.0	0.0	0.0	0.0

MEME version 4

ALPHABET= ACGT

MOTIF chr5:10225625-10225635

letter-probability matrix: alength= 4 w= 10
	1.0	0.0	0.0	0.0
	1.0	0.0	0.0	0.0
	1.0	0.0	0.0	0.0
	1.0	0.0	0.0	0.0
	0.5	0.0	0.5	0.0
	1.0	0.0	0.0	0.0
	1.0	0.0	0.0	0.0
	1.0	0.0	0.0	0.0
	1.0	0.0	0.0	0.0
	1.0	0.0	0.0	0.0

MEME version 4

ALPHABET= ACGT

MOTIF chr5:10276340-10276365

letter-probability matrix: alength= 4 w= 25
	0.0	1.0	0.0	0.0
	1.0	0.0	0.0	0.0
	0.0	1.0	0.0	0.0
	0.0	1.0	0.0	0.0
	0.0	0.0	0.0	1.0
	1.0	0.0	0.0	0.0
	1.0	0.0	0.0	0.0
	0.0	0.0	1.0	0.0
	0.0	0.0	1.0	0.0
	0.0	1.0	0.0	0.0
	0.0	0.0	0.0	1.0
	0.0	0.0	1.0	0.0
	1.0	0.0	0.0	0.0
	0.0	0.0	0.0	1.0
	0.0	0.0	1.0	0.0
	1.0	0.0	0.0	0.0
	0.0	0.0	1.0	0.0
	0.0	0.0	1.0	0.0
	0.0	0.0	1.0	0.0
	0.0	1.0	0.0	0.0
	0.0	0.0	0.0	1.0
	1.0	0.0	0.0	0.0
	0.0	0.0	1.0	0.0
	0.0	1.0	0.0	0.0
	1.0	0.0	0.0	0.0

MEME version 4

ALPHABET= ACGT

MOTIF chr19:12785941-12785951

letter-probability matrix: alength= 4 w= 10
	1.0	0.0	0.0	0.0
	1.0	0.0	0.0	0.0
	1.0	0.0	0.0	0.0
	1.0	0.0	0.0	0.0
	0.5	0.0	0.5	0.0
	1.0	0.0	0.0	0.0
	1.0	0.0	0.0	0.0
	1.0	0.0	0.0	0.0
	1.0	0.0	0.0	0.0
	1.0	0.0	0.0	0.0

MEME version 4

ALPHABET= ACGT

MOTIF chr19:12801513-12801538

letter-probability matrix: alength= 4 w= 25
	0.0	1.0	0.0	0.0
	1.0	0.0	0.0	0.0
	0.0	1.0	0.0	0.0
	0.0	1.0	0.0	0.0
	0.0	0.0	0.0	1.0
	1.0	0.0	0.0	0.0
	1.0	0.0	0.0	0.0
	0.0	0.0	1.0	0.0
	0.0	0.0	1.0	0.0
	0.0	1.0	0.0	0.0
	0.0	0.0	0.0	1.0
	0.0	0.0	1.0	0.0
	1.0	0.0	0.0	0.0
	0.0	0.0	0.0	1.0
	0.0	0.0	1.0	0.0
	1.0	0.0	0.0	0.0
	0.0	0.0	1.0	0.0
	0.0	0.0	1.0	0.0
	0.0	0.0	1.0	0.0
	0.0	1.0	0.0	0.0
	0.0	0.0	0.0	1.0
	1.0	0.0	0.0	0.0
	0.0	0.0	1.0	0.0
	0.0	1.0	0.0	0.0
	1.0	0.0	0.0	0.0

MEME version 4

ALPHABET= ACGT

MOTIF chr4:74865146-74865156

letter-probability matrix: alength= 4 w= 10
	1.0	0.0	0.0	0.0
	1.0	0.0	0.0	0.0
	1.0	0.0	0.0	0.0
	1.0	0.0	0.0	0.0
	0.5	0.0	0.5	0.0
	1.0	0.0	0.0	0.0
	1.0	0.0	0.0	0.0
	1.0	0.0	0.0	0.0
	1.0	0.0	0.0	0.0
	1.0	0.0	0.0	0.0

MEME version 4

ALPHABET= ACGT

MOTIF chr4:74853693-74853718

letter-probability matrix: alength= 4 w= 25
	0.0	1.0	0.0	0.0
	1.0	0.0	0.0	0.0
	0.0	1.0	0.0	0.0
	0.0	1.0	0.0	0.0
	0.0	0.0	0.0	1.0
	1.0	0.0	0.0	0.0
	1.0	0.0	0.0	0.0
	0.0	0.0	1.0	0.0
	0.0	0.0	1.0	0.0
	0.0	1.0	0.0	0.0
	0.0	0.0	0.0	1.0
	0.0	0.0	1.0	0.0
	1.0	0.0	0.0	0.0
	0.0	0.0	0.0	1.0
	0.0	0.0	1.0	0.0
	1.0	0.0	0.0	0.0
	0.0	0.0	1.0	0.0
	0.0	0.0	1.0	0.0
	0.0	0.0	1.0	0.0
	0.0	1.0	0.0	0.0
	0.0	0.0	0.0	1.0
	1.0	0.0	0.0	0.0
	0.0	0.0	1.0	0.0
	0.0	1.0	0.0	0.0
	1.0	0.0	0.0	0.0

MEME version 4

ALPHABET= ACGT

MOTIF chr12:82873639-82873649

letter-probability matrix: alength= 4 w= 10
	1.0	0.0	0.0	0.0
	1.0	0.0	0.0	0.0
	1.0	0.0	0.0	0.0
	1.0	0.0	0.0	0.0
	0.5	0.0	0.5	0.0
	1.0	0.0	0.0	0.0
	1.0	0.0	0.0	0.0
	1.0	0.0	0.0	0.0
	1.0	0.0	0.0	0.0
	1.0	0.0	0.0	0.0

MEME version 4

ALPHABET= ACGT

MOTIF chr12:82744353-82744378

letter-probability matrix: alength= 4 w= 25
	0.0	1.0	0.0	0.0
	1.0	0.0	0.0	0.0
	0.0	1.0	0.0	0.0
	0.0	1.0	0.0	0.0
	0.0	0.0	0.0	1.0
	1.0	0.0	0.0	0.0
	1.0	0.0	0.0	0.0
	0.0	0.0	1.0	0.0
	0.0	0.0	1.0	0.0
	0.0	1.0	0.0	0.0
	0.0	0.0	0.0	1.0
	0.0	0.0	1.0	0.0
	1.0	0.0	0.0	0.0
	0.0	0.0	0.0	1.0
	0.0	0.0	1.0	0.0
	1.0	0.0	0.0	0.0
	0.0	0.0	1.0	0.0
	0.0	0.0	1.0	0.0
	0.0	0.0	1.0	0.0
	0.0	1.0	0.0	0.0
	0.0	0.0	0.0	1.0
	1.0	0.0	0.0	0.0
	0.0	0.0	1.0	0.0
	0.0	1.0	0.0	0.0
	1.0	0.0	0.0	0.0

MEME version 4

ALPHABET= ACGT

MOTIF chr2:135893898-135893908

letter-probability matrix: alength= 4 w= 10
	1.0	0.0	0.0	0.0
	1.0	0.0	0.0	0.0
	1.0	0.0	0.0	0.0
	1.0	0.0	0.0	0.0
	0.5	0.0	0.5	0.0
	1.0	0.0	0.0	0.0
	1.0	0.0	0.0	0.0
	1.0	0.0	0.0	0.0
	1.0	0.0	0.0	0.0
	1.0	0.0	0.0	0.0

MEME version 4

ALPHABET= ACGT

MOTIF chr2:136303904-136303929

letter-probability matrix: alength= 4 w= 25
	0.0	1.0	0.0	0.0
	1.0	0.0	0.0	0.0
	0.0	1.0	0.0	0.0
	0.0	1.0	0.0	0.0
	0.0	0.0	0.0	1.0
	1.0	0.0	0.0	0.0
	1.0	0.0	0.0	0.0
	0.0	0.0	1.0	0.0
	0.0	0.0	1.0	0.0
	0.0	1.0	0.0	0.0
	0.0	0.0	0.0	1.0
	0.0	0.0	1.0	0.0
	1.0	0.0	0.0	0.0
	0.0	0.0	0.0	1.0
	0.0	0.0	1.0	0.0
	1.0	0.0	0.0	0.0
	0.0	0.0	1.0	0.0
	0.0	0.0	1.0	0.0
	0.0	0.0	1.0	0.0
	0.0	1.0	0.0	0.0
	0.0	0.0	0.0	1.0
	1.0	0.0	0.0	0.0
	0.0	0.0	1.0	0.0
	0.0	1.0	0.0	0.0
	1.0	0.0	0.0	0.0

MEME version 4

ALPHABET= ACGT

MOTIF chr7:143012274-143012284

letter-probability matrix: alength= 4 w= 10
	1.0	0.0	0.0	0.0
	1.0	0.0	0.0	0.0
	1.0	0.0	0.0	0.0
	1.0	0.0	0.0	0.0
	0.5	0.0	0.5	0.0
	1.0	0.0	0.0	0.0
	1.0	0.0	0.0	0.0
	1.0	0.0	0.0	0.0
	1.0	0.0	0.0	0.0
	1.0	0.0	0.0	0.0

MEME version 4

ALPHABET= ACGT

MOTIF chr7:143004051-143004076

letter-probability matrix: alength= 4 w= 25
	0.0	1.0	0.0	0.0
	1.0	0.0	0.0	0.0
	0.0	1.0	0.0	0.0
	0.0	1.0	0.0	0.0
	0.0	0.0	0.0	1.0
	1.0	0.0	0.0	0.0
	1.0	0.0	0.0	0.0
	0.0	0.0	1.0	0.0
	0.0	0.0	1.0	0.0
	0.0	1.0	0.0	0.0
	0.0	0.0	0.0	1.0
	0.0	0.0	1.0	0.0
	1.0	0.0	0.0	0.0
	0.0	0.0	0.0	1.0
	0.0	0.0	1.0	0.0
	1.0	0.0	0.0	0.0
	0.0	0.0	1.0	0.0
	0.0	0.0	1.0	0.0
	0.0	0.0	1.0	0.0
	0.0	1.0	0.0	0.0
	0.0	0.0	0.0	1.0
	1.0	0.0	0.0	0.0
	0.0	0.0	1.0	0.0
	0.0	1.0	0.0	0.0
	1.0	0.0	0.0	0.0

MEME version 4

ALPHABET= ACGT

MOTIF chr2:136288501-136288511

letter-probability matrix: alength= 4 w= 10
	1.0	0.0	0.0	0.0
	1.0	0.0	0.0	0.0
	1.0	0.0	0.0	0.0
	1.0	0.0	0.0	0.0
	0.5	0.0	0.5	0.0
	1.0	0.0	0.0	0.0
	1.0	0.0	0.0	0.0
	1.0	0.0	0.0	0.0
	1.0	0.0	0.0	0.0
	1.0	0.0	0.0	0.0

MEME version 4

ALPHABET= ACGT

MOTIF chr2:136303904-136303929

letter-probability matrix: alength= 4 w= 25
	0.0	1.0	0.0	0.0
	1.0	0.0	0.0	0.0
	0.0	1.0	0.0	0.0
	0.0	1.0	0.0	0.0
	0.0	0.0	0.0	1.0
	1.0	0.0	0.0	0.0
	1.0	0.0	0.0	0.0
	0.0	0.0	1.0	0.0
	0.0	0.0	1.0	0.0
	0.0	1.0	0.0	0.0
	0.0	0.0	0.0	1.0
	0.0	0.0	1.0	0.0
	1.0	0.0	0.0	0.0
	0.0	0.0	0.0	1.0
	0.0	0.0	1.0	0.0
	1.0	0.0	0.0	0.0
	0.0	0.0	1.0	0.0
	0.0	0.0	1.0	0.0
	0.0	0.0	1.0	0.0
	0.0	1.0	0.0	0.0
	0.0	0.0	0.0	1.0
	1.0	0.0	0.0	0.0
	0.0	0.0	1.0	0.0
	0.0	1.0	0.0	0.0
	1.0	0.0	0.0	0.0

MEME version 4

ALPHABET= ACGT

MOTIF chr6:31550935-31550945

letter-probability matrix: alength= 4 w= 10
	1.0	0.0	0.0	0.0
	1.0	0.0	0.0	0.0
	1.0	0.0	0.0	0.0
	1.0	0.0	0.0	0.0
	0.5	0.0	0.5	0.0
	1.0	0.0	0.0	0.0
	1.0	0.0	0.0	0.0
	1.0	0.0	0.0	0.0
	1.0	0.0	0.0	0.0
	1.0	0.0	0.0	0.0

MEME version 4

ALPHABET= ACGT

MOTIF chr6:31567545-31567570

letter-probability matrix: alength= 4 w= 25
	0.0	1.0	0.0	0.0
	1.0	0.0	0.0	0.0
	0.0	1.0	0.0	0.0
	0.0	1.0	0.0	0.0
	0.0	0.0	0.0	1.0
	1.0	0.0	0.0	0.0
	1.0	0.0	0.0	0.0
	0.0	0.0	1.0	0.0
	0.0	0.0	1.0	0.0
	0.0	1.0	0.0	0.0
	0.0	0.0	0.0	1.0
	0.0	0.0	1.0	0.0
	1.0	0.0	0.0	0.0
	0.0	0.0	0.0	1.0
	0.0	0.0	1.0	0.0
	1.0	0.0	0.0	0.0
	0.0	0.0	1.0	0.0
	0.0	0.0	1.0	0.0
	0.0	0.0	1.0	0.0
	0.0	1.0	0.0	0.0
	0.0	0.0	0.0	1.0
	1.0	0.0	0.0	0.0
	0.0	0.0	1.0	0.0
	0.0	1.0	0.0	0.0
	1.0	0.0	0.0	0.0

MEME version 4

ALPHABET= ACGT

MOTIF chr22:50945947-50945957

letter-probability matrix: alength= 4 w= 10
	1.0	0.0	0.0	0.0
	1.0	0.0	0.0	0.0
	1.0	0.0	0.0	0.0
	1.0	0.0	0.0	0.0
	0.5	0.0	0.5	0.0
	1.0	0.0	0.0	0.0
	1.0	0.0	0.0	0.0
	1.0	0.0	0.0	0.0
	1.0	0.0	0.0	0.0
	1.0	0.0	0.0	0.0

MEME version 4

ALPHABET= ACGT

MOTIF chr22:50936866-50936891

letter-probability matrix: alength= 4 w= 25
	0.0	1.0	0.0	0.0
	1.0	0.0	0.0	0.0
	0.0	1.0	0.0	0.0
	0.0	1.0	0.0	0.0
	0.0	0.0	0.0	1.0
	1.0	0.0	0.0	0.0
	1.0	0.0	0.0	0.0
	0.0	0.0	1.0	0.0
	0.0	0.0	1.0	0.0
	0.0	1.0	0.0	0.0
	0.0	0.0	0.0	1.0
	0.0	0.0	1.0	0.0
	1.0	0.0	0.0	0.0
	0.0	0.0	0.0	1.0
	0.0	0.0	1.0	0.0
	1.0	0.0	0.0	0.0
	0.0	0.0	1.0	0.0
	0.0	0.0	1.0	0.0
	0.0	0.0	1.0	0.0
	0.0	1.0	0.0	0.0
	0.0	0.0	0.0	1.0
	1.0	0.0	0.0	0.0
	0.0	0.0	1.0	0.0
	0.0	1.0	0.0	0.0
	1.0	0.0	0.0	0.0

MEME version 4

ALPHABET= ACGT

MOTIF chr6:112407816-112407826

letter-probability matrix: alength= 4 w= 10
	1.0	0.0	0.0	0.0
	1.0	0.0	0.0	0.0
	1.0	0.0	0.0	0.0
	1.0	0.0	0.0	0.0
	0.5	0.0	0.5	0.0
	1.0	0.0	0.0	0.0
	1.0	0.0	0.0	0.0
	1.0	0.0	0.0	0.0
	1.0	0.0	0.0	0.0
	1.0	0.0	0.0	0.0

MEME version 4

ALPHABET= ACGT

MOTIF chr6:112439434-112439459

letter-probability matrix: alength= 4 w= 25
	0.0	1.0	0.0	0.0
	1.0	0.0	0.0	0.0
	0.0	1.0	0.0	0.0
	0.0	1.0	0.0	0.0
	0.0	0.0	0.0	1.0
	1.0	0.0	0.0	0.0
	1.0	0.0	0.0	0.0
	0.0	0.0	1.0	0.0
	0.0	0.0	1.0	0.0
	0.0	1.0	0.0	0.0
	0.0	0.0	0.0	1.0
	0.0	0.0	1.0	0.0
	1.0	0.0	0.0	0.0
	0.0	0.0	0.0	1.0
	0.0	0.0	1.0	0.0
	1.0	0.0	0.0	0.0
	0.0	0.0	1.0	0.0
	0.0	0.0	1.0	0.0
	0.0	0.0	1.0	0.0
	0.0	1.0	0.0	0.0
	0.0	0.0	0.0	1.0
	1.0	0.0	0.0	0.0
	0.0	0.0	1.0	0.0
	0.0	1.0	0.0	0.0
	1.0	0.0	0.0	0.0

MEME version 4

ALPHABET= ACGT

MOTIF chr16:28833697-28833707

letter-probability matrix: alength= 4 w= 10
	1.0	0.0	0.0	0.0
	1.0	0.0	0.0	0.0
	1.0	0.0	0.0	0.0
	1.0	0.0	0.0	0.0
	0.5	0.0	0.5	0.0
	1.0	0.0	0.0	0.0
	1.0	0.0	0.0	0.0
	1.0	0.0	0.0	0.0
	1.0	0.0	0.0	0.0
	1.0	0.0	0.0	0.0

MEME version 4

ALPHABET= ACGT

MOTIF chr16:28813892-28813917

letter-probability matrix: alength= 4 w= 25
	0.0	1.0	0.0	0.0
	1.0	0.0	0.0	0.0
	0.0	1.0	0.0	0.0
	0.0	1.0	0.0	0.0
	0.0	0.0	0.0	1.0
	1.0	0.0	0.0	0.0
	1.0	0.0	0.0	0.0
	0.0	0.0	1.0	0.0
	0.0	0.0	1.0	0.0
	0.0	1.0	0.0	0.0
	0.0	0.0	0.0	1.0
	0.0	0.0	1.0	0.0
	1.0	0.0	0.0	0.0
	0.0	0.0	0.0	1.0
	0.0	0.0	1.0	0.0
	1.0	0.0	0.0	0.0
	0.0	0.0	1.0	0.0
	0.0	0.0	1.0	0.0
	0.0	0.0	1.0	0.0
	0.0	1.0	0.0	0.0
	0.0	0.0	0.0	1.0
	1.0	0.0	0.0	0.0
	0.0	0.0	1.0	0.0
	0.0	1.0	0.0	0.0
	1.0	0.0	0.0	0.0

MEME version 4

ALPHABET= ACGT

MOTIF chr19:14163734-14163744

letter-probability matrix: alength= 4 w= 10
	1.0	0.0	0.0	0.0
	1.0	0.0	0.0	0.0
	1.0	0.0	0.0	0.0
	1.0	0.0	0.0	0.0
	0.5	0.0	0.5	0.0
	1.0	0.0	0.0	0.0
	1.0	0.0	0.0	0.0
	1.0	0.0	0.0	0.0
	1.0	0.0	0.0	0.0
	1.0	0.0	0.0	0.0

MEME version 4

ALPHABET= ACGT

MOTIF chr19:14177526-14177551

letter-probability matrix: alength= 4 w= 25
	0.0	1.0	0.0	0.0
	1.0	0.0	0.0	0.0
	0.0	1.0	0.0	0.0
	0.0	1.0	0.0	0.0
	0.0	0.0	0.0	1.0
	1.0	0.0	0.0	0.0
	1.0	0.0	0.0	0.0
	0.0	0.0	1.0	0.0
	0.0	0.0	1.0	0.0
	0.0	1.0	0.0	0.0
	0.0	0.0	0.0	1.0
	0.0	0.0	1.0	0.0
	1.0	0.0	0.0	0.0
	0.0	0.0	0.0	1.0
	0.0	0.0	1.0	0.0
	1.0	0.0	0.0	0.0
	0.0	0.0	1.0	0.0
	0.0	0.0	1.0	0.0
	0.0	0.0	1.0	0.0
	0.0	1.0	0.0	0.0
	0.0	0.0	0.0	1.0
	1.0	0.0	0.0	0.0
	0.0	0.0	1.0	0.0
	0.0	1.0	0.0	0.0
	1.0	0.0	0.0	0.0

MEME version 4

ALPHABET= ACGT

MOTIF chr16:4523927-4523937

letter-probability matrix: alength= 4 w= 10
	1.0	0.0	0.0	0.0
	1.0	0.0	0.0	0.0
	1.0	0.0	0.0	0.0
	1.0	0.0	0.0	0.0
	0.5	0.0	0.5	0.0
	1.0	0.0	0.0	0.0
	1.0	0.0	0.0	0.0
	1.0	0.0	0.0	0.0
	1.0	0.0	0.0	0.0
	1.0	0.0	0.0	0.0

MEME version 4

ALPHABET= ACGT

MOTIF chr16:4478321-4478346

letter-probability matrix: alength= 4 w= 25
	0.0	1.0	0.0	0.0
	1.0	0.0	0.0	0.0
	0.0	1.0	0.0	0.0
	0.0	1.0	0.0	0.0
	0.0	0.0	0.0	1.0
	1.0	0.0	0.0	0.0
	1.0	0.0	0.0	0.0
	0.0	0.0	1.0	0.0
	0.0	0.0	1.0	0.0
	0.0	1.0	0.0	0.0
	0.0	0.0	0.0	1.0
	0.0	0.0	1.0	0.0
	1.0	0.0	0.0	0.0
	0.0	0.0	0.0	1.0
	0.0	0.0	1.0	0.0
	1.0	0.0	0.0	0.0
	0.0	0.0	1.0	0.0
	0.0	0.0	1.0	0.0
	0.0	0.0	1.0	0.0
	0.0	1.0	0.0	0.0
	0.0	0.0	0.0	1.0
	1.0	0.0	0.0	0.0
	0.0	0.0	1.0	0.0
	0.0	1.0	0.0	0.0
	1.0	0.0	0.0	0.0

MEME version 4

ALPHABET= ACGT

MOTIF chr10:126480996-126481006

letter-probability matrix: alength= 4 w= 10
	1.0	0.0	0.0	0.0
	1.0	0.0	0.0	0.0
	1.0	0.0	0.0	0.0
	1.0	0.0	0.0	0.0
	0.5	0.0	0.5	0.0
	1.0	0.0	0.0	0.0
	1.0	0.0	0.0	0.0
	1.0	0.0	0.0	0.0
	1.0	0.0	0.0	0.0
	1.0	0.0	0.0	0.0

MEME version 4

ALPHABET= ACGT

MOTIF chr10:126503919-126503944

letter-probability matrix: alength= 4 w= 25
	0.0	1.0	0.0	0.0
	1.0	0.0	0.0	0.0
	0.0	1.0	0.0	0.0
	0.0	1.0	0.0	0.0
	0.0	0.0	0.0	1.0
	1.0	0.0	0.0	0.0
	1.0	0.0	0.0	0.0
	0.0	0.0	1.0	0.0
	0.0	0.0	1.0	0.0
	0.0	1.0	0.0	0.0
	0.0	0.0	0.0	1.0
	0.0	0.0	1.0	0.0
	1.0	0.0	0.0	0.0
	0.0	0.0	0.0	1.0
	0.0	0.0	1.0	0.0
	1.0	0.0	0.0	0.0
	0.0	0.0	1.0	0.0
	0.0	0.0	1.0	0.0
	0.0	0.0	1.0	0.0
	0.0	1.0	0.0	0.0
	0.0	0.0	0.0	1.0
	1.0	0.0	0.0	0.0
	0.0	0.0	1.0	0.0
	0.0	1.0	0.0	0.0
	1.0	0.0	0.0	0.0

MEME version 4

ALPHABET= ACGT

MOTIF chr17:79641268-79641278

letter-probability matrix: alength= 4 w= 10
	1.0	0.0	0.0	0.0
	1.0	0.0	0.0	0.0
	1.0	0.0	0.0	0.0
	1.0	0.0	0.0	0.0
	0.5	0.0	0.5	0.0
	1.0	0.0	0.0	0.0
	1.0	0.0	0.0	0.0
	1.0	0.0	0.0	0.0
	1.0	0.0	0.0	0.0
	1.0	0.0	0.0	0.0

MEME version 4

ALPHABET= ACGT

MOTIF chr17:79612601-79612626

letter-probability matrix: alength= 4 w= 25
	0.0	1.0	0.0	0.0
	1.0	0.0	0.0	0.0
	0.0	1.0	0.0	0.0
	0.0	1.0	0.0	0.0
	0.0	0.0	0.0	1.0
	1.0	0.0	0.0	0.0
	1.0	0.0	0.0	0.0
	0.0	0.0	1.0	0.0
	0.0	0.0	1.0	0.0
	0.0	1.0	0.0	0.0
	0.0	0.0	0.0	1.0
	0.0	0.0	1.0	0.0
	1.0	0.0	0.0	0.0
	0.0	0.0	0.0	1.0
	0.0	0.0	1.0	0.0
	1.0	0.0	0.0	0.0
	0.0	0.0	1.0	0.0
	0.0	0.0	1.0	0.0
	0.0	0.0	1.0	0.0
	0.0	1.0	0.0	0.0
	0.0	0.0	0.0	1.0
	1.0	0.0	0.0	0.0
	0.0	0.0	1.0	0.0
	0.0	1.0	0.0	0.0
	1.0	0.0	0.0	0.0

MEME version 4

ALPHABET= ACGT

MOTIF chr10:43905452-43905462

letter-probability matrix: alength= 4 w= 10
	1.0	0.0	0.0	0.0
	1.0	0.0	0.0	0.0
	1.0	0.0	0.0	0.0
	1.0	0.0	0.0	0.0
	0.5	0.0	0.5	0.0
	1.0	0.0	0.0	0.0
	1.0	0.0	0.0	0.0
	1.0	0.0	0.0	0.0
	1.0	0.0	0.0	0.0
	1.0	0.0	0.0	0.0

MEME version 4

ALPHABET= ACGT

MOTIF chr10:43909130-43909155

letter-probability matrix: alength= 4 w= 25
	0.0	1.0	0.0	0.0
	1.0	0.0	0.0	0.0
	0.0	1.0	0.0	0.0
	0.0	1.0	0.0	0.0
	0.0	0.0	0.0	1.0
	1.0	0.0	0.0	0.0
	1.0	0.0	0.0	0.0
	0.0	0.0	1.0	0.0
	0.0	0.0	1.0	0.0
	0.0	1.0	0.0	0.0
	0.0	0.0	0.0	1.0
	0.0	0.0	1.0	0.0
	1.0	0.0	0.0	0.0
	0.0	0.0	0.0	1.0
	0.0	0.0	1.0	0.0
	1.0	0.0	0.0	0.0
	0.0	0.0	1.0	0.0
	0.0	0.0	1.0	0.0
	0.0	0.0	1.0	0.0
	0.0	1.0	0.0	0.0
	0.0	0.0	0.0	1.0
	1.0	0.0	0.0	0.0
	0.0	0.0	1.0	0.0
	0.0	1.0	0.0	0.0
	1.0	0.0	0.0	0.0

MEME version 4

ALPHABET= ACGT

MOTIF chr22:42018068-42018078

letter-probability matrix: alength= 4 w= 10
	1.0	0.0	0.0	0.0
	1.0	0.0	0.0	0.0
	1.0	0.0	0.0	0.0
	1.0	0.0	0.0	0.0
	0.5	0.0	0.5	0.0
	1.0	0.0	0.0	0.0
	1.0	0.0	0.0	0.0
	1.0	0.0	0.0	0.0
	1.0	0.0	0.0	0.0
	1.0	0.0	0.0	0.0

MEME version 4

ALPHABET= ACGT

MOTIF chr22:42077724-42077749

letter-probability matrix: alength= 4 w= 25
	0.0	1.0	0.0	0.0
	1.0	0.0	0.0	0.0
	0.0	1.0	0.0	0.0
	0.0	1.0	0.0	0.0
	0.0	0.0	0.0	1.0
	1.0	0.0	0.0	0.0
	1.0	0.0	0.0	0.0
	0.0	0.0	1.0	0.0
	0.0	0.0	1.0	0.0
	0.0	1.0	0.0	0.0
	0.0	0.0	0.0	1.0
	0.0	0.0	1.0	0.0
	1.0	0.0	0.0	0.0
	0.0	0.0	0.0	1.0
	0.0	0.0	1.0	0.0
	1.0	0.0	0.0	0.0
	0.0	0.0	1.0	0.0
	0.0	0.0	1.0	0.0
	0.0	0.0	1.0	0.0
	0.0	1.0	0.0	0.0
	0.0	0.0	0.0	1.0
	1.0	0.0	0.0	0.0
	0.0	0.0	1.0	0.0
	0.0	1.0	0.0	0.0
	1.0	0.0	0.0	0.0

MEME version 4

ALPHABET= ACGT

MOTIF chr19:40853530-40853540

letter-probability matrix: alength= 4 w= 10
	1.0	0.0	0.0	0.0
	1.0	0.0	0.0	0.0
	1.0	0.0	0.0	0.0
	1.0	0.0	0.0	0.0
	0.5	0.0	0.5	0.0
	1.0	0.0	0.0	0.0
	1.0	0.0	0.0	0.0
	1.0	0.0	0.0	0.0
	1.0	0.0	0.0	0.0
	1.0	0.0	0.0	0.0

MEME version 4

ALPHABET= ACGT

MOTIF chr19:40878359-40878384

letter-probability matrix: alength= 4 w= 25
	0.0	1.0	0.0	0.0
	1.0	0.0	0.0	0.0
	0.0	1.0	0.0	0.0
	0.0	1.0	0.0	0.0
	0.0	0.0	0.0	1.0
	1.0	0.0	0.0	0.0
	1.0	0.0	0.0	0.0
	0.0	0.0	1.0	0.0
	0.0	0.0	1.0	0.0
	0.0	1.0	0.0	0.0
	0.0	0.0	0.0	1.0
	0.0	0.0	1.0	0.0
	1.0	0.0	0.0	0.0
	0.0	0.0	0.0	1.0
	0.0	0.0	1.0	0.0
	1.0	0.0	0.0	0.0
	0.0	0.0	1.0	0.0
	0.0	0.0	1.0	0.0
	0.0	0.0	1.0	0.0
	0.0	1.0	0.0	0.0
	0.0	0.0	0.0	1.0
	1.0	0.0	0.0	0.0
	0.0	0.0	1.0	0.0
	0.0	1.0	0.0	0.0
	1.0	0.0	0.0	0.0

MEME version 4

ALPHABET= ACGT

MOTIF chr14:24712588-24712598

letter-probability matrix: alength= 4 w= 10
	1.0	0.0	0.0	0.0
	1.0	0.0	0.0	0.0
	1.0	0.0	0.0	0.0
	1.0	0.0	0.0	0.0
	0.5	0.0	0.5	0.0
	1.0	0.0	0.0	0.0
	1.0	0.0	0.0	0.0
	1.0	0.0	0.0	0.0
	1.0	0.0	0.0	0.0
	1.0	0.0	0.0	0.0

MEME version 4

ALPHABET= ACGT

MOTIF chr14:24683770-24683795

letter-probability matrix: alength= 4 w= 25
	0.0	1.0	0.0	0.0
	1.0	0.0	0.0	0.0
	0.0	1.0	0.0	0.0
	0.0	1.0	0.0	0.0
	0.0	0.0	0.0	1.0
	1.0	0.0	0.0	0.0
	1.0	0.0	0.0	0.0
	0.0	0.0	1.0	0.0
	0.0	0.0	1.0	0.0
	0.0	1.0	0.0	0.0
	0.0	0.0	0.0	1.0
	0.0	0.0	1.0	0.0
	1.0	0.0	0.0	0.0
	0.0	0.0	0.0	1.0
	0.0	0.0	1.0	0.0
	1.0	0.0	0.0	0.0
	0.0	0.0	1.0	0.0
	0.0	0.0	1.0	0.0
	0.0	0.0	1.0	0.0
	0.0	1.0	0.0	0.0
	0.0	0.0	0.0	1.0
	1.0	0.0	0.0	0.0
	0.0	0.0	1.0	0.0
	0.0	1.0	0.0	0.0
	1.0	0.0	0.0	0.0

MEME version 4

ALPHABET= ACGT

MOTIF chr19:40887085-40887095

letter-probability matrix: alength= 4 w= 10
	1.0	0.0	0.0	0.0
	1.0	0.0	0.0	0.0
	1.0	0.0	0.0	0.0
	1.0	0.0	0.0	0.0
	0.5	0.0	0.5	0.0
	1.0	0.0	0.0	0.0
	1.0	0.0	0.0	0.0
	1.0	0.0	0.0	0.0
	1.0	0.0	0.0	0.0
	1.0	0.0	0.0	0.0

MEME version 4

ALPHABET= ACGT

MOTIF chr19:40881122-40881147

letter-probability matrix: alength= 4 w= 25
	0.0	1.0	0.0	0.0
	1.0	0.0	0.0	0.0
	0.0	1.0	0.0	0.0
	0.0	1.0	0.0	0.0
	0.0	0.0	0.0	1.0
	1.0	0.0	0.0	0.0
	1.0	0.0	0.0	0.0
	0.0	0.0	1.0	0.0
	0.0	0.0	1.0	0.0
	0.0	1.0	0.0	0.0
	0.0	0.0	0.0	1.0
	0.0	0.0	1.0	0.0
	1.0	0.0	0.0	0.0
	0.0	0.0	0.0	1.0
	0.0	0.0	1.0	0.0
	1.0	0.0	0.0	0.0
	0.0	0.0	1.0	0.0
	0.0	0.0	1.0	0.0
	0.0	0.0	1.0	0.0
	0.0	1.0	0.0	0.0
	0.0	0.0	0.0	1.0
	1.0	0.0	0.0	0.0
	0.0	0.0	1.0	0.0
	0.0	1.0	0.0	0.0
	1.0	0.0	0.0	0.0

MEME version 4

ALPHABET= ACGT

MOTIF chr4:108510687-108510697

letter-probability matrix: alength= 4 w= 10
	1.0	0.0	0.0	0.0
	1.0	0.0	0.0	0.0
	1.0	0.0	0.0	0.0
	1.0	0.0	0.0	0.0
	0.5	0.0	0.5	0.0
	1.0	0.0	0.0	0.0
	1.0	0.0	0.0	0.0
	1.0	0.0	0.0	0.0
	1.0	0.0	0.0	0.0
	1.0	0.0	0.0	0.0

MEME version 4

ALPHABET= ACGT

MOTIF chr4:108614534-108614559

letter-probability matrix: alength= 4 w= 25
	0.0	1.0	0.0	0.0
	1.0	0.0	0.0	0.0
	0.0	1.0	0.0	0.0
	0.0	1.0	0.0	0.0
	0.0	0.0	0.0	1.0
	1.0	0.0	0.0	0.0
	1.0	0.0	0.0	0.0
	0.0	0.0	1.0	0.0
	0.0	0.0	1.0	0.0
	0.0	1.0	0.0	0.0
	0.0	0.0	0.0	1.0
	0.0	0.0	1.0	0.0
	1.0	0.0	0.0	0.0
	0.0	0.0	0.0	1.0
	0.0	0.0	1.0	0.0
	1.0	0.0	0.0	0.0
	0.0	0.0	1.0	0.0
	0.0	0.0	1.0	0.0
	0.0	0.0	1.0	0.0
	0.0	1.0	0.0	0.0
	0.0	0.0	0.0	1.0
	1.0	0.0	0.0	0.0
	0.0	0.0	1.0	0.0
	0.0	1.0	0.0	0.0
	1.0	0.0	0.0	0.0

MEME version 4

ALPHABET= ACGT

MOTIF chr10:32296997-32297007

letter-probability matrix: alength= 4 w= 10
	1.0	0.0	0.0	0.0
	1.0	0.0	0.0	0.0
	1.0	0.0	0.0	0.0
	1.0	0.0	0.0	0.0
	0.5	0.0	0.5	0.0
	1.0	0.0	0.0	0.0
	1.0	0.0	0.0	0.0
	1.0	0.0	0.0	0.0
	1.0	0.0	0.0	0.0
	1.0	0.0	0.0	0.0

MEME version 4

ALPHABET= ACGT

MOTIF chr10:32354921-32354946

letter-probability matrix: alength= 4 w= 25
	0.0	1.0	0.0	0.0
	1.0	0.0	0.0	0.0
	0.0	1.0	0.0	0.0
	0.0	1.0	0.0	0.0
	0.0	0.0	0.0	1.0
	1.0	0.0	0.0	0.0
	1.0	0.0	0.0	0.0
	0.0	0.0	1.0	0.0
	0.0	0.0	1.0	0.0
	0.0	1.0	0.0	0.0
	0.0	0.0	0.0	1.0
	0.0	0.0	1.0	0.0
	1.0	0.0	0.0	0.0
	0.0	0.0	0.0	1.0
	0.0	0.0	1.0	0.0
	1.0	0.0	0.0	0.0
	0.0	0.0	1.0	0.0
	0.0	0.0	1.0	0.0
	0.0	0.0	1.0	0.0
	0.0	1.0	0.0	0.0
	0.0	0.0	0.0	1.0
	1.0	0.0	0.0	0.0
	0.0	0.0	1.0	0.0
	0.0	1.0	0.0	0.0
	1.0	0.0	0.0	0.0

MEME version 4

ALPHABET= ACGT

MOTIF chr22:50962883-50962893

letter-probability matrix: alength= 4 w= 10
	1.0	0.0	0.0	0.0
	1.0	0.0	0.0	0.0
	1.0	0.0	0.0	0.0
	1.0	0.0	0.0	0.0
	0.5	0.0	0.5	0.0
	1.0	0.0	0.0	0.0
	1.0	0.0	0.0	0.0
	1.0	0.0	0.0	0.0
	1.0	0.0	0.0	0.0
	1.0	0.0	0.0	0.0

MEME version 4

ALPHABET= ACGT

MOTIF chr22:50936866-50936891

letter-probability matrix: alength= 4 w= 25
	0.0	1.0	0.0	0.0
	1.0	0.0	0.0	0.0
	0.0	1.0	0.0	0.0
	0.0	1.0	0.0	0.0
	0.0	0.0	0.0	1.0
	1.0	0.0	0.0	0.0
	1.0	0.0	0.0	0.0
	0.0	0.0	1.0	0.0
	0.0	0.0	1.0	0.0
	0.0	1.0	0.0	0.0
	0.0	0.0	0.0	1.0
	0.0	0.0	1.0	0.0
	1.0	0.0	0.0	0.0
	0.0	0.0	0.0	1.0
	0.0	0.0	1.0	0.0
	1.0	0.0	0.0	0.0
	0.0	0.0	1.0	0.0
	0.0	0.0	1.0	0.0
	0.0	0.0	1.0	0.0
	0.0	1.0	0.0	0.0
	0.0	0.0	0.0	1.0
	1.0	0.0	0.0	0.0
	0.0	0.0	1.0	0.0
	0.0	1.0	0.0	0.0
	1.0	0.0	0.0	0.0

MEME version 4

ALPHABET= ACGT

MOTIF chr17:79634270-79634280

letter-probability matrix: alength= 4 w= 10
	1.0	0.0	0.0	0.0
	1.0	0.0	0.0	0.0
	1.0	0.0	0.0	0.0
	1.0	0.0	0.0	0.0
	0.5	0.0	0.5	0.0
	1.0	0.0	0.0	0.0
	1.0	0.0	0.0	0.0
	1.0	0.0	0.0	0.0
	1.0	0.0	0.0	0.0
	1.0	0.0	0.0	0.0

MEME version 4

ALPHABET= ACGT

MOTIF chr17:79612601-79612626

letter-probability matrix: alength= 4 w= 25
	0.0	1.0	0.0	0.0
	1.0	0.0	0.0	0.0
	0.0	1.0	0.0	0.0
	0.0	1.0	0.0	0.0
	0.0	0.0	0.0	1.0
	1.0	0.0	0.0	0.0
	1.0	0.0	0.0	0.0
	0.0	0.0	1.0	0.0
	0.0	0.0	1.0	0.0
	0.0	1.0	0.0	0.0
	0.0	0.0	0.0	1.0
	0.0	0.0	1.0	0.0
	1.0	0.0	0.0	0.0
	0.0	0.0	0.0	1.0
	0.0	0.0	1.0	0.0
	1.0	0.0	0.0	0.0
	0.0	0.0	1.0	0.0
	0.0	0.0	1.0	0.0
	0.0	0.0	1.0	0.0
	0.0	1.0	0.0	0.0
	0.0	0.0	0.0	1.0
	1.0	0.0	0.0	0.0
	0.0	0.0	1.0	0.0
	0.0	1.0	0.0	0.0
	1.0	0.0	0.0	0.0

MEME version 4

ALPHABET= ACGT

MOTIF chr20:30312283-30312293

letter-probability matrix: alength= 4 w= 10
	1.0	0.0	0.0	0.0
	1.0	0.0	0.0	0.0
	1.0	0.0	0.0	0.0
	1.0	0.0	0.0	0.0
	0.5	0.0	0.5	0.0
	1.0	0.0	0.0	0.0
	1.0	0.0	0.0	0.0
	1.0	0.0	0.0	0.0
	1.0	0.0	0.0	0.0
	1.0	0.0	0.0	0.0

MEME version 4

ALPHABET= ACGT

MOTIF chr20:30325735-30325760

letter-probability matrix: alength= 4 w= 25
	0.0	1.0	0.0	0.0
	1.0	0.0	0.0	0.0
	0.0	1.0	0.0	0.0
	0.0	1.0	0.0	0.0
	0.0	0.0	0.0	1.0
	1.0	0.0	0.0	0.0
	1.0	0.0	0.0	0.0
	0.0	0.0	1.0	0.0
	0.0	0.0	1.0	0.0
	0.0	1.0	0.0	0.0
	0.0	0.0	0.0	1.0
	0.0	0.0	1.0	0.0
	1.0	0.0	0.0	0.0
	0.0	0.0	0.0	1.0
	0.0	0.0	1.0	0.0
	1.0	0.0	0.0	0.0
	0.0	0.0	1.0	0.0
	0.0	0.0	1.0	0.0
	0.0	0.0	1.0	0.0
	0.0	1.0	0.0	0.0
	0.0	0.0	0.0	1.0
	1.0	0.0	0.0	0.0
	0.0	0.0	1.0	0.0
	0.0	1.0	0.0	0.0
	1.0	0.0	0.0	0.0

MEME version 4

ALPHABET= ACGT

MOTIF chr3:138372204-138372214

letter-probability matrix: alength= 4 w= 10
	1.0	0.0	0.0	0.0
	1.0	0.0	0.0	0.0
	1.0	0.0	0.0	0.0
	1.0	0.0	0.0	0.0
	0.5	0.0	0.5	0.0
	1.0	0.0	0.0	0.0
	1.0	0.0	0.0	0.0
	1.0	0.0	0.0	0.0
	1.0	0.0	0.0	0.0
	1.0	0.0	0.0	0.0

MEME version 4

ALPHABET= ACGT

MOTIF chr3:138534122-138534147

letter-probability matrix: alength= 4 w= 25
	0.0	1.0	0.0	0.0
	1.0	0.0	0.0	0.0
	0.0	1.0	0.0	0.0
	0.0	1.0	0.0	0.0
	0.0	0.0	0.0	1.0
	1.0	0.0	0.0	0.0
	1.0	0.0	0.0	0.0
	0.0	0.0	1.0	0.0
	0.0	0.0	1.0	0.0
	0.0	1.0	0.0	0.0
	0.0	0.0	0.0	1.0
	0.0	0.0	1.0	0.0
	1.0	0.0	0.0	0.0
	0.0	0.0	0.0	1.0
	0.0	0.0	1.0	0.0
	1.0	0.0	0.0	0.0
	0.0	0.0	1.0	0.0
	0.0	0.0	1.0	0.0
	0.0	0.0	1.0	0.0
	0.0	1.0	0.0	0.0
	0.0	0.0	0.0	1.0
	1.0	0.0	0.0	0.0
	0.0	0.0	1.0	0.0
	0.0	1.0	0.0	0.0
	1.0	0.0	0.0	0.0

MEME version 4

ALPHABET= ACGT

MOTIF chr1:173578148-173578158

letter-probability matrix: alength= 4 w= 10
	1.0	0.0	0.0	0.0
	1.0	0.0	0.0	0.0
	1.0	0.0	0.0	0.0
	1.0	0.0	0.0	0.0
	0.5	0.0	0.5	0.0
	1.0	0.0	0.0	0.0
	1.0	0.0	0.0	0.0
	1.0	0.0	0.0	0.0
	1.0	0.0	0.0	0.0
	1.0	0.0	0.0	0.0

MEME version 4

ALPHABET= ACGT

MOTIF chr1:173632751-173632776

letter-probability matrix: alength= 4 w= 25
	0.0	1.0	0.0	0.0
	1.0	0.0	0.0	0.0
	0.0	1.0	0.0	0.0
	0.0	1.0	0.0	0.0
	0.0	0.0	0.0	1.0
	1.0	0.0	0.0	0.0
	1.0	0.0	0.0	0.0
	0.0	0.0	1.0	0.0
	0.0	0.0	1.0	0.0
	0.0	1.0	0.0	0.0
	0.0	0.0	0.0	1.0
	0.0	0.0	1.0	0.0
	1.0	0.0	0.0	0.0
	0.0	0.0	0.0	1.0
	0.0	0.0	1.0	0.0
	1.0	0.0	0.0	0.0
	0.0	0.0	1.0	0.0
	0.0	0.0	1.0	0.0
	0.0	0.0	1.0	0.0
	0.0	1.0	0.0	0.0
	0.0	0.0	0.0	1.0
	1.0	0.0	0.0	0.0
	0.0	0.0	1.0	0.0
	0.0	1.0	0.0	0.0
	1.0	0.0	0.0	0.0

MEME version 4

ALPHABET= ACGT

MOTIF chr19:55681693-55681703

letter-probability matrix: alength= 4 w= 10
	1.0	0.0	0.0	0.0
	1.0	0.0	0.0	0.0
	1.0	0.0	0.0	0.0
	1.0	0.0	0.0	0.0
	0.5	0.0	0.5	0.0
	1.0	0.0	0.0	0.0
	1.0	0.0	0.0	0.0
	1.0	0.0	0.0	0.0
	1.0	0.0	0.0	0.0
	1.0	0.0	0.0	0.0

MEME version 4

ALPHABET= ACGT

MOTIF chr19:55696576-55696601

letter-probability matrix: alength= 4 w= 25
	0.0	1.0	0.0	0.0
	1.0	0.0	0.0	0.0
	0.0	1.0	0.0	0.0
	0.0	1.0	0.0	0.0
	0.0	0.0	0.0	1.0
	1.0	0.0	0.0	0.0
	1.0	0.0	0.0	0.0
	0.0	0.0	1.0	0.0
	0.0	0.0	1.0	0.0
	0.0	1.0	0.0	0.0
	0.0	0.0	0.0	1.0
	0.0	0.0	1.0	0.0
	1.0	0.0	0.0	0.0
	0.0	0.0	0.0	1.0
	0.0	0.0	1.0	0.0
	1.0	0.0	0.0	0.0
	0.0	0.0	1.0	0.0
	0.0	0.0	1.0	0.0
	0.0	0.0	1.0	0.0
	0.0	1.0	0.0	0.0
	0.0	0.0	0.0	1.0
	1.0	0.0	0.0	0.0
	0.0	0.0	1.0	0.0
	0.0	1.0	0.0	0.0
	1.0	0.0	0.0	0.0

MEME version 4

ALPHABET= ACGT

MOTIF chr17:79632055-79632065

letter-probability matrix: alength= 4 w= 10
	1.0	0.0	0.0	0.0
	1.0	0.0	0.0	0.0
	1.0	0.0	0.0	0.0
	1.0	0.0	0.0	0.0
	0.5	0.0	0.5	0.0
	1.0	0.0	0.0	0.0
	1.0	0.0	0.0	0.0
	1.0	0.0	0.0	0.0
	1.0	0.0	0.0	0.0
	1.0	0.0	0.0	0.0

MEME version 4

ALPHABET= ACGT

MOTIF chr17:79612601-79612626

letter-probability matrix: alength= 4 w= 25
	0.0	1.0	0.0	0.0
	1.0	0.0	0.0	0.0
	0.0	1.0	0.0	0.0
	0.0	1.0	0.0	0.0
	0.0	0.0	0.0	1.0
	1.0	0.0	0.0	0.0
	1.0	0.0	0.0	0.0
	0.0	0.0	1.0	0.0
	0.0	0.0	1.0	0.0
	0.0	1.0	0.0	0.0
	0.0	0.0	0.0	1.0
	0.0	0.0	1.0	0.0
	1.0	0.0	0.0	0.0
	0.0	0.0	0.0	1.0
	0.0	0.0	1.0	0.0
	1.0	0.0	0.0	0.0
	0.0	0.0	1.0	0.0
	0.0	0.0	1.0	0.0
	0.0	0.0	1.0	0.0
	0.0	1.0	0.0	0.0
	0.0	0.0	0.0	1.0
	1.0	0.0	0.0	0.0
	0.0	0.0	1.0	0.0
	0.0	1.0	0.0	0.0
	1.0	0.0	0.0	0.0

MEME version 4

ALPHABET= ACGT

MOTIF chr1:29190621-29190631

letter-probability matrix: alength= 4 w= 10
	1.0	0.0	0.0	0.0
	1.0	0.0	0.0	0.0
	1.0	0.0	0.0	0.0
	1.0	0.0	0.0	0.0
	0.5	0.0	0.5	0.0
	1.0	0.0	0.0	0.0
	1.0	0.0	0.0	0.0
	1.0	0.0	0.0	0.0
	1.0	0.0	0.0	0.0
	1.0	0.0	0.0	0.0

MEME version 4

ALPHABET= ACGT

MOTIF chr1:29112103-29112128

letter-probability matrix: alength= 4 w= 25
	0.0	1.0	0.0	0.0
	1.0	0.0	0.0	0.0
	0.0	1.0	0.0	0.0
	0.0	1.0	0.0	0.0
	0.0	0.0	0.0	1.0
	1.0	0.0	0.0	0.0
	1.0	0.0	0.0	0.0
	0.0	0.0	1.0	0.0
	0.0	0.0	1.0	0.0
	0.0	1.0	0.0	0.0
	0.0	0.0	0.0	1.0
	0.0	0.0	1.0	0.0
	1.0	0.0	0.0	0.0
	0.0	0.0	0.0	1.0
	0.0	0.0	1.0	0.0
	1.0	0.0	0.0	0.0
	0.0	0.0	1.0	0.0
	0.0	0.0	1.0	0.0
	0.0	0.0	1.0	0.0
	0.0	1.0	0.0	0.0
	0.0	0.0	0.0	1.0
	1.0	0.0	0.0	0.0
	0.0	0.0	1.0	0.0
	0.0	1.0	0.0	0.0
	1.0	0.0	0.0	0.0

MEME version 4

ALPHABET= ACGT

MOTIF chr19:41859519-41859529

letter-probability matrix: alength= 4 w= 10
	1.0	0.0	0.0	0.0
	1.0	0.0	0.0	0.0
	1.0	0.0	0.0	0.0
	1.0	0.0	0.0	0.0
	0.5	0.0	0.5	0.0
	1.0	0.0	0.0	0.0
	1.0	0.0	0.0	0.0
	1.0	0.0	0.0	0.0
	1.0	0.0	0.0	0.0
	1.0	0.0	0.0	0.0

MEME version 4

ALPHABET= ACGT

MOTIF chr19:41901560-41901585

letter-probability matrix: alength= 4 w= 25
	0.0	1.0	0.0	0.0
	1.0	0.0	0.0	0.0
	0.0	1.0	0.0	0.0
	0.0	1.0	0.0	0.0
	0.0	0.0	0.0	1.0
	1.0	0.0	0.0	0.0
	1.0	0.0	0.0	0.0
	0.0	0.0	1.0	0.0
	0.0	0.0	1.0	0.0
	0.0	1.0	0.0	0.0
	0.0	0.0	0.0	1.0
	0.0	0.0	1.0	0.0
	1.0	0.0	0.0	0.0
	0.0	0.0	0.0	1.0
	0.0	0.0	1.0	0.0
	1.0	0.0	0.0	0.0
	0.0	0.0	1.0	0.0
	0.0	0.0	1.0	0.0
	0.0	0.0	1.0	0.0
	0.0	1.0	0.0	0.0
	0.0	0.0	0.0	1.0
	1.0	0.0	0.0	0.0
	0.0	0.0	1.0	0.0
	0.0	1.0	0.0	0.0
	1.0	0.0	0.0	0.0

MEME version 4

ALPHABET= ACGT

MOTIF chr7:5085241-5085251

letter-probability matrix: alength= 4 w= 10
	1.0	0.0	0.0	0.0
	1.0	0.0	0.0	0.0
	1.0	0.0	0.0	0.0
	1.0	0.0	0.0	0.0
	0.5	0.0	0.5	0.0
	1.0	0.0	0.0	0.0
	1.0	0.0	0.0	0.0
	1.0	0.0	0.0	0.0
	1.0	0.0	0.0	0.0
	1.0	0.0	0.0	0.0

MEME version 4

ALPHABET= ACGT

MOTIF chr7:5080061-5080086

letter-probability matrix: alength= 4 w= 25
	0.0	1.0	0.0	0.0
	1.0	0.0	0.0	0.0
	0.0	1.0	0.0	0.0
	0.0	1.0	0.0	0.0
	0.0	0.0	0.0	1.0
	1.0	0.0	0.0	0.0
	1.0	0.0	0.0	0.0
	0.0	0.0	1.0	0.0
	0.0	0.0	1.0	0.0
	0.0	1.0	0.0	0.0
	0.0	0.0	0.0	1.0
	0.0	0.0	1.0	0.0
	1.0	0.0	0.0	0.0
	0.0	0.0	0.0	1.0
	0.0	0.0	1.0	0.0
	1.0	0.0	0.0	0.0
	0.0	0.0	1.0	0.0
	0.0	0.0	1.0	0.0
	0.0	0.0	1.0	0.0
	0.0	1.0	0.0	0.0
	0.0	0.0	0.0	1.0
	1.0	0.0	0.0	0.0
	0.0	0.0	1.0	0.0
	0.0	1.0	0.0	0.0
	1.0	0.0	0.0	0.0

MEME version 4

ALPHABET= ACGT

MOTIF chr12:58177203-58177213

letter-probability matrix: alength= 4 w= 10
	1.0	0.0	0.0	0.0
	1.0	0.0	0.0	0.0
	1.0	0.0	0.0	0.0
	1.0	0.0	0.0	0.0
	0.5	0.0	0.5	0.0
	1.0	0.0	0.0	0.0
	1.0	0.0	0.0	0.0
	1.0	0.0	0.0	0.0
	1.0	0.0	0.0	0.0
	1.0	0.0	0.0	0.0

MEME version 4

ALPHABET= ACGT

MOTIF chr12:58150531-58150556

letter-probability matrix: alength= 4 w= 25
	0.0	1.0	0.0	0.0
	1.0	0.0	0.0	0.0
	0.0	1.0	0.0	0.0
	0.0	1.0	0.0	0.0
	0.0	0.0	0.0	1.0
	1.0	0.0	0.0	0.0
	1.0	0.0	0.0	0.0
	0.0	0.0	1.0	0.0
	0.0	0.0	1.0	0.0
	0.0	1.0	0.0	0.0
	0.0	0.0	0.0	1.0
	0.0	0.0	1.0	0.0
	1.0	0.0	0.0	0.0
	0.0	0.0	0.0	1.0
	0.0	0.0	1.0	0.0
	1.0	0.0	0.0	0.0
	0.0	0.0	1.0	0.0
	0.0	0.0	1.0	0.0
	0.0	0.0	1.0	0.0
	0.0	1.0	0.0	0.0
	0.0	0.0	0.0	1.0
	1.0	0.0	0.0	0.0
	0.0	0.0	1.0	0.0
	0.0	1.0	0.0	0.0
	1.0	0.0	0.0	0.0

MEME version 4

ALPHABET= ACGT

MOTIF chr2:209131525-209131535

letter-probability matrix: alength= 4 w= 10
	1.0	0.0	0.0	0.0
	1.0	0.0	0.0	0.0
	1.0	0.0	0.0	0.0
	1.0	0.0	0.0	0.0
	0.5	0.0	0.5	0.0
	1.0	0.0	0.0	0.0
	1.0	0.0	0.0	0.0
	1.0	0.0	0.0	0.0
	1.0	0.0	0.0	0.0
	1.0	0.0	0.0	0.0

MEME version 4

ALPHABET= ACGT

MOTIF chr2:209150595-209150620

letter-probability matrix: alength= 4 w= 25
	0.0	1.0	0.0	0.0
	1.0	0.0	0.0	0.0
	0.0	1.0	0.0	0.0
	0.0	1.0	0.0	0.0
	0.0	0.0	0.0	1.0
	1.0	0.0	0.0	0.0
	1.0	0.0	0.0	0.0
	0.0	0.0	1.0	0.0
	0.0	0.0	1.0	0.0
	0.0	1.0	0.0	0.0
	0.0	0.0	0.0	1.0
	0.0	0.0	1.0	0.0
	1.0	0.0	0.0	0.0
	0.0	0.0	0.0	1.0
	0.0	0.0	1.0	0.0
	1.0	0.0	0.0	0.0
	0.0	0.0	1.0	0.0
	0.0	0.0	1.0	0.0
	0.0	0.0	1.0	0.0
	0.0	1.0	0.0	0.0
	0.0	0.0	0.0	1.0
	1.0	0.0	0.0	0.0
	0.0	0.0	1.0	0.0
	0.0	1.0	0.0	0.0
	1.0	0.0	0.0	0.0

MEME version 4

ALPHABET= ACGT

MOTIF chr19:36361080-36361090

letter-probability matrix: alength= 4 w= 10
	1.0	0.0	0.0	0.0
	1.0	0.0	0.0	0.0
	1.0	0.0	0.0	0.0
	1.0	0.0	0.0	0.0
	0.5	0.0	0.5	0.0
	1.0	0.0	0.0	0.0
	1.0	0.0	0.0	0.0
	1.0	0.0	0.0	0.0
	1.0	0.0	0.0	0.0
	1.0	0.0	0.0	0.0

MEME version 4

ALPHABET= ACGT

MOTIF chr19:36370156-36370181

letter-probability matrix: alength= 4 w= 25
	0.0	1.0	0.0	0.0
	1.0	0.0	0.0	0.0
	0.0	1.0	0.0	0.0
	0.0	1.0	0.0	0.0
	0.0	0.0	0.0	1.0
	1.0	0.0	0.0	0.0
	1.0	0.0	0.0	0.0
	0.0	0.0	1.0	0.0
	0.0	0.0	1.0	0.0
	0.0	1.0	0.0	0.0
	0.0	0.0	0.0	1.0
	0.0	0.0	1.0	0.0
	1.0	0.0	0.0	0.0
	0.0	0.0	0.0	1.0
	0.0	0.0	1.0	0.0
	1.0	0.0	0.0	0.0
	0.0	0.0	1.0	0.0
	0.0	0.0	1.0	0.0
	0.0	0.0	1.0	0.0
	0.0	1.0	0.0	0.0
	0.0	0.0	0.0	1.0
	1.0	0.0	0.0	0.0
	0.0	0.0	1.0	0.0
	0.0	1.0	0.0	0.0
	1.0	0.0	0.0	0.0

MEME version 4

ALPHABET= ACGT

MOTIF chr2:68686130-68686140

letter-probability matrix: alength= 4 w= 10
	1.0	0.0	0.0	0.0
	1.0	0.0	0.0	0.0
	1.0	0.0	0.0	0.0
	1.0	0.0	0.0	0.0
	0.5	0.0	0.5	0.0
	1.0	0.0	0.0	0.0
	1.0	0.0	0.0	0.0
	1.0	0.0	0.0	0.0
	1.0	0.0	0.0	0.0
	1.0	0.0	0.0	0.0

MEME version 4

ALPHABET= ACGT

MOTIF chr2:68716084-68716109

letter-probability matrix: alength= 4 w= 25
	0.0	1.0	0.0	0.0
	1.0	0.0	0.0	0.0
	0.0	1.0	0.0	0.0
	0.0	1.0	0.0	0.0
	0.0	0.0	0.0	1.0
	1.0	0.0	0.0	0.0
	1.0	0.0	0.0	0.0
	0.0	0.0	1.0	0.0
	0.0	0.0	1.0	0.0
	0.0	1.0	0.0	0.0
	0.0	0.0	0.0	1.0
	0.0	0.0	1.0	0.0
	1.0	0.0	0.0	0.0
	0.0	0.0	0.0	1.0
	0.0	0.0	1.0	0.0
	1.0	0.0	0.0	0.0
	0.0	0.0	1.0	0.0
	0.0	0.0	1.0	0.0
	0.0	0.0	1.0	0.0
	0.0	1.0	0.0	0.0
	0.0	0.0	0.0	1.0
	1.0	0.0	0.0	0.0
	0.0	0.0	1.0	0.0
	0.0	1.0	0.0	0.0
	1.0	0.0	0.0	0.0

MEME version 4

ALPHABET= ACGT

MOTIF chr12:105563832-105563842

letter-probability matrix: alength= 4 w= 10
	1.0	0.0	0.0	0.0
	1.0	0.0	0.0	0.0
	1.0	0.0	0.0	0.0
	1.0	0.0	0.0	0.0
	0.5	0.0	0.5	0.0
	1.0	0.0	0.0	0.0
	1.0	0.0	0.0	0.0
	1.0	0.0	0.0	0.0
	1.0	0.0	0.0	0.0
	1.0	0.0	0.0	0.0

MEME version 4

ALPHABET= ACGT

MOTIF chr12:105493956-105493981

letter-probability matrix: alength= 4 w= 25
	0.0	1.0	0.0	0.0
	1.0	0.0	0.0	0.0
	0.0	1.0	0.0	0.0
	0.0	1.0	0.0	0.0
	0.0	0.0	0.0	1.0
	1.0	0.0	0.0	0.0
	1.0	0.0	0.0	0.0
	0.0	0.0	1.0	0.0
	0.0	0.0	1.0	0.0
	0.0	1.0	0.0	0.0
	0.0	0.0	0.0	1.0
	0.0	0.0	1.0	0.0
	1.0	0.0	0.0	0.0
	0.0	0.0	0.0	1.0
	0.0	0.0	1.0	0.0
	1.0	0.0	0.0	0.0
	0.0	0.0	1.0	0.0
	0.0	0.0	1.0	0.0
	0.0	0.0	1.0	0.0
	0.0	1.0	0.0	0.0
	0.0	0.0	0.0	1.0
	1.0	0.0	0.0	0.0
	0.0	0.0	1.0	0.0
	0.0	1.0	0.0	0.0
	1.0	0.0	0.0	0.0

MEME version 4

ALPHABET= ACGT

MOTIF chr3:15468235-15468245

letter-probability matrix: alength= 4 w= 10
	1.0	0.0	0.0	0.0
	1.0	0.0	0.0	0.0
	1.0	0.0	0.0	0.0
	1.0	0.0	0.0	0.0
	0.5	0.0	0.5	0.0
	1.0	0.0	0.0	0.0
	1.0	0.0	0.0	0.0
	1.0	0.0	0.0	0.0
	1.0	0.0	0.0	0.0
	1.0	0.0	0.0	0.0

MEME version 4

ALPHABET= ACGT

MOTIF chr3:15500450-15500475

letter-probability matrix: alength= 4 w= 25
	0.0	1.0	0.0	0.0
	1.0	0.0	0.0	0.0
	0.0	1.0	0.0	0.0
	0.0	1.0	0.0	0.0
	0.0	0.0	0.0	1.0
	1.0	0.0	0.0	0.0
	1.0	0.0	0.0	0.0
	0.0	0.0	1.0	0.0
	0.0	0.0	1.0	0.0
	0.0	1.0	0.0	0.0
	0.0	0.0	0.0	1.0
	0.0	0.0	1.0	0.0
	1.0	0.0	0.0	0.0
	0.0	0.0	0.0	1.0
	0.0	0.0	1.0	0.0
	1.0	0.0	0.0	0.0
	0.0	0.0	1.0	0.0
	0.0	0.0	1.0	0.0
	0.0	0.0	1.0	0.0
	0.0	1.0	0.0	0.0
	0.0	0.0	0.0	1.0
	1.0	0.0	0.0	0.0
	0.0	0.0	1.0	0.0
	0.0	1.0	0.0	0.0
	1.0	0.0	0.0	0.0

MEME version 4

ALPHABET= ACGT

MOTIF chr4:103791013-103791023

letter-probability matrix: alength= 4 w= 10
	1.0	0.0	0.0	0.0
	1.0	0.0	0.0	0.0
	1.0	0.0	0.0	0.0
	1.0	0.0	0.0	0.0
	0.5	0.0	0.5	0.0
	1.0	0.0	0.0	0.0
	1.0	0.0	0.0	0.0
	1.0	0.0	0.0	0.0
	1.0	0.0	0.0	0.0
	1.0	0.0	0.0	0.0

MEME version 4

ALPHABET= ACGT

MOTIF chr4:103776163-103776188

letter-probability matrix: alength= 4 w= 25
	0.0	1.0	0.0	0.0
	1.0	0.0	0.0	0.0
	0.0	1.0	0.0	0.0
	0.0	1.0	0.0	0.0
	0.0	0.0	0.0	1.0
	1.0	0.0	0.0	0.0
	1.0	0.0	0.0	0.0
	0.0	0.0	1.0	0.0
	0.0	0.0	1.0	0.0
	0.0	1.0	0.0	0.0
	0.0	0.0	0.0	1.0
	0.0	0.0	1.0	0.0
	1.0	0.0	0.0	0.0
	0.0	0.0	0.0	1.0
	0.0	0.0	1.0	0.0
	1.0	0.0	0.0	0.0
	0.0	0.0	1.0	0.0
	0.0	0.0	1.0	0.0
	0.0	0.0	1.0	0.0
	0.0	1.0	0.0	0.0
	0.0	0.0	0.0	1.0
	1.0	0.0	0.0	0.0
	0.0	0.0	1.0	0.0
	0.0	1.0	0.0	0.0
	1.0	0.0	0.0	0.0

MEME version 4

ALPHABET= ACGT

MOTIF chr16:20816903-20816913

letter-probability matrix: alength= 4 w= 10
	1.0	0.0	0.0	0.0
	1.0	0.0	0.0	0.0
	1.0	0.0	0.0	0.0
	1.0	0.0	0.0	0.0
	0.5	0.0	0.5	0.0
	1.0	0.0	0.0	0.0
	1.0	0.0	0.0	0.0
	1.0	0.0	0.0	0.0
	1.0	0.0	0.0	0.0
	1.0	0.0	0.0	0.0

MEME version 4

ALPHABET= ACGT

MOTIF chr16:20849866-20849891

letter-probability matrix: alength= 4 w= 25
	0.0	1.0	0.0	0.0
	1.0	0.0	0.0	0.0
	0.0	1.0	0.0	0.0
	0.0	1.0	0.0	0.0
	0.0	0.0	0.0	1.0
	1.0	0.0	0.0	0.0
	1.0	0.0	0.0	0.0
	0.0	0.0	1.0	0.0
	0.0	0.0	1.0	0.0
	0.0	1.0	0.0	0.0
	0.0	0.0	0.0	1.0
	0.0	0.0	1.0	0.0
	1.0	0.0	0.0	0.0
	0.0	0.0	0.0	1.0
	0.0	0.0	1.0	0.0
	1.0	0.0	0.0	0.0
	0.0	0.0	1.0	0.0
	0.0	0.0	1.0	0.0
	0.0	0.0	1.0	0.0
	0.0	1.0	0.0	0.0
	0.0	0.0	0.0	1.0
	1.0	0.0	0.0	0.0
	0.0	0.0	1.0	0.0
	0.0	1.0	0.0	0.0
	1.0	0.0	0.0	0.0

MEME version 4

ALPHABET= ACGT

MOTIF chr16:67243396-67243406

letter-probability matrix: alength= 4 w= 10
	1.0	0.0	0.0	0.0
	1.0	0.0	0.0	0.0
	1.0	0.0	0.0	0.0
	1.0	0.0	0.0	0.0
	0.5	0.0	0.5	0.0
	1.0	0.0	0.0	0.0
	1.0	0.0	0.0	0.0
	1.0	0.0	0.0	0.0
	1.0	0.0	0.0	0.0
	1.0	0.0	0.0	0.0

MEME version 4

ALPHABET= ACGT

MOTIF chr16:67254507-67254532

letter-probability matrix: alength= 4 w= 25
	0.0	1.0	0.0	0.0
	1.0	0.0	0.0	0.0
	0.0	1.0	0.0	0.0
	0.0	1.0	0.0	0.0
	0.0	0.0	0.0	1.0
	1.0	0.0	0.0	0.0
	1.0	0.0	0.0	0.0
	0.0	0.0	1.0	0.0
	0.0	0.0	1.0	0.0
	0.0	1.0	0.0	0.0
	0.0	0.0	0.0	1.0
	0.0	0.0	1.0	0.0
	1.0	0.0	0.0	0.0
	0.0	0.0	0.0	1.0
	0.0	0.0	1.0	0.0
	1.0	0.0	0.0	0.0
	0.0	0.0	1.0	0.0
	0.0	0.0	1.0	0.0
	0.0	0.0	1.0	0.0
	0.0	1.0	0.0	0.0
	0.0	0.0	0.0	1.0
	1.0	0.0	0.0	0.0
	0.0	0.0	1.0	0.0
	0.0	1.0	0.0	0.0
	1.0	0.0	0.0	0.0

MEME version 4

ALPHABET= ACGT

MOTIF chr4:103789199-103789209

letter-probability matrix: alength= 4 w= 10
	1.0	0.0	0.0	0.0
	1.0	0.0	0.0	0.0
	1.0	0.0	0.0	0.0
	1.0	0.0	0.0	0.0
	0.5	0.0	0.5	0.0
	1.0	0.0	0.0	0.0
	1.0	0.0	0.0	0.0
	1.0	0.0	0.0	0.0
	1.0	0.0	0.0	0.0
	1.0	0.0	0.0	0.0

MEME version 4

ALPHABET= ACGT

MOTIF chr4:103776163-103776188

letter-probability matrix: alength= 4 w= 25
	0.0	1.0	0.0	0.0
	1.0	0.0	0.0	0.0
	0.0	1.0	0.0	0.0
	0.0	1.0	0.0	0.0
	0.0	0.0	0.0	1.0
	1.0	0.0	0.0	0.0
	1.0	0.0	0.0	0.0
	0.0	0.0	1.0	0.0
	0.0	0.0	1.0	0.0
	0.0	1.0	0.0	0.0
	0.0	0.0	0.0	1.0
	0.0	0.0	1.0	0.0
	1.0	0.0	0.0	0.0
	0.0	0.0	0.0	1.0
	0.0	0.0	1.0	0.0
	1.0	0.0	0.0	0.0
	0.0	0.0	1.0	0.0
	0.0	0.0	1.0	0.0
	0.0	0.0	1.0	0.0
	0.0	1.0	0.0	0.0
	0.0	0.0	0.0	1.0
	1.0	0.0	0.0	0.0
	0.0	0.0	1.0	0.0
	0.0	1.0	0.0	0.0
	1.0	0.0	0.0	0.0

MEME version 4

ALPHABET= ACGT

MOTIF chr17:56769468-56769478

letter-probability matrix: alength= 4 w= 10
	1.0	0.0	0.0	0.0
	1.0	0.0	0.0	0.0
	1.0	0.0	0.0	0.0
	1.0	0.0	0.0	0.0
	0.5	0.0	0.5	0.0
	1.0	0.0	0.0	0.0
	1.0	0.0	0.0	0.0
	1.0	0.0	0.0	0.0
	1.0	0.0	0.0	0.0
	1.0	0.0	0.0	0.0

MEME version 4

ALPHABET= ACGT

MOTIF chr17:56774185-56774210

letter-probability matrix: alength= 4 w= 25
	0.0	1.0	0.0	0.0
	1.0	0.0	0.0	0.0
	0.0	1.0	0.0	0.0
	0.0	1.0	0.0	0.0
	0.0	0.0	0.0	1.0
	1.0	0.0	0.0	0.0
	1.0	0.0	0.0	0.0
	0.0	0.0	1.0	0.0
	0.0	0.0	1.0	0.0
	0.0	1.0	0.0	0.0
	0.0	0.0	0.0	1.0
	0.0	0.0	1.0	0.0
	1.0	0.0	0.0	0.0
	0.0	0.0	0.0	1.0
	0.0	0.0	1.0	0.0
	1.0	0.0	0.0	0.0
	0.0	0.0	1.0	0.0
	0.0	0.0	1.0	0.0
	0.0	0.0	1.0	0.0
	0.0	1.0	0.0	0.0
	0.0	0.0	0.0	1.0
	1.0	0.0	0.0	0.0
	0.0	0.0	1.0	0.0
	0.0	1.0	0.0	0.0
	1.0	0.0	0.0	0.0

