MEME version 4

ALPHABET= ACGT

MOTIF chr2:69665258-69665268

letter-probability matrix: alength= 4 w= 10
	0.0	0.5	0.0	0.5
	0.0	0.0	0.0	1.0
	0.75	0.25	0.0	0.0
	0.75	0.0	0.0	0.25
	0.0	0.0	0.25	0.75
	0.25	0.0	0.25	0.5
	1.0	0.0	0.0	0.0
	0.75	0.0	0.0	0.25
	1.0	0.0	0.0	0.0
	1.0	0.0	0.0	0.0

MEME version 4

ALPHABET= ACGT

MOTIF chr2:69684386-69684411

letter-probability matrix: alength= 4 w= 25
	0.0	1.0	0.0	0.0
	0.0	1.0	0.0	0.0
	0.0	0.0	0.0	1.0
	0.5	0.0	0.5	0.0
	0.0	0.0	1.0	0.0
	0.0	0.0	1.0	0.0
	0.0	1.0	0.0	0.0
	0.0	0.0	0.0	1.0
	0.0	1.0	0.0	0.0
	1.0	0.0	0.0	0.0
	1.0	0.0	0.0	0.0
	0.0	0.0	1.0	0.0
	0.0	1.0	0.0	0.0
	0.5	0.5	0.0	0.0
	1.0	0.0	0.0	0.0
	0.0	0.0	0.0	1.0
	0.0	1.0	0.0	0.0
	0.0	1.0	0.0	0.0
	0.0	0.0	0.0	1.0
	0.5	0.5	0.0	0.0
	0.0	1.0	0.0	0.0
	0.0	1.0	0.0	0.0
	0.0	0.0	1.0	0.0
	0.0	1.0	0.0	0.0
	0.0	1.0	0.0	0.0

MEME version 4

ALPHABET= ACGT

MOTIF chr7:66461201-66461211

letter-probability matrix: alength= 4 w= 10
	0.0	0.5	0.0	0.5
	0.0	0.0	0.0	1.0
	0.75	0.25	0.0	0.0
	0.75	0.0	0.0	0.25
	0.0	0.0	0.25	0.75
	0.25	0.0	0.25	0.5
	1.0	0.0	0.0	0.0
	0.75	0.0	0.0	0.25
	1.0	0.0	0.0	0.0
	1.0	0.0	0.0	0.0

MEME version 4

ALPHABET= ACGT

MOTIF chr7:66429228-66429253

letter-probability matrix: alength= 4 w= 25
	0.0	1.0	0.0	0.0
	0.0	1.0	0.0	0.0
	0.0	0.0	0.0	1.0
	0.5	0.0	0.5	0.0
	0.0	0.0	1.0	0.0
	0.0	0.0	1.0	0.0
	0.0	1.0	0.0	0.0
	0.0	0.0	0.0	1.0
	0.0	1.0	0.0	0.0
	1.0	0.0	0.0	0.0
	1.0	0.0	0.0	0.0
	0.0	0.0	1.0	0.0
	0.0	1.0	0.0	0.0
	0.5	0.5	0.0	0.0
	1.0	0.0	0.0	0.0
	0.0	0.0	0.0	1.0
	0.0	1.0	0.0	0.0
	0.0	1.0	0.0	0.0
	0.0	0.0	0.0	1.0
	0.5	0.5	0.0	0.0
	0.0	1.0	0.0	0.0
	0.0	1.0	0.0	0.0
	0.0	0.0	1.0	0.0
	0.0	1.0	0.0	0.0
	0.0	1.0	0.0	0.0

MEME version 4

ALPHABET= ACGT

MOTIF chr17:59941979-59941989

letter-probability matrix: alength= 4 w= 10
	0.0	0.5	0.0	0.5
	0.0	0.0	0.0	1.0
	0.75	0.25	0.0	0.0
	0.75	0.0	0.0	0.25
	0.0	0.0	0.25	0.75
	0.25	0.0	0.25	0.5
	1.0	0.0	0.0	0.0
	0.75	0.0	0.0	0.25
	1.0	0.0	0.0	0.0
	1.0	0.0	0.0	0.0

MEME version 4

ALPHABET= ACGT

MOTIF chr17:60018447-60018472

letter-probability matrix: alength= 4 w= 25
	0.0	1.0	0.0	0.0
	0.0	1.0	0.0	0.0
	0.0	0.0	0.0	1.0
	0.5	0.0	0.5	0.0
	0.0	0.0	1.0	0.0
	0.0	0.0	1.0	0.0
	0.0	1.0	0.0	0.0
	0.0	0.0	0.0	1.0
	0.0	1.0	0.0	0.0
	1.0	0.0	0.0	0.0
	1.0	0.0	0.0	0.0
	0.0	0.0	1.0	0.0
	0.0	1.0	0.0	0.0
	0.5	0.5	0.0	0.0
	1.0	0.0	0.0	0.0
	0.0	0.0	0.0	1.0
	0.0	1.0	0.0	0.0
	0.0	1.0	0.0	0.0
	0.0	0.0	0.0	1.0
	0.5	0.5	0.0	0.0
	0.0	1.0	0.0	0.0
	0.0	1.0	0.0	0.0
	0.0	0.0	1.0	0.0
	0.0	1.0	0.0	0.0
	0.0	1.0	0.0	0.0

MEME version 4

ALPHABET= ACGT

MOTIF chr14:24611743-24611753

letter-probability matrix: alength= 4 w= 10
	0.0	0.5	0.0	0.5
	0.0	0.0	0.0	1.0
	0.75	0.25	0.0	0.0
	0.75	0.0	0.0	0.25
	0.0	0.0	0.25	0.75
	0.25	0.0	0.25	0.5
	1.0	0.0	0.0	0.0
	0.75	0.0	0.0	0.25
	1.0	0.0	0.0	0.0
	1.0	0.0	0.0	0.0

MEME version 4

ALPHABET= ACGT

MOTIF chr14:24630026-24630051

letter-probability matrix: alength= 4 w= 25
	0.0	1.0	0.0	0.0
	0.0	1.0	0.0	0.0
	0.0	0.0	0.0	1.0
	0.5	0.0	0.5	0.0
	0.0	0.0	1.0	0.0
	0.0	0.0	1.0	0.0
	0.0	1.0	0.0	0.0
	0.0	0.0	0.0	1.0
	0.0	1.0	0.0	0.0
	1.0	0.0	0.0	0.0
	1.0	0.0	0.0	0.0
	0.0	0.0	1.0	0.0
	0.0	1.0	0.0	0.0
	0.5	0.5	0.0	0.0
	1.0	0.0	0.0	0.0
	0.0	0.0	0.0	1.0
	0.0	1.0	0.0	0.0
	0.0	1.0	0.0	0.0
	0.0	0.0	0.0	1.0
	0.5	0.5	0.0	0.0
	0.0	1.0	0.0	0.0
	0.0	1.0	0.0	0.0
	0.0	0.0	1.0	0.0
	0.0	1.0	0.0	0.0
	0.0	1.0	0.0	0.0

MEME version 4

ALPHABET= ACGT

MOTIF chr2:209130381-209130391

letter-probability matrix: alength= 4 w= 10
	0.0	0.5	0.0	0.5
	0.0	0.0	0.0	1.0
	0.75	0.25	0.0	0.0
	0.75	0.0	0.0	0.25
	0.0	0.0	0.25	0.75
	0.25	0.0	0.25	0.5
	1.0	0.0	0.0	0.0
	0.75	0.0	0.0	0.25
	1.0	0.0	0.0	0.0
	1.0	0.0	0.0	0.0

MEME version 4

ALPHABET= ACGT

MOTIF chr2:209149619-209149644

letter-probability matrix: alength= 4 w= 25
	0.0	1.0	0.0	0.0
	0.0	1.0	0.0	0.0
	0.0	0.0	0.0	1.0
	0.5	0.0	0.5	0.0
	0.0	0.0	1.0	0.0
	0.0	0.0	1.0	0.0
	0.0	1.0	0.0	0.0
	0.0	0.0	0.0	1.0
	0.0	1.0	0.0	0.0
	1.0	0.0	0.0	0.0
	1.0	0.0	0.0	0.0
	0.0	0.0	1.0	0.0
	0.0	1.0	0.0	0.0
	0.5	0.5	0.0	0.0
	1.0	0.0	0.0	0.0
	0.0	0.0	0.0	1.0
	0.0	1.0	0.0	0.0
	0.0	1.0	0.0	0.0
	0.0	0.0	0.0	1.0
	0.5	0.5	0.0	0.0
	0.0	1.0	0.0	0.0
	0.0	1.0	0.0	0.0
	0.0	0.0	1.0	0.0
	0.0	1.0	0.0	0.0
	0.0	1.0	0.0	0.0

MEME version 4

ALPHABET= ACGT

MOTIF chr15:64656546-64656556

letter-probability matrix: alength= 4 w= 10
	0.0	0.5	0.0	0.5
	0.0	0.0	0.0	1.0
	0.75	0.25	0.0	0.0
	0.75	0.0	0.0	0.25
	0.0	0.0	0.25	0.75
	0.25	0.0	0.25	0.5
	1.0	0.0	0.0	0.0
	0.75	0.0	0.0	0.25
	1.0	0.0	0.0	0.0
	1.0	0.0	0.0	0.0

MEME version 4

ALPHABET= ACGT

MOTIF chr15:64697111-64697136

letter-probability matrix: alength= 4 w= 25
	0.0	1.0	0.0	0.0
	0.0	1.0	0.0	0.0
	0.0	0.0	0.0	1.0
	0.5	0.0	0.5	0.0
	0.0	0.0	1.0	0.0
	0.0	0.0	1.0	0.0
	0.0	1.0	0.0	0.0
	0.0	0.0	0.0	1.0
	0.0	1.0	0.0	0.0
	1.0	0.0	0.0	0.0
	1.0	0.0	0.0	0.0
	0.0	0.0	1.0	0.0
	0.0	1.0	0.0	0.0
	0.5	0.5	0.0	0.0
	1.0	0.0	0.0	0.0
	0.0	0.0	0.0	1.0
	0.0	1.0	0.0	0.0
	0.0	1.0	0.0	0.0
	0.0	0.0	0.0	1.0
	0.5	0.5	0.0	0.0
	0.0	1.0	0.0	0.0
	0.0	1.0	0.0	0.0
	0.0	0.0	1.0	0.0
	0.0	1.0	0.0	0.0
	0.0	1.0	0.0	0.0

MEME version 4

ALPHABET= ACGT

MOTIF chr19:12793479-12793489

letter-probability matrix: alength= 4 w= 10
	0.0	0.5	0.0	0.5
	0.0	0.0	0.0	1.0
	0.75	0.25	0.0	0.0
	0.75	0.0	0.0	0.25
	0.0	0.0	0.25	0.75
	0.25	0.0	0.25	0.5
	1.0	0.0	0.0	0.0
	0.75	0.0	0.0	0.25
	1.0	0.0	0.0	0.0
	1.0	0.0	0.0	0.0

MEME version 4

ALPHABET= ACGT

MOTIF chr19:12802223-12802248

letter-probability matrix: alength= 4 w= 25
	0.0	1.0	0.0	0.0
	0.0	1.0	0.0	0.0
	0.0	0.0	0.0	1.0
	0.5	0.0	0.5	0.0
	0.0	0.0	1.0	0.0
	0.0	0.0	1.0	0.0
	0.0	1.0	0.0	0.0
	0.0	0.0	0.0	1.0
	0.0	1.0	0.0	0.0
	1.0	0.0	0.0	0.0
	1.0	0.0	0.0	0.0
	0.0	0.0	1.0	0.0
	0.0	1.0	0.0	0.0
	0.5	0.5	0.0	0.0
	1.0	0.0	0.0	0.0
	0.0	0.0	0.0	1.0
	0.0	1.0	0.0	0.0
	0.0	1.0	0.0	0.0
	0.0	0.0	0.0	1.0
	0.5	0.5	0.0	0.0
	0.0	1.0	0.0	0.0
	0.0	1.0	0.0	0.0
	0.0	0.0	1.0	0.0
	0.0	1.0	0.0	0.0
	0.0	1.0	0.0	0.0

MEME version 4

ALPHABET= ACGT

MOTIF chrX:129305242-129305252

letter-probability matrix: alength= 4 w= 10
	0.0	0.5	0.0	0.5
	0.0	0.0	0.0	1.0
	0.75	0.25	0.0	0.0
	0.75	0.0	0.0	0.25
	0.0	0.0	0.25	0.75
	0.25	0.0	0.25	0.5
	1.0	0.0	0.0	0.0
	0.75	0.0	0.0	0.25
	1.0	0.0	0.0	0.0
	1.0	0.0	0.0	0.0

MEME version 4

ALPHABET= ACGT

MOTIF chrX:129273890-129273915

letter-probability matrix: alength= 4 w= 25
	0.0	1.0	0.0	0.0
	0.0	1.0	0.0	0.0
	0.0	0.0	0.0	1.0
	0.5	0.0	0.5	0.0
	0.0	0.0	1.0	0.0
	0.0	0.0	1.0	0.0
	0.0	1.0	0.0	0.0
	0.0	0.0	0.0	1.0
	0.0	1.0	0.0	0.0
	1.0	0.0	0.0	0.0
	1.0	0.0	0.0	0.0
	0.0	0.0	1.0	0.0
	0.0	1.0	0.0	0.0
	0.5	0.5	0.0	0.0
	1.0	0.0	0.0	0.0
	0.0	0.0	0.0	1.0
	0.0	1.0	0.0	0.0
	0.0	1.0	0.0	0.0
	0.0	0.0	0.0	1.0
	0.5	0.5	0.0	0.0
	0.0	1.0	0.0	0.0
	0.0	1.0	0.0	0.0
	0.0	0.0	1.0	0.0
	0.0	1.0	0.0	0.0
	0.0	1.0	0.0	0.0

MEME version 4

ALPHABET= ACGT

MOTIF chr19:40853958-40853968

letter-probability matrix: alength= 4 w= 10
	0.0	0.5	0.0	0.5
	0.0	0.0	0.0	1.0
	0.75	0.25	0.0	0.0
	0.75	0.0	0.0	0.25
	0.0	0.0	0.25	0.75
	0.25	0.0	0.25	0.5
	1.0	0.0	0.0	0.0
	0.75	0.0	0.0	0.25
	1.0	0.0	0.0	0.0
	1.0	0.0	0.0	0.0

MEME version 4

ALPHABET= ACGT

MOTIF chr19:40880500-40880525

letter-probability matrix: alength= 4 w= 25
	0.0	1.0	0.0	0.0
	0.0	1.0	0.0	0.0
	0.0	0.0	0.0	1.0
	0.5	0.0	0.5	0.0
	0.0	0.0	1.0	0.0
	0.0	0.0	1.0	0.0
	0.0	1.0	0.0	0.0
	0.0	0.0	0.0	1.0
	0.0	1.0	0.0	0.0
	1.0	0.0	0.0	0.0
	1.0	0.0	0.0	0.0
	0.0	0.0	1.0	0.0
	0.0	1.0	0.0	0.0
	0.5	0.5	0.0	0.0
	1.0	0.0	0.0	0.0
	0.0	0.0	0.0	1.0
	0.0	1.0	0.0	0.0
	0.0	1.0	0.0	0.0
	0.0	0.0	0.0	1.0
	0.5	0.5	0.0	0.0
	0.0	1.0	0.0	0.0
	0.0	1.0	0.0	0.0
	0.0	0.0	1.0	0.0
	0.0	1.0	0.0	0.0
	0.0	1.0	0.0	0.0

MEME version 4

ALPHABET= ACGT

MOTIF chr7:108194480-108194490

letter-probability matrix: alength= 4 w= 10
	0.0	0.5	0.0	0.5
	0.0	0.0	0.0	1.0
	0.75	0.25	0.0	0.0
	0.75	0.0	0.0	0.25
	0.0	0.0	0.25	0.75
	0.25	0.0	0.25	0.5
	1.0	0.0	0.0	0.0
	0.75	0.0	0.0	0.25
	1.0	0.0	0.0	0.0
	1.0	0.0	0.0	0.0

MEME version 4

ALPHABET= ACGT

MOTIF chr7:108192718-108192743

letter-probability matrix: alength= 4 w= 25
	0.0	1.0	0.0	0.0
	0.0	1.0	0.0	0.0
	0.0	0.0	0.0	1.0
	0.5	0.0	0.5	0.0
	0.0	0.0	1.0	0.0
	0.0	0.0	1.0	0.0
	0.0	1.0	0.0	0.0
	0.0	0.0	0.0	1.0
	0.0	1.0	0.0	0.0
	1.0	0.0	0.0	0.0
	1.0	0.0	0.0	0.0
	0.0	0.0	1.0	0.0
	0.0	1.0	0.0	0.0
	0.5	0.5	0.0	0.0
	1.0	0.0	0.0	0.0
	0.0	0.0	0.0	1.0
	0.0	1.0	0.0	0.0
	0.0	1.0	0.0	0.0
	0.0	0.0	0.0	1.0
	0.5	0.5	0.0	0.0
	0.0	1.0	0.0	0.0
	0.0	1.0	0.0	0.0
	0.0	0.0	1.0	0.0
	0.0	1.0	0.0	0.0
	0.0	1.0	0.0	0.0

MEME version 4

ALPHABET= ACGT

MOTIF chr12:58165042-58165052

letter-probability matrix: alength= 4 w= 10
	0.0	0.5	0.0	0.5
	0.0	0.0	0.0	1.0
	0.75	0.25	0.0	0.0
	0.75	0.0	0.0	0.25
	0.0	0.0	0.25	0.75
	0.25	0.0	0.25	0.5
	1.0	0.0	0.0	0.0
	0.75	0.0	0.0	0.25
	1.0	0.0	0.0	0.0
	1.0	0.0	0.0	0.0

MEME version 4

ALPHABET= ACGT

MOTIF chr12:58150958-58150983

letter-probability matrix: alength= 4 w= 25
	0.0	1.0	0.0	0.0
	0.0	1.0	0.0	0.0
	0.0	0.0	0.0	1.0
	0.5	0.0	0.5	0.0
	0.0	0.0	1.0	0.0
	0.0	0.0	1.0	0.0
	0.0	1.0	0.0	0.0
	0.0	0.0	0.0	1.0
	0.0	1.0	0.0	0.0
	1.0	0.0	0.0	0.0
	1.0	0.0	0.0	0.0
	0.0	0.0	1.0	0.0
	0.0	1.0	0.0	0.0
	0.5	0.5	0.0	0.0
	1.0	0.0	0.0	0.0
	0.0	0.0	0.0	1.0
	0.0	1.0	0.0	0.0
	0.0	1.0	0.0	0.0
	0.0	0.0	0.0	1.0
	0.5	0.5	0.0	0.0
	0.0	1.0	0.0	0.0
	0.0	1.0	0.0	0.0
	0.0	0.0	1.0	0.0
	0.0	1.0	0.0	0.0
	0.0	1.0	0.0	0.0

MEME version 4

ALPHABET= ACGT

MOTIF chr6:4066030-4066040

letter-probability matrix: alength= 4 w= 10
	0.0	0.5	0.0	0.5
	0.0	0.0	0.0	1.0
	0.75	0.25	0.0	0.0
	0.75	0.0	0.0	0.25
	0.0	0.0	0.25	0.75
	0.25	0.0	0.25	0.5
	1.0	0.0	0.0	0.0
	0.75	0.0	0.0	0.25
	1.0	0.0	0.0	0.0
	1.0	0.0	0.0	0.0

MEME version 4

ALPHABET= ACGT

MOTIF chr6:4002195-4002220

letter-probability matrix: alength= 4 w= 25
	0.0	1.0	0.0	0.0
	0.0	1.0	0.0	0.0
	0.0	0.0	0.0	1.0
	0.5	0.0	0.5	0.0
	0.0	0.0	1.0	0.0
	0.0	0.0	1.0	0.0
	0.0	1.0	0.0	0.0
	0.0	0.0	0.0	1.0
	0.0	1.0	0.0	0.0
	1.0	0.0	0.0	0.0
	1.0	0.0	0.0	0.0
	0.0	0.0	1.0	0.0
	0.0	1.0	0.0	0.0
	0.5	0.5	0.0	0.0
	1.0	0.0	0.0	0.0
	0.0	0.0	0.0	1.0
	0.0	1.0	0.0	0.0
	0.0	1.0	0.0	0.0
	0.0	0.0	0.0	1.0
	0.5	0.5	0.0	0.0
	0.0	1.0	0.0	0.0
	0.0	1.0	0.0	0.0
	0.0	0.0	1.0	0.0
	0.0	1.0	0.0	0.0
	0.0	1.0	0.0	0.0

MEME version 4

ALPHABET= ACGT

MOTIF chr17:41837028-41837038

letter-probability matrix: alength= 4 w= 10
	0.0	0.5	0.0	0.5
	0.0	0.0	0.0	1.0
	0.75	0.25	0.0	0.0
	0.75	0.0	0.0	0.25
	0.0	0.0	0.25	0.75
	0.25	0.0	0.25	0.5
	1.0	0.0	0.0	0.0
	0.75	0.0	0.0	0.25
	1.0	0.0	0.0	0.0
	1.0	0.0	0.0	0.0

MEME version 4

ALPHABET= ACGT

MOTIF chr17:41840110-41840135

letter-probability matrix: alength= 4 w= 25
	0.0	1.0	0.0	0.0
	0.0	1.0	0.0	0.0
	0.0	0.0	0.0	1.0
	0.5	0.0	0.5	0.0
	0.0	0.0	1.0	0.0
	0.0	0.0	1.0	0.0
	0.0	1.0	0.0	0.0
	0.0	0.0	0.0	1.0
	0.0	1.0	0.0	0.0
	1.0	0.0	0.0	0.0
	1.0	0.0	0.0	0.0
	0.0	0.0	1.0	0.0
	0.0	1.0	0.0	0.0
	0.5	0.5	0.0	0.0
	1.0	0.0	0.0	0.0
	0.0	0.0	0.0	1.0
	0.0	1.0	0.0	0.0
	0.0	1.0	0.0	0.0
	0.0	0.0	0.0	1.0
	0.5	0.5	0.0	0.0
	0.0	1.0	0.0	0.0
	0.0	1.0	0.0	0.0
	0.0	0.0	1.0	0.0
	0.0	1.0	0.0	0.0
	0.0	1.0	0.0	0.0

MEME version 4

ALPHABET= ACGT

MOTIF chr22:21142066-21142076

letter-probability matrix: alength= 4 w= 10
	0.0	0.5	0.0	0.5
	0.0	0.0	0.0	1.0
	0.75	0.25	0.0	0.0
	0.75	0.0	0.0	0.25
	0.0	0.0	0.25	0.75
	0.25	0.0	0.25	0.5
	1.0	0.0	0.0	0.0
	0.75	0.0	0.0	0.25
	1.0	0.0	0.0	0.0
	1.0	0.0	0.0	0.0

MEME version 4

ALPHABET= ACGT

MOTIF chr22:21123851-21123876

letter-probability matrix: alength= 4 w= 25
	0.0	1.0	0.0	0.0
	0.0	1.0	0.0	0.0
	0.0	0.0	0.0	1.0
	0.5	0.0	0.5	0.0
	0.0	0.0	1.0	0.0
	0.0	0.0	1.0	0.0
	0.0	1.0	0.0	0.0
	0.0	0.0	0.0	1.0
	0.0	1.0	0.0	0.0
	1.0	0.0	0.0	0.0
	1.0	0.0	0.0	0.0
	0.0	0.0	1.0	0.0
	0.0	1.0	0.0	0.0
	0.5	0.5	0.0	0.0
	1.0	0.0	0.0	0.0
	0.0	0.0	0.0	1.0
	0.0	1.0	0.0	0.0
	0.0	1.0	0.0	0.0
	0.0	0.0	0.0	1.0
	0.5	0.5	0.0	0.0
	0.0	1.0	0.0	0.0
	0.0	1.0	0.0	0.0
	0.0	0.0	1.0	0.0
	0.0	1.0	0.0	0.0
	0.0	1.0	0.0	0.0

MEME version 4

ALPHABET= ACGT

MOTIF chr10:126436430-126436440

letter-probability matrix: alength= 4 w= 10
	0.0	0.5	0.0	0.5
	0.0	0.0	0.0	1.0
	0.75	0.25	0.0	0.0
	0.75	0.0	0.0	0.25
	0.0	0.0	0.25	0.75
	0.25	0.0	0.25	0.5
	1.0	0.0	0.0	0.0
	0.75	0.0	0.0	0.25
	1.0	0.0	0.0	0.0
	1.0	0.0	0.0	0.0

MEME version 4

ALPHABET= ACGT

MOTIF chr10:126503855-126503880

letter-probability matrix: alength= 4 w= 25
	0.0	1.0	0.0	0.0
	0.0	1.0	0.0	0.0
	0.0	0.0	0.0	1.0
	0.5	0.0	0.5	0.0
	0.0	0.0	1.0	0.0
	0.0	0.0	1.0	0.0
	0.0	1.0	0.0	0.0
	0.0	0.0	0.0	1.0
	0.0	1.0	0.0	0.0
	1.0	0.0	0.0	0.0
	1.0	0.0	0.0	0.0
	0.0	0.0	1.0	0.0
	0.0	1.0	0.0	0.0
	0.5	0.5	0.0	0.0
	1.0	0.0	0.0	0.0
	0.0	0.0	0.0	1.0
	0.0	1.0	0.0	0.0
	0.0	1.0	0.0	0.0
	0.0	0.0	0.0	1.0
	0.5	0.5	0.0	0.0
	0.0	1.0	0.0	0.0
	0.0	1.0	0.0	0.0
	0.0	0.0	1.0	0.0
	0.0	1.0	0.0	0.0
	0.0	1.0	0.0	0.0

MEME version 4

ALPHABET= ACGT

MOTIF chr6:31547343-31547353

letter-probability matrix: alength= 4 w= 10
	0.0	0.5	0.0	0.5
	0.0	0.0	0.0	1.0
	0.75	0.25	0.0	0.0
	0.75	0.0	0.0	0.25
	0.0	0.0	0.25	0.75
	0.25	0.0	0.25	0.5
	1.0	0.0	0.0	0.0
	0.75	0.0	0.0	0.25
	1.0	0.0	0.0	0.0
	1.0	0.0	0.0	0.0

MEME version 4

ALPHABET= ACGT

MOTIF chr6:31567517-31567542

letter-probability matrix: alength= 4 w= 25
	0.0	1.0	0.0	0.0
	0.0	1.0	0.0	0.0
	0.0	0.0	0.0	1.0
	0.5	0.0	0.5	0.0
	0.0	0.0	1.0	0.0
	0.0	0.0	1.0	0.0
	0.0	1.0	0.0	0.0
	0.0	0.0	0.0	1.0
	0.0	1.0	0.0	0.0
	1.0	0.0	0.0	0.0
	1.0	0.0	0.0	0.0
	0.0	0.0	1.0	0.0
	0.0	1.0	0.0	0.0
	0.5	0.5	0.0	0.0
	1.0	0.0	0.0	0.0
	0.0	0.0	0.0	1.0
	0.0	1.0	0.0	0.0
	0.0	1.0	0.0	0.0
	0.0	0.0	0.0	1.0
	0.5	0.5	0.0	0.0
	0.0	1.0	0.0	0.0
	0.0	1.0	0.0	0.0
	0.0	0.0	1.0	0.0
	0.0	1.0	0.0	0.0
	0.0	1.0	0.0	0.0

MEME version 4

ALPHABET= ACGT

MOTIF chr15:91259789-91259799

letter-probability matrix: alength= 4 w= 10
	0.0	0.5	0.0	0.5
	0.0	0.0	0.0	1.0
	0.75	0.25	0.0	0.0
	0.75	0.0	0.0	0.25
	0.0	0.0	0.25	0.75
	0.25	0.0	0.25	0.5
	1.0	0.0	0.0	0.0
	0.75	0.0	0.0	0.25
	1.0	0.0	0.0	0.0
	1.0	0.0	0.0	0.0

MEME version 4

ALPHABET= ACGT

MOTIF chr15:91240648-91240673

letter-probability matrix: alength= 4 w= 25
	0.0	1.0	0.0	0.0
	0.0	1.0	0.0	0.0
	0.0	0.0	0.0	1.0
	0.5	0.0	0.5	0.0
	0.0	0.0	1.0	0.0
	0.0	0.0	1.0	0.0
	0.0	1.0	0.0	0.0
	0.0	0.0	0.0	1.0
	0.0	1.0	0.0	0.0
	1.0	0.0	0.0	0.0
	1.0	0.0	0.0	0.0
	0.0	0.0	1.0	0.0
	0.0	1.0	0.0	0.0
	0.5	0.5	0.0	0.0
	1.0	0.0	0.0	0.0
	0.0	0.0	0.0	1.0
	0.0	1.0	0.0	0.0
	0.0	1.0	0.0	0.0
	0.0	0.0	0.0	1.0
	0.5	0.5	0.0	0.0
	0.0	1.0	0.0	0.0
	0.0	1.0	0.0	0.0
	0.0	0.0	1.0	0.0
	0.0	1.0	0.0	0.0
	0.0	1.0	0.0	0.0

MEME version 4

ALPHABET= ACGT

MOTIF chr2:136288986-136288996

letter-probability matrix: alength= 4 w= 10
	0.0	0.5	0.0	0.5
	0.0	0.0	0.0	1.0
	0.75	0.25	0.0	0.0
	0.75	0.0	0.0	0.25
	0.0	0.0	0.25	0.75
	0.25	0.0	0.25	0.5
	1.0	0.0	0.0	0.0
	0.75	0.0	0.0	0.25
	1.0	0.0	0.0	0.0
	1.0	0.0	0.0	0.0

MEME version 4

ALPHABET= ACGT

MOTIF chr2:136303609-136303634

letter-probability matrix: alength= 4 w= 25
	0.0	1.0	0.0	0.0
	0.0	1.0	0.0	0.0
	0.0	0.0	0.0	1.0
	0.5	0.0	0.5	0.0
	0.0	0.0	1.0	0.0
	0.0	0.0	1.0	0.0
	0.0	1.0	0.0	0.0
	0.0	0.0	0.0	1.0
	0.0	1.0	0.0	0.0
	1.0	0.0	0.0	0.0
	1.0	0.0	0.0	0.0
	0.0	0.0	1.0	0.0
	0.0	1.0	0.0	0.0
	0.5	0.5	0.0	0.0
	1.0	0.0	0.0	0.0
	0.0	0.0	0.0	1.0
	0.0	1.0	0.0	0.0
	0.0	1.0	0.0	0.0
	0.0	0.0	0.0	1.0
	0.5	0.5	0.0	0.0
	0.0	1.0	0.0	0.0
	0.0	1.0	0.0	0.0
	0.0	0.0	1.0	0.0
	0.0	1.0	0.0	0.0
	0.0	1.0	0.0	0.0

MEME version 4

ALPHABET= ACGT

MOTIF chr19:36316309-36316319

letter-probability matrix: alength= 4 w= 10
	0.0	0.5	0.0	0.5
	0.0	0.0	0.0	1.0
	0.75	0.25	0.0	0.0
	0.75	0.0	0.0	0.25
	0.0	0.0	0.25	0.75
	0.25	0.0	0.25	0.5
	1.0	0.0	0.0	0.0
	0.75	0.0	0.0	0.25
	1.0	0.0	0.0	0.0
	1.0	0.0	0.0	0.0

MEME version 4

ALPHABET= ACGT

MOTIF chr19:36371341-36371366

letter-probability matrix: alength= 4 w= 25
	0.0	1.0	0.0	0.0
	0.0	1.0	0.0	0.0
	0.0	0.0	0.0	1.0
	0.5	0.0	0.5	0.0
	0.0	0.0	1.0	0.0
	0.0	0.0	1.0	0.0
	0.0	1.0	0.0	0.0
	0.0	0.0	0.0	1.0
	0.0	1.0	0.0	0.0
	1.0	0.0	0.0	0.0
	1.0	0.0	0.0	0.0
	0.0	0.0	1.0	0.0
	0.0	1.0	0.0	0.0
	0.5	0.5	0.0	0.0
	1.0	0.0	0.0	0.0
	0.0	0.0	0.0	1.0
	0.0	1.0	0.0	0.0
	0.0	1.0	0.0	0.0
	0.0	0.0	0.0	1.0
	0.5	0.5	0.0	0.0
	0.0	1.0	0.0	0.0
	0.0	1.0	0.0	0.0
	0.0	0.0	1.0	0.0
	0.0	1.0	0.0	0.0
	0.0	1.0	0.0	0.0

MEME version 4

ALPHABET= ACGT

MOTIF chr12:58027528-58027538

letter-probability matrix: alength= 4 w= 10
	0.0	0.5	0.0	0.5
	0.0	0.0	0.0	1.0
	0.75	0.25	0.0	0.0
	0.75	0.0	0.0	0.25
	0.0	0.0	0.25	0.75
	0.25	0.0	0.25	0.5
	1.0	0.0	0.0	0.0
	0.75	0.0	0.0	0.25
	1.0	0.0	0.0	0.0
	1.0	0.0	0.0	0.0

MEME version 4

ALPHABET= ACGT

MOTIF chr12:58017965-58017990

letter-probability matrix: alength= 4 w= 25
	0.0	1.0	0.0	0.0
	0.0	1.0	0.0	0.0
	0.0	0.0	0.0	1.0
	0.5	0.0	0.5	0.0
	0.0	0.0	1.0	0.0
	0.0	0.0	1.0	0.0
	0.0	1.0	0.0	0.0
	0.0	0.0	0.0	1.0
	0.0	1.0	0.0	0.0
	1.0	0.0	0.0	0.0
	1.0	0.0	0.0	0.0
	0.0	0.0	1.0	0.0
	0.0	1.0	0.0	0.0
	0.5	0.5	0.0	0.0
	1.0	0.0	0.0	0.0
	0.0	0.0	0.0	1.0
	0.0	1.0	0.0	0.0
	0.0	1.0	0.0	0.0
	0.0	0.0	0.0	1.0
	0.5	0.5	0.0	0.0
	0.0	1.0	0.0	0.0
	0.0	1.0	0.0	0.0
	0.0	0.0	1.0	0.0
	0.0	1.0	0.0	0.0
	0.0	1.0	0.0	0.0

MEME version 4

ALPHABET= ACGT

MOTIF chr4:108642388-108642398

letter-probability matrix: alength= 4 w= 10
	0.0	0.5	0.0	0.5
	0.0	0.0	0.0	1.0
	0.75	0.25	0.0	0.0
	0.75	0.0	0.0	0.25
	0.0	0.0	0.25	0.75
	0.25	0.0	0.25	0.5
	1.0	0.0	0.0	0.0
	0.75	0.0	0.0	0.25
	1.0	0.0	0.0	0.0
	1.0	0.0	0.0	0.0

MEME version 4

ALPHABET= ACGT

MOTIF chr4:108615311-108615336

letter-probability matrix: alength= 4 w= 25
	0.0	1.0	0.0	0.0
	0.0	1.0	0.0	0.0
	0.0	0.0	0.0	1.0
	0.5	0.0	0.5	0.0
	0.0	0.0	1.0	0.0
	0.0	0.0	1.0	0.0
	0.0	1.0	0.0	0.0
	0.0	0.0	0.0	1.0
	0.0	1.0	0.0	0.0
	1.0	0.0	0.0	0.0
	1.0	0.0	0.0	0.0
	0.0	0.0	1.0	0.0
	0.0	1.0	0.0	0.0
	0.5	0.5	0.0	0.0
	1.0	0.0	0.0	0.0
	0.0	0.0	0.0	1.0
	0.0	1.0	0.0	0.0
	0.0	1.0	0.0	0.0
	0.0	0.0	0.0	1.0
	0.5	0.5	0.0	0.0
	0.0	1.0	0.0	0.0
	0.0	1.0	0.0	0.0
	0.0	0.0	1.0	0.0
	0.0	1.0	0.0	0.0
	0.0	1.0	0.0	0.0

MEME version 4

ALPHABET= ACGT

MOTIF chr19:39875513-39875523

letter-probability matrix: alength= 4 w= 10
	0.0	0.5	0.0	0.5
	0.0	0.0	0.0	1.0
	0.75	0.25	0.0	0.0
	0.75	0.0	0.0	0.25
	0.0	0.0	0.25	0.75
	0.25	0.0	0.25	0.5
	1.0	0.0	0.0	0.0
	0.75	0.0	0.0	0.25
	1.0	0.0	0.0	0.0
	1.0	0.0	0.0	0.0

MEME version 4

ALPHABET= ACGT

MOTIF chr19:39875854-39875879

letter-probability matrix: alength= 4 w= 25
	0.0	1.0	0.0	0.0
	0.0	1.0	0.0	0.0
	0.0	0.0	0.0	1.0
	0.5	0.0	0.5	0.0
	0.0	0.0	1.0	0.0
	0.0	0.0	1.0	0.0
	0.0	1.0	0.0	0.0
	0.0	0.0	0.0	1.0
	0.0	1.0	0.0	0.0
	1.0	0.0	0.0	0.0
	1.0	0.0	0.0	0.0
	0.0	0.0	1.0	0.0
	0.0	1.0	0.0	0.0
	0.5	0.5	0.0	0.0
	1.0	0.0	0.0	0.0
	0.0	0.0	0.0	1.0
	0.0	1.0	0.0	0.0
	0.0	1.0	0.0	0.0
	0.0	0.0	0.0	1.0
	0.5	0.5	0.0	0.0
	0.0	1.0	0.0	0.0
	0.0	1.0	0.0	0.0
	0.0	0.0	1.0	0.0
	0.0	1.0	0.0	0.0
	0.0	1.0	0.0	0.0

MEME version 4

ALPHABET= ACGT

MOTIF chr20:43934937-43934947

letter-probability matrix: alength= 4 w= 10
	0.0	0.5	0.0	0.5
	0.0	0.0	0.0	1.0
	0.75	0.25	0.0	0.0
	0.75	0.0	0.0	0.25
	0.0	0.0	0.25	0.75
	0.25	0.0	0.25	0.5
	1.0	0.0	0.0	0.0
	0.75	0.0	0.0	0.25
	1.0	0.0	0.0	0.0
	1.0	0.0	0.0	0.0

MEME version 4

ALPHABET= ACGT

MOTIF chr20:43945092-43945117

letter-probability matrix: alength= 4 w= 25
	0.0	1.0	0.0	0.0
	0.0	1.0	0.0	0.0
	0.0	0.0	0.0	1.0
	0.5	0.0	0.5	0.0
	0.0	0.0	1.0	0.0
	0.0	0.0	1.0	0.0
	0.0	1.0	0.0	0.0
	0.0	0.0	0.0	1.0
	0.0	1.0	0.0	0.0
	1.0	0.0	0.0	0.0
	1.0	0.0	0.0	0.0
	0.0	0.0	1.0	0.0
	0.0	1.0	0.0	0.0
	0.5	0.5	0.0	0.0
	1.0	0.0	0.0	0.0
	0.0	0.0	0.0	1.0
	0.0	1.0	0.0	0.0
	0.0	1.0	0.0	0.0
	0.0	0.0	0.0	1.0
	0.5	0.5	0.0	0.0
	0.0	1.0	0.0	0.0
	0.0	1.0	0.0	0.0
	0.0	0.0	1.0	0.0
	0.0	1.0	0.0	0.0
	0.0	1.0	0.0	0.0

MEME version 4

ALPHABET= ACGT

MOTIF chr7:2393019-2393029

letter-probability matrix: alength= 4 w= 10
	0.0	0.5	0.0	0.5
	0.0	0.0	0.0	1.0
	0.75	0.25	0.0	0.0
	0.75	0.0	0.0	0.25
	0.0	0.0	0.25	0.75
	0.25	0.0	0.25	0.5
	1.0	0.0	0.0	0.0
	0.75	0.0	0.0	0.25
	1.0	0.0	0.0	0.0
	1.0	0.0	0.0	0.0

MEME version 4

ALPHABET= ACGT

MOTIF chr7:2423677-2423702

letter-probability matrix: alength= 4 w= 25
	0.0	1.0	0.0	0.0
	0.0	1.0	0.0	0.0
	0.0	0.0	0.0	1.0
	0.5	0.0	0.5	0.0
	0.0	0.0	1.0	0.0
	0.0	0.0	1.0	0.0
	0.0	1.0	0.0	0.0
	0.0	0.0	0.0	1.0
	0.0	1.0	0.0	0.0
	1.0	0.0	0.0	0.0
	1.0	0.0	0.0	0.0
	0.0	0.0	1.0	0.0
	0.0	1.0	0.0	0.0
	0.5	0.5	0.0	0.0
	1.0	0.0	0.0	0.0
	0.0	0.0	0.0	1.0
	0.0	1.0	0.0	0.0
	0.0	1.0	0.0	0.0
	0.0	0.0	0.0	1.0
	0.5	0.5	0.0	0.0
	0.0	1.0	0.0	0.0
	0.0	1.0	0.0	0.0
	0.0	0.0	1.0	0.0
	0.0	1.0	0.0	0.0
	0.0	1.0	0.0	0.0

MEME version 4

ALPHABET= ACGT

MOTIF chr2:68695246-68695256

letter-probability matrix: alength= 4 w= 10
	0.0	0.5	0.0	0.5
	0.0	0.0	0.0	1.0
	0.75	0.25	0.0	0.0
	0.75	0.0	0.0	0.25
	0.0	0.0	0.25	0.75
	0.25	0.0	0.25	0.5
	1.0	0.0	0.0	0.0
	0.75	0.0	0.0	0.25
	1.0	0.0	0.0	0.0
	1.0	0.0	0.0	0.0

MEME version 4

ALPHABET= ACGT

MOTIF chr2:68715694-68715719

letter-probability matrix: alength= 4 w= 25
	0.0	1.0	0.0	0.0
	0.0	1.0	0.0	0.0
	0.0	0.0	0.0	1.0
	0.5	0.0	0.5	0.0
	0.0	0.0	1.0	0.0
	0.0	0.0	1.0	0.0
	0.0	1.0	0.0	0.0
	0.0	0.0	0.0	1.0
	0.0	1.0	0.0	0.0
	1.0	0.0	0.0	0.0
	1.0	0.0	0.0	0.0
	0.0	0.0	1.0	0.0
	0.0	1.0	0.0	0.0
	0.5	0.5	0.0	0.0
	1.0	0.0	0.0	0.0
	0.0	0.0	0.0	1.0
	0.0	1.0	0.0	0.0
	0.0	1.0	0.0	0.0
	0.0	0.0	0.0	1.0
	0.5	0.5	0.0	0.0
	0.0	1.0	0.0	0.0
	0.0	1.0	0.0	0.0
	0.0	0.0	1.0	0.0
	0.0	1.0	0.0	0.0
	0.0	1.0	0.0	0.0

MEME version 4

ALPHABET= ACGT

MOTIF chr7:75697694-75697704

letter-probability matrix: alength= 4 w= 10
	0.0	0.5	0.0	0.5
	0.0	0.0	0.0	1.0
	0.75	0.25	0.0	0.0
	0.75	0.0	0.0	0.25
	0.0	0.0	0.25	0.75
	0.25	0.0	0.25	0.5
	1.0	0.0	0.0	0.0
	0.75	0.0	0.0	0.25
	1.0	0.0	0.0	0.0
	1.0	0.0	0.0	0.0

MEME version 4

ALPHABET= ACGT

MOTIF chr7:75650055-75650080

letter-probability matrix: alength= 4 w= 25
	0.0	1.0	0.0	0.0
	0.0	1.0	0.0	0.0
	0.0	0.0	0.0	1.0
	0.5	0.0	0.5	0.0
	0.0	0.0	1.0	0.0
	0.0	0.0	1.0	0.0
	0.0	1.0	0.0	0.0
	0.0	0.0	0.0	1.0
	0.0	1.0	0.0	0.0
	1.0	0.0	0.0	0.0
	1.0	0.0	0.0	0.0
	0.0	0.0	1.0	0.0
	0.0	1.0	0.0	0.0
	0.5	0.5	0.0	0.0
	1.0	0.0	0.0	0.0
	0.0	0.0	0.0	1.0
	0.0	1.0	0.0	0.0
	0.0	1.0	0.0	0.0
	0.0	0.0	0.0	1.0
	0.5	0.5	0.0	0.0
	0.0	1.0	0.0	0.0
	0.0	1.0	0.0	0.0
	0.0	0.0	1.0	0.0
	0.0	1.0	0.0	0.0
	0.0	1.0	0.0	0.0

MEME version 4

ALPHABET= ACGT

MOTIF chr7:5109229-5109239

letter-probability matrix: alength= 4 w= 10
	0.0	0.5	0.0	0.5
	0.0	0.0	0.0	1.0
	0.75	0.25	0.0	0.0
	0.75	0.0	0.0	0.25
	0.0	0.0	0.25	0.75
	0.25	0.0	0.25	0.5
	1.0	0.0	0.0	0.0
	0.75	0.0	0.0	0.25
	1.0	0.0	0.0	0.0
	1.0	0.0	0.0	0.0

MEME version 4

ALPHABET= ACGT

MOTIF chr7:5080069-5080094

letter-probability matrix: alength= 4 w= 25
	0.0	1.0	0.0	0.0
	0.0	1.0	0.0	0.0
	0.0	0.0	0.0	1.0
	0.5	0.0	0.5	0.0
	0.0	0.0	1.0	0.0
	0.0	0.0	1.0	0.0
	0.0	1.0	0.0	0.0
	0.0	0.0	0.0	1.0
	0.0	1.0	0.0	0.0
	1.0	0.0	0.0	0.0
	1.0	0.0	0.0	0.0
	0.0	0.0	1.0	0.0
	0.0	1.0	0.0	0.0
	0.5	0.5	0.0	0.0
	1.0	0.0	0.0	0.0
	0.0	0.0	0.0	1.0
	0.0	1.0	0.0	0.0
	0.0	1.0	0.0	0.0
	0.0	0.0	0.0	1.0
	0.5	0.5	0.0	0.0
	0.0	1.0	0.0	0.0
	0.0	1.0	0.0	0.0
	0.0	0.0	1.0	0.0
	0.0	1.0	0.0	0.0
	0.0	1.0	0.0	0.0

MEME version 4

ALPHABET= ACGT

MOTIF chr1:22004582-22004592

letter-probability matrix: alength= 4 w= 10
	0.0	0.5	0.0	0.5
	0.0	0.0	0.0	1.0
	0.75	0.25	0.0	0.0
	0.75	0.0	0.0	0.25
	0.0	0.0	0.25	0.75
	0.25	0.0	0.25	0.5
	1.0	0.0	0.0	0.0
	0.75	0.0	0.0	0.25
	1.0	0.0	0.0	0.0
	1.0	0.0	0.0	0.0

MEME version 4

ALPHABET= ACGT

MOTIF chr1:22138828-22138853

letter-probability matrix: alength= 4 w= 25
	0.0	1.0	0.0	0.0
	0.0	1.0	0.0	0.0
	0.0	0.0	0.0	1.0
	0.5	0.0	0.5	0.0
	0.0	0.0	1.0	0.0
	0.0	0.0	1.0	0.0
	0.0	1.0	0.0	0.0
	0.0	0.0	0.0	1.0
	0.0	1.0	0.0	0.0
	1.0	0.0	0.0	0.0
	1.0	0.0	0.0	0.0
	0.0	0.0	1.0	0.0
	0.0	1.0	0.0	0.0
	0.5	0.5	0.0	0.0
	1.0	0.0	0.0	0.0
	0.0	0.0	0.0	1.0
	0.0	1.0	0.0	0.0
	0.0	1.0	0.0	0.0
	0.0	0.0	0.0	1.0
	0.5	0.5	0.0	0.0
	0.0	1.0	0.0	0.0
	0.0	1.0	0.0	0.0
	0.0	0.0	1.0	0.0
	0.0	1.0	0.0	0.0
	0.0	1.0	0.0	0.0

MEME version 4

ALPHABET= ACGT

MOTIF chr16:4560605-4560615

letter-probability matrix: alength= 4 w= 10
	0.0	0.5	0.0	0.5
	0.0	0.0	0.0	1.0
	0.75	0.25	0.0	0.0
	0.75	0.0	0.0	0.25
	0.0	0.0	0.25	0.75
	0.25	0.0	0.25	0.5
	1.0	0.0	0.0	0.0
	0.75	0.0	0.0	0.25
	1.0	0.0	0.0	0.0
	1.0	0.0	0.0	0.0

MEME version 4

ALPHABET= ACGT

MOTIF chr16:4478044-4478069

letter-probability matrix: alength= 4 w= 25
	0.0	1.0	0.0	0.0
	0.0	1.0	0.0	0.0
	0.0	0.0	0.0	1.0
	0.5	0.0	0.5	0.0
	0.0	0.0	1.0	0.0
	0.0	0.0	1.0	0.0
	0.0	1.0	0.0	0.0
	0.0	0.0	0.0	1.0
	0.0	1.0	0.0	0.0
	1.0	0.0	0.0	0.0
	1.0	0.0	0.0	0.0
	0.0	0.0	1.0	0.0
	0.0	1.0	0.0	0.0
	0.5	0.5	0.0	0.0
	1.0	0.0	0.0	0.0
	0.0	0.0	0.0	1.0
	0.0	1.0	0.0	0.0
	0.0	1.0	0.0	0.0
	0.0	0.0	0.0	1.0
	0.5	0.5	0.0	0.0
	0.0	1.0	0.0	0.0
	0.0	1.0	0.0	0.0
	0.0	0.0	1.0	0.0
	0.0	1.0	0.0	0.0
	0.0	1.0	0.0	0.0

MEME version 4

ALPHABET= ACGT

MOTIF chr1:22110704-22110714

letter-probability matrix: alength= 4 w= 10
	0.0	0.5	0.0	0.5
	0.0	0.0	0.0	1.0
	0.75	0.25	0.0	0.0
	0.75	0.0	0.0	0.25
	0.0	0.0	0.25	0.75
	0.25	0.0	0.25	0.5
	1.0	0.0	0.0	0.0
	0.75	0.0	0.0	0.25
	1.0	0.0	0.0	0.0
	1.0	0.0	0.0	0.0

MEME version 4

ALPHABET= ACGT

MOTIF chr1:22138828-22138853

letter-probability matrix: alength= 4 w= 25
	0.0	1.0	0.0	0.0
	0.0	1.0	0.0	0.0
	0.0	0.0	0.0	1.0
	0.5	0.0	0.5	0.0
	0.0	0.0	1.0	0.0
	0.0	0.0	1.0	0.0
	0.0	1.0	0.0	0.0
	0.0	0.0	0.0	1.0
	0.0	1.0	0.0	0.0
	1.0	0.0	0.0	0.0
	1.0	0.0	0.0	0.0
	0.0	0.0	1.0	0.0
	0.0	1.0	0.0	0.0
	0.5	0.5	0.0	0.0
	1.0	0.0	0.0	0.0
	0.0	0.0	0.0	1.0
	0.0	1.0	0.0	0.0
	0.0	1.0	0.0	0.0
	0.0	0.0	0.0	1.0
	0.5	0.5	0.0	0.0
	0.0	1.0	0.0	0.0
	0.0	1.0	0.0	0.0
	0.0	0.0	1.0	0.0
	0.0	1.0	0.0	0.0
	0.0	1.0	0.0	0.0

MEME version 4

ALPHABET= ACGT

MOTIF chr20:30251545-30251555

letter-probability matrix: alength= 4 w= 10
	0.0	0.5	0.0	0.5
	0.0	0.0	0.0	1.0
	0.75	0.25	0.0	0.0
	0.75	0.0	0.0	0.25
	0.0	0.0	0.25	0.75
	0.25	0.0	0.25	0.5
	1.0	0.0	0.0	0.0
	0.75	0.0	0.0	0.25
	1.0	0.0	0.0	0.0
	1.0	0.0	0.0	0.0

MEME version 4

ALPHABET= ACGT

MOTIF chr20:30325944-30325969

letter-probability matrix: alength= 4 w= 25
	0.0	1.0	0.0	0.0
	0.0	1.0	0.0	0.0
	0.0	0.0	0.0	1.0
	0.5	0.0	0.5	0.0
	0.0	0.0	1.0	0.0
	0.0	0.0	1.0	0.0
	0.0	1.0	0.0	0.0
	0.0	0.0	0.0	1.0
	0.0	1.0	0.0	0.0
	1.0	0.0	0.0	0.0
	1.0	0.0	0.0	0.0
	0.0	0.0	1.0	0.0
	0.0	1.0	0.0	0.0
	0.5	0.5	0.0	0.0
	1.0	0.0	0.0	0.0
	0.0	0.0	0.0	1.0
	0.0	1.0	0.0	0.0
	0.0	1.0	0.0	0.0
	0.0	0.0	0.0	1.0
	0.5	0.5	0.0	0.0
	0.0	1.0	0.0	0.0
	0.0	1.0	0.0	0.0
	0.0	0.0	1.0	0.0
	0.0	1.0	0.0	0.0
	0.0	1.0	0.0	0.0

MEME version 4

ALPHABET= ACGT

MOTIF chr1:204543696-204543706

letter-probability matrix: alength= 4 w= 10
	0.0	0.5	0.0	0.5
	0.0	0.0	0.0	1.0
	0.75	0.25	0.0	0.0
	0.75	0.0	0.0	0.25
	0.0	0.0	0.25	0.75
	0.25	0.0	0.25	0.5
	1.0	0.0	0.0	0.0
	0.75	0.0	0.0	0.25
	1.0	0.0	0.0	0.0
	1.0	0.0	0.0	0.0

MEME version 4

ALPHABET= ACGT

MOTIF chr1:204476824-204476849

letter-probability matrix: alength= 4 w= 25
	0.0	1.0	0.0	0.0
	0.0	1.0	0.0	0.0
	0.0	0.0	0.0	1.0
	0.5	0.0	0.5	0.0
	0.0	0.0	1.0	0.0
	0.0	0.0	1.0	0.0
	0.0	1.0	0.0	0.0
	0.0	0.0	0.0	1.0
	0.0	1.0	0.0	0.0
	1.0	0.0	0.0	0.0
	1.0	0.0	0.0	0.0
	0.0	0.0	1.0	0.0
	0.0	1.0	0.0	0.0
	0.5	0.5	0.0	0.0
	1.0	0.0	0.0	0.0
	0.0	0.0	0.0	1.0
	0.0	1.0	0.0	0.0
	0.0	1.0	0.0	0.0
	0.0	0.0	0.0	1.0
	0.5	0.5	0.0	0.0
	0.0	1.0	0.0	0.0
	0.0	1.0	0.0	0.0
	0.0	0.0	1.0	0.0
	0.0	1.0	0.0	0.0
	0.0	1.0	0.0	0.0

MEME version 4

ALPHABET= ACGT

MOTIF chr22:41993851-41993861

letter-probability matrix: alength= 4 w= 10
	0.0	0.5	0.0	0.5
	0.0	0.0	0.0	1.0
	0.75	0.25	0.0	0.0
	0.75	0.0	0.0	0.25
	0.0	0.0	0.25	0.75
	0.25	0.0	0.25	0.5
	1.0	0.0	0.0	0.0
	0.75	0.0	0.0	0.25
	1.0	0.0	0.0	0.0
	1.0	0.0	0.0	0.0

MEME version 4

ALPHABET= ACGT

MOTIF chr22:42076790-42076815

letter-probability matrix: alength= 4 w= 25
	0.0	1.0	0.0	0.0
	0.0	1.0	0.0	0.0
	0.0	0.0	0.0	1.0
	0.5	0.0	0.5	0.0
	0.0	0.0	1.0	0.0
	0.0	0.0	1.0	0.0
	0.0	1.0	0.0	0.0
	0.0	0.0	0.0	1.0
	0.0	1.0	0.0	0.0
	1.0	0.0	0.0	0.0
	1.0	0.0	0.0	0.0
	0.0	0.0	1.0	0.0
	0.0	1.0	0.0	0.0
	0.5	0.5	0.0	0.0
	1.0	0.0	0.0	0.0
	0.0	0.0	0.0	1.0
	0.0	1.0	0.0	0.0
	0.0	1.0	0.0	0.0
	0.0	0.0	0.0	1.0
	0.5	0.5	0.0	0.0
	0.0	1.0	0.0	0.0
	0.0	1.0	0.0	0.0
	0.0	0.0	1.0	0.0
	0.0	1.0	0.0	0.0
	0.0	1.0	0.0	0.0

MEME version 4

ALPHABET= ACGT

MOTIF chr1:23694533-23694543

letter-probability matrix: alength= 4 w= 10
	0.0	0.5	0.0	0.5
	0.0	0.0	0.0	1.0
	0.75	0.25	0.0	0.0
	0.75	0.0	0.0	0.25
	0.0	0.0	0.25	0.75
	0.25	0.0	0.25	0.5
	1.0	0.0	0.0	0.0
	0.75	0.0	0.0	0.25
	1.0	0.0	0.0	0.0
	1.0	0.0	0.0	0.0

MEME version 4

ALPHABET= ACGT

MOTIF chr1:23707634-23707659

letter-probability matrix: alength= 4 w= 25
	0.0	1.0	0.0	0.0
	0.0	1.0	0.0	0.0
	0.0	0.0	0.0	1.0
	0.5	0.0	0.5	0.0
	0.0	0.0	1.0	0.0
	0.0	0.0	1.0	0.0
	0.0	1.0	0.0	0.0
	0.0	0.0	0.0	1.0
	0.0	1.0	0.0	0.0
	1.0	0.0	0.0	0.0
	1.0	0.0	0.0	0.0
	0.0	0.0	1.0	0.0
	0.0	1.0	0.0	0.0
	0.5	0.5	0.0	0.0
	1.0	0.0	0.0	0.0
	0.0	0.0	0.0	1.0
	0.0	1.0	0.0	0.0
	0.0	1.0	0.0	0.0
	0.0	0.0	0.0	1.0
	0.5	0.5	0.0	0.0
	0.0	1.0	0.0	0.0
	0.0	1.0	0.0	0.0
	0.0	0.0	1.0	0.0
	0.0	1.0	0.0	0.0
	0.0	1.0	0.0	0.0

MEME version 4

ALPHABET= ACGT

MOTIF chr20:44576629-44576639

letter-probability matrix: alength= 4 w= 10
	0.0	0.5	0.0	0.5
	0.0	0.0	0.0	1.0
	0.75	0.25	0.0	0.0
	0.75	0.0	0.0	0.25
	0.0	0.0	0.25	0.75
	0.25	0.0	0.25	0.5
	1.0	0.0	0.0	0.0
	0.75	0.0	0.0	0.25
	1.0	0.0	0.0	0.0
	1.0	0.0	0.0	0.0

MEME version 4

ALPHABET= ACGT

MOTIF chr20:44611780-44611805

letter-probability matrix: alength= 4 w= 25
	0.0	1.0	0.0	0.0
	0.0	1.0	0.0	0.0
	0.0	0.0	0.0	1.0
	0.5	0.0	0.5	0.0
	0.0	0.0	1.0	0.0
	0.0	0.0	1.0	0.0
	0.0	1.0	0.0	0.0
	0.0	0.0	0.0	1.0
	0.0	1.0	0.0	0.0
	1.0	0.0	0.0	0.0
	1.0	0.0	0.0	0.0
	0.0	0.0	1.0	0.0
	0.0	1.0	0.0	0.0
	0.5	0.5	0.0	0.0
	1.0	0.0	0.0	0.0
	0.0	0.0	0.0	1.0
	0.0	1.0	0.0	0.0
	0.0	1.0	0.0	0.0
	0.0	0.0	0.0	1.0
	0.5	0.5	0.0	0.0
	0.0	1.0	0.0	0.0
	0.0	1.0	0.0	0.0
	0.0	0.0	1.0	0.0
	0.0	1.0	0.0	0.0
	0.0	1.0	0.0	0.0

MEME version 4

ALPHABET= ACGT

MOTIF chr1:38146362-38146372

letter-probability matrix: alength= 4 w= 10
	0.0	0.5	0.0	0.5
	0.0	0.0	0.0	1.0
	0.75	0.25	0.0	0.0
	0.75	0.0	0.0	0.25
	0.0	0.0	0.25	0.75
	0.25	0.0	0.25	0.5
	1.0	0.0	0.0	0.0
	0.75	0.0	0.0	0.25
	1.0	0.0	0.0	0.0
	1.0	0.0	0.0	0.0

MEME version 4

ALPHABET= ACGT

MOTIF chr1:38148637-38148662

letter-probability matrix: alength= 4 w= 25
	0.0	1.0	0.0	0.0
	0.0	1.0	0.0	0.0
	0.0	0.0	0.0	1.0
	0.5	0.0	0.5	0.0
	0.0	0.0	1.0	0.0
	0.0	0.0	1.0	0.0
	0.0	1.0	0.0	0.0
	0.0	0.0	0.0	1.0
	0.0	1.0	0.0	0.0
	1.0	0.0	0.0	0.0
	1.0	0.0	0.0	0.0
	0.0	0.0	1.0	0.0
	0.0	1.0	0.0	0.0
	0.5	0.5	0.0	0.0
	1.0	0.0	0.0	0.0
	0.0	0.0	0.0	1.0
	0.0	1.0	0.0	0.0
	0.0	1.0	0.0	0.0
	0.0	0.0	0.0	1.0
	0.5	0.5	0.0	0.0
	0.0	1.0	0.0	0.0
	0.0	1.0	0.0	0.0
	0.0	0.0	1.0	0.0
	0.0	1.0	0.0	0.0
	0.0	1.0	0.0	0.0

MEME version 4

ALPHABET= ACGT

MOTIF chr17:40087653-40087663

letter-probability matrix: alength= 4 w= 10
	0.0	0.5	0.0	0.5
	0.0	0.0	0.0	1.0
	0.75	0.25	0.0	0.0
	0.75	0.0	0.0	0.25
	0.0	0.0	0.25	0.75
	0.25	0.0	0.25	0.5
	1.0	0.0	0.0	0.0
	0.75	0.0	0.0	0.25
	1.0	0.0	0.0	0.0
	1.0	0.0	0.0	0.0

MEME version 4

ALPHABET= ACGT

MOTIF chr17:40100912-40100937

letter-probability matrix: alength= 4 w= 25
	0.0	1.0	0.0	0.0
	0.0	1.0	0.0	0.0
	0.0	0.0	0.0	1.0
	0.5	0.0	0.5	0.0
	0.0	0.0	1.0	0.0
	0.0	0.0	1.0	0.0
	0.0	1.0	0.0	0.0
	0.0	0.0	0.0	1.0
	0.0	1.0	0.0	0.0
	1.0	0.0	0.0	0.0
	1.0	0.0	0.0	0.0
	0.0	0.0	1.0	0.0
	0.0	1.0	0.0	0.0
	0.5	0.5	0.0	0.0
	1.0	0.0	0.0	0.0
	0.0	0.0	0.0	1.0
	0.0	1.0	0.0	0.0
	0.0	1.0	0.0	0.0
	0.0	0.0	0.0	1.0
	0.5	0.5	0.0	0.0
	0.0	1.0	0.0	0.0
	0.0	1.0	0.0	0.0
	0.0	0.0	1.0	0.0
	0.0	1.0	0.0	0.0
	0.0	1.0	0.0	0.0

MEME version 4

ALPHABET= ACGT

MOTIF chr17:40023105-40023115

letter-probability matrix: alength= 4 w= 10
	0.0	0.5	0.0	0.5
	0.0	0.0	0.0	1.0
	0.75	0.25	0.0	0.0
	0.75	0.0	0.0	0.25
	0.0	0.0	0.25	0.75
	0.25	0.0	0.25	0.5
	1.0	0.0	0.0	0.0
	0.75	0.0	0.0	0.25
	1.0	0.0	0.0	0.0
	1.0	0.0	0.0	0.0

MEME version 4

ALPHABET= ACGT

MOTIF chr17:40100912-40100937

letter-probability matrix: alength= 4 w= 25
	0.0	1.0	0.0	0.0
	0.0	1.0	0.0	0.0
	0.0	0.0	0.0	1.0
	0.5	0.0	0.5	0.0
	0.0	0.0	1.0	0.0
	0.0	0.0	1.0	0.0
	0.0	1.0	0.0	0.0
	0.0	0.0	0.0	1.0
	0.0	1.0	0.0	0.0
	1.0	0.0	0.0	0.0
	1.0	0.0	0.0	0.0
	0.0	0.0	1.0	0.0
	0.0	1.0	0.0	0.0
	0.5	0.5	0.0	0.0
	1.0	0.0	0.0	0.0
	0.0	0.0	0.0	1.0
	0.0	1.0	0.0	0.0
	0.0	1.0	0.0	0.0
	0.0	0.0	0.0	1.0
	0.5	0.5	0.0	0.0
	0.0	1.0	0.0	0.0
	0.0	1.0	0.0	0.0
	0.0	0.0	1.0	0.0
	0.0	1.0	0.0	0.0
	0.0	1.0	0.0	0.0

MEME version 4

ALPHABET= ACGT

MOTIF chr9:140063647-140063657

letter-probability matrix: alength= 4 w= 10
	0.0	0.5	0.0	0.5
	0.0	0.0	0.0	1.0
	0.75	0.25	0.0	0.0
	0.75	0.0	0.0	0.25
	0.0	0.0	0.25	0.75
	0.25	0.0	0.25	0.5
	1.0	0.0	0.0	0.0
	0.75	0.0	0.0	0.25
	1.0	0.0	0.0	0.0
	1.0	0.0	0.0	0.0

MEME version 4

ALPHABET= ACGT

MOTIF chr9:140026477-140026502

letter-probability matrix: alength= 4 w= 25
	0.0	1.0	0.0	0.0
	0.0	1.0	0.0	0.0
	0.0	0.0	0.0	1.0
	0.5	0.0	0.5	0.0
	0.0	0.0	1.0	0.0
	0.0	0.0	1.0	0.0
	0.0	1.0	0.0	0.0
	0.0	0.0	0.0	1.0
	0.0	1.0	0.0	0.0
	1.0	0.0	0.0	0.0
	1.0	0.0	0.0	0.0
	0.0	0.0	1.0	0.0
	0.0	1.0	0.0	0.0
	0.5	0.5	0.0	0.0
	1.0	0.0	0.0	0.0
	0.0	0.0	0.0	1.0
	0.0	1.0	0.0	0.0
	0.0	1.0	0.0	0.0
	0.0	0.0	0.0	1.0
	0.5	0.5	0.0	0.0
	0.0	1.0	0.0	0.0
	0.0	1.0	0.0	0.0
	0.0	0.0	1.0	0.0
	0.0	1.0	0.0	0.0
	0.0	1.0	0.0	0.0

MEME version 4

ALPHABET= ACGT

MOTIF chr10:115594447-115594457

letter-probability matrix: alength= 4 w= 10
	0.0	0.5	0.0	0.5
	0.0	0.0	0.0	1.0
	0.75	0.25	0.0	0.0
	0.75	0.0	0.0	0.25
	0.0	0.0	0.25	0.75
	0.25	0.0	0.25	0.5
	1.0	0.0	0.0	0.0
	0.75	0.0	0.0	0.25
	1.0	0.0	0.0	0.0
	1.0	0.0	0.0	0.0

MEME version 4

ALPHABET= ACGT

MOTIF chr10:115627839-115627864

letter-probability matrix: alength= 4 w= 25
	0.0	1.0	0.0	0.0
	0.0	1.0	0.0	0.0
	0.0	0.0	0.0	1.0
	0.5	0.0	0.5	0.0
	0.0	0.0	1.0	0.0
	0.0	0.0	1.0	0.0
	0.0	1.0	0.0	0.0
	0.0	0.0	0.0	1.0
	0.0	1.0	0.0	0.0
	1.0	0.0	0.0	0.0
	1.0	0.0	0.0	0.0
	0.0	0.0	1.0	0.0
	0.0	1.0	0.0	0.0
	0.5	0.5	0.0	0.0
	1.0	0.0	0.0	0.0
	0.0	0.0	0.0	1.0
	0.0	1.0	0.0	0.0
	0.0	1.0	0.0	0.0
	0.0	0.0	0.0	1.0
	0.5	0.5	0.0	0.0
	0.0	1.0	0.0	0.0
	0.0	1.0	0.0	0.0
	0.0	0.0	1.0	0.0
	0.0	1.0	0.0	0.0
	0.0	1.0	0.0	0.0

MEME version 4

ALPHABET= ACGT

MOTIF chr3:42588619-42588629

letter-probability matrix: alength= 4 w= 10
	0.0	0.5	0.0	0.5
	0.0	0.0	0.0	1.0
	0.75	0.25	0.0	0.0
	0.75	0.0	0.0	0.25
	0.0	0.0	0.25	0.75
	0.25	0.0	0.25	0.5
	1.0	0.0	0.0	0.0
	0.75	0.0	0.0	0.25
	1.0	0.0	0.0	0.0
	1.0	0.0	0.0	0.0

MEME version 4

ALPHABET= ACGT

MOTIF chr3:42631707-42631732

letter-probability matrix: alength= 4 w= 25
	0.0	1.0	0.0	0.0
	0.0	1.0	0.0	0.0
	0.0	0.0	0.0	1.0
	0.5	0.0	0.5	0.0
	0.0	0.0	1.0	0.0
	0.0	0.0	1.0	0.0
	0.0	1.0	0.0	0.0
	0.0	0.0	0.0	1.0
	0.0	1.0	0.0	0.0
	1.0	0.0	0.0	0.0
	1.0	0.0	0.0	0.0
	0.0	0.0	1.0	0.0
	0.0	1.0	0.0	0.0
	0.5	0.5	0.0	0.0
	1.0	0.0	0.0	0.0
	0.0	0.0	0.0	1.0
	0.0	1.0	0.0	0.0
	0.0	1.0	0.0	0.0
	0.0	0.0	0.0	1.0
	0.5	0.5	0.0	0.0
	0.0	1.0	0.0	0.0
	0.0	1.0	0.0	0.0
	0.0	0.0	1.0	0.0
	0.0	1.0	0.0	0.0
	0.0	1.0	0.0	0.0

MEME version 4

ALPHABET= ACGT

MOTIF chr17:79202031-79202041

letter-probability matrix: alength= 4 w= 10
	0.0	0.5	0.0	0.5
	0.0	0.0	0.0	1.0
	0.75	0.25	0.0	0.0
	0.75	0.0	0.0	0.25
	0.0	0.0	0.25	0.75
	0.25	0.0	0.25	0.5
	1.0	0.0	0.0	0.0
	0.75	0.0	0.0	0.25
	1.0	0.0	0.0	0.0
	1.0	0.0	0.0	0.0

MEME version 4

ALPHABET= ACGT

MOTIF chr17:79185176-79185201

letter-probability matrix: alength= 4 w= 25
	0.0	1.0	0.0	0.0
	0.0	1.0	0.0	0.0
	0.0	0.0	0.0	1.0
	0.5	0.0	0.5	0.0
	0.0	0.0	1.0	0.0
	0.0	0.0	1.0	0.0
	0.0	1.0	0.0	0.0
	0.0	0.0	0.0	1.0
	0.0	1.0	0.0	0.0
	1.0	0.0	0.0	0.0
	1.0	0.0	0.0	0.0
	0.0	0.0	1.0	0.0
	0.0	1.0	0.0	0.0
	0.5	0.5	0.0	0.0
	1.0	0.0	0.0	0.0
	0.0	0.0	0.0	1.0
	0.0	1.0	0.0	0.0
	0.0	1.0	0.0	0.0
	0.0	0.0	0.0	1.0
	0.5	0.5	0.0	0.0
	0.0	1.0	0.0	0.0
	0.0	1.0	0.0	0.0
	0.0	0.0	1.0	0.0
	0.0	1.0	0.0	0.0
	0.0	1.0	0.0	0.0

MEME version 4

ALPHABET= ACGT

MOTIF chr7:66451920-66451930

letter-probability matrix: alength= 4 w= 10
	0.0	0.5	0.0	0.5
	0.0	0.0	0.0	1.0
	0.75	0.25	0.0	0.0
	0.75	0.0	0.0	0.25
	0.0	0.0	0.25	0.75
	0.25	0.0	0.25	0.5
	1.0	0.0	0.0	0.0
	0.75	0.0	0.0	0.25
	1.0	0.0	0.0	0.0
	1.0	0.0	0.0	0.0

MEME version 4

ALPHABET= ACGT

MOTIF chr7:66429228-66429253

letter-probability matrix: alength= 4 w= 25
	0.0	1.0	0.0	0.0
	0.0	1.0	0.0	0.0
	0.0	0.0	0.0	1.0
	0.5	0.0	0.5	0.0
	0.0	0.0	1.0	0.0
	0.0	0.0	1.0	0.0
	0.0	1.0	0.0	0.0
	0.0	0.0	0.0	1.0
	0.0	1.0	0.0	0.0
	1.0	0.0	0.0	0.0
	1.0	0.0	0.0	0.0
	0.0	0.0	1.0	0.0
	0.0	1.0	0.0	0.0
	0.5	0.5	0.0	0.0
	1.0	0.0	0.0	0.0
	0.0	0.0	0.0	1.0
	0.0	1.0	0.0	0.0
	0.0	1.0	0.0	0.0
	0.0	0.0	0.0	1.0
	0.5	0.5	0.0	0.0
	0.0	1.0	0.0	0.0
	0.0	1.0	0.0	0.0
	0.0	0.0	1.0	0.0
	0.0	1.0	0.0	0.0
	0.0	1.0	0.0	0.0

MEME version 4

ALPHABET= ACGT

MOTIF chr20:44601804-44601814

letter-probability matrix: alength= 4 w= 10
	0.0	0.5	0.0	0.5
	0.0	0.0	0.0	1.0
	0.75	0.25	0.0	0.0
	0.75	0.0	0.0	0.25
	0.0	0.0	0.25	0.75
	0.25	0.0	0.25	0.5
	1.0	0.0	0.0	0.0
	0.75	0.0	0.0	0.25
	1.0	0.0	0.0	0.0
	1.0	0.0	0.0	0.0

MEME version 4

ALPHABET= ACGT

MOTIF chr20:44611780-44611805

letter-probability matrix: alength= 4 w= 25
	0.0	1.0	0.0	0.0
	0.0	1.0	0.0	0.0
	0.0	0.0	0.0	1.0
	0.5	0.0	0.5	0.0
	0.0	0.0	1.0	0.0
	0.0	0.0	1.0	0.0
	0.0	1.0	0.0	0.0
	0.0	0.0	0.0	1.0
	0.0	1.0	0.0	0.0
	1.0	0.0	0.0	0.0
	1.0	0.0	0.0	0.0
	0.0	0.0	1.0	0.0
	0.0	1.0	0.0	0.0
	0.5	0.5	0.0	0.0
	1.0	0.0	0.0	0.0
	0.0	0.0	0.0	1.0
	0.0	1.0	0.0	0.0
	0.0	1.0	0.0	0.0
	0.0	0.0	0.0	1.0
	0.5	0.5	0.0	0.0
	0.0	1.0	0.0	0.0
	0.0	1.0	0.0	0.0
	0.0	0.0	1.0	0.0
	0.0	1.0	0.0	0.0
	0.0	1.0	0.0	0.0

MEME version 4

ALPHABET= ACGT

MOTIF chr20:32238488-32238498

letter-probability matrix: alength= 4 w= 10
	0.0	0.5	0.0	0.5
	0.0	0.0	0.0	1.0
	0.75	0.25	0.0	0.0
	0.75	0.0	0.0	0.25
	0.0	0.0	0.25	0.75
	0.25	0.0	0.25	0.5
	1.0	0.0	0.0	0.0
	0.75	0.0	0.0	0.25
	1.0	0.0	0.0	0.0
	1.0	0.0	0.0	0.0

MEME version 4

ALPHABET= ACGT

MOTIF chr20:32114166-32114191

letter-probability matrix: alength= 4 w= 25
	0.0	1.0	0.0	0.0
	0.0	1.0	0.0	0.0
	0.0	0.0	0.0	1.0
	0.5	0.0	0.5	0.0
	0.0	0.0	1.0	0.0
	0.0	0.0	1.0	0.0
	0.0	1.0	0.0	0.0
	0.0	0.0	0.0	1.0
	0.0	1.0	0.0	0.0
	1.0	0.0	0.0	0.0
	1.0	0.0	0.0	0.0
	0.0	0.0	1.0	0.0
	0.0	1.0	0.0	0.0
	0.5	0.5	0.0	0.0
	1.0	0.0	0.0	0.0
	0.0	0.0	0.0	1.0
	0.0	1.0	0.0	0.0
	0.0	1.0	0.0	0.0
	0.0	0.0	0.0	1.0
	0.5	0.5	0.0	0.0
	0.0	1.0	0.0	0.0
	0.0	1.0	0.0	0.0
	0.0	0.0	1.0	0.0
	0.0	1.0	0.0	0.0
	0.0	1.0	0.0	0.0

MEME version 4

ALPHABET= ACGT

MOTIF chr2:69622099-69622109

letter-probability matrix: alength= 4 w= 10
	0.0	0.5	0.0	0.5
	0.0	0.0	0.0	1.0
	0.75	0.25	0.0	0.0
	0.75	0.0	0.0	0.25
	0.0	0.0	0.25	0.75
	0.25	0.0	0.25	0.5
	1.0	0.0	0.0	0.0
	0.75	0.0	0.0	0.25
	1.0	0.0	0.0	0.0
	1.0	0.0	0.0	0.0

MEME version 4

ALPHABET= ACGT

MOTIF chr2:69684386-69684411

letter-probability matrix: alength= 4 w= 25
	0.0	1.0	0.0	0.0
	0.0	1.0	0.0	0.0
	0.0	0.0	0.0	1.0
	0.5	0.0	0.5	0.0
	0.0	0.0	1.0	0.0
	0.0	0.0	1.0	0.0
	0.0	1.0	0.0	0.0
	0.0	0.0	0.0	1.0
	0.0	1.0	0.0	0.0
	1.0	0.0	0.0	0.0
	1.0	0.0	0.0	0.0
	0.0	0.0	1.0	0.0
	0.0	1.0	0.0	0.0
	0.5	0.5	0.0	0.0
	1.0	0.0	0.0	0.0
	0.0	0.0	0.0	1.0
	0.0	1.0	0.0	0.0
	0.0	1.0	0.0	0.0
	0.0	0.0	0.0	1.0
	0.5	0.5	0.0	0.0
	0.0	1.0	0.0	0.0
	0.0	1.0	0.0	0.0
	0.0	0.0	1.0	0.0
	0.0	1.0	0.0	0.0
	0.0	1.0	0.0	0.0

MEME version 4

ALPHABET= ACGT

MOTIF chr7:143049863-143049873

letter-probability matrix: alength= 4 w= 10
	0.0	0.5	0.0	0.5
	0.0	0.0	0.0	1.0
	0.75	0.25	0.0	0.0
	0.75	0.0	0.0	0.25
	0.0	0.0	0.25	0.75
	0.25	0.0	0.25	0.5
	1.0	0.0	0.0	0.0
	0.75	0.0	0.0	0.25
	1.0	0.0	0.0	0.0
	1.0	0.0	0.0	0.0

MEME version 4

ALPHABET= ACGT

MOTIF chr7:143004106-143004131

letter-probability matrix: alength= 4 w= 25
	0.0	1.0	0.0	0.0
	0.0	1.0	0.0	0.0
	0.0	0.0	0.0	1.0
	0.5	0.0	0.5	0.0
	0.0	0.0	1.0	0.0
	0.0	0.0	1.0	0.0
	0.0	1.0	0.0	0.0
	0.0	0.0	0.0	1.0
	0.0	1.0	0.0	0.0
	1.0	0.0	0.0	0.0
	1.0	0.0	0.0	0.0
	0.0	0.0	1.0	0.0
	0.0	1.0	0.0	0.0
	0.5	0.5	0.0	0.0
	1.0	0.0	0.0	0.0
	0.0	0.0	0.0	1.0
	0.0	1.0	0.0	0.0
	0.0	1.0	0.0	0.0
	0.0	0.0	0.0	1.0
	0.5	0.5	0.0	0.0
	0.0	1.0	0.0	0.0
	0.0	1.0	0.0	0.0
	0.0	0.0	1.0	0.0
	0.0	1.0	0.0	0.0
	0.0	1.0	0.0	0.0

MEME version 4

ALPHABET= ACGT

MOTIF chr14:31569067-31569077

letter-probability matrix: alength= 4 w= 10
	0.0	0.5	0.0	0.5
	0.0	0.0	0.0	1.0
	0.75	0.25	0.0	0.0
	0.75	0.0	0.0	0.25
	0.0	0.0	0.25	0.75
	0.25	0.0	0.25	0.5
	1.0	0.0	0.0	0.0
	0.75	0.0	0.0	0.25
	1.0	0.0	0.0	0.0
	1.0	0.0	0.0	0.0

MEME version 4

ALPHABET= ACGT

MOTIF chr14:31682659-31682684

letter-probability matrix: alength= 4 w= 25
	0.0	1.0	0.0	0.0
	0.0	1.0	0.0	0.0
	0.0	0.0	0.0	1.0
	0.5	0.0	0.5	0.0
	0.0	0.0	1.0	0.0
	0.0	0.0	1.0	0.0
	0.0	1.0	0.0	0.0
	0.0	0.0	0.0	1.0
	0.0	1.0	0.0	0.0
	1.0	0.0	0.0	0.0
	1.0	0.0	0.0	0.0
	0.0	0.0	1.0	0.0
	0.0	1.0	0.0	0.0
	0.5	0.5	0.0	0.0
	1.0	0.0	0.0	0.0
	0.0	0.0	0.0	1.0
	0.0	1.0	0.0	0.0
	0.0	1.0	0.0	0.0
	0.0	0.0	0.0	1.0
	0.5	0.5	0.0	0.0
	0.0	1.0	0.0	0.0
	0.0	1.0	0.0	0.0
	0.0	0.0	1.0	0.0
	0.0	1.0	0.0	0.0
	0.0	1.0	0.0	0.0

MEME version 4

ALPHABET= ACGT

MOTIF chr12:133298015-133298025

letter-probability matrix: alength= 4 w= 10
	0.0	0.5	0.0	0.5
	0.0	0.0	0.0	1.0
	0.75	0.25	0.0	0.0
	0.75	0.0	0.0	0.25
	0.0	0.0	0.25	0.75
	0.25	0.0	0.25	0.5
	1.0	0.0	0.0	0.0
	0.75	0.0	0.0	0.25
	1.0	0.0	0.0	0.0
	1.0	0.0	0.0	0.0

MEME version 4

ALPHABET= ACGT

MOTIF chr12:133218274-133218299

letter-probability matrix: alength= 4 w= 25
	0.0	1.0	0.0	0.0
	0.0	1.0	0.0	0.0
	0.0	0.0	0.0	1.0
	0.5	0.0	0.5	0.0
	0.0	0.0	1.0	0.0
	0.0	0.0	1.0	0.0
	0.0	1.0	0.0	0.0
	0.0	0.0	0.0	1.0
	0.0	1.0	0.0	0.0
	1.0	0.0	0.0	0.0
	1.0	0.0	0.0	0.0
	0.0	0.0	1.0	0.0
	0.0	1.0	0.0	0.0
	0.5	0.5	0.0	0.0
	1.0	0.0	0.0	0.0
	0.0	0.0	0.0	1.0
	0.0	1.0	0.0	0.0
	0.0	1.0	0.0	0.0
	0.0	0.0	0.0	1.0
	0.5	0.5	0.0	0.0
	0.0	1.0	0.0	0.0
	0.0	1.0	0.0	0.0
	0.0	0.0	1.0	0.0
	0.0	1.0	0.0	0.0
	0.0	1.0	0.0	0.0

MEME version 4

ALPHABET= ACGT

MOTIF chr3:15484856-15484866

letter-probability matrix: alength= 4 w= 10
	0.0	0.5	0.0	0.5
	0.0	0.0	0.0	1.0
	0.75	0.25	0.0	0.0
	0.75	0.0	0.0	0.25
	0.0	0.0	0.25	0.75
	0.25	0.0	0.25	0.5
	1.0	0.0	0.0	0.0
	0.75	0.0	0.0	0.25
	1.0	0.0	0.0	0.0
	1.0	0.0	0.0	0.0

MEME version 4

ALPHABET= ACGT

MOTIF chr3:15500577-15500602

letter-probability matrix: alength= 4 w= 25
	0.0	1.0	0.0	0.0
	0.0	1.0	0.0	0.0
	0.0	0.0	0.0	1.0
	0.5	0.0	0.5	0.0
	0.0	0.0	1.0	0.0
	0.0	0.0	1.0	0.0
	0.0	1.0	0.0	0.0
	0.0	0.0	0.0	1.0
	0.0	1.0	0.0	0.0
	1.0	0.0	0.0	0.0
	1.0	0.0	0.0	0.0
	0.0	0.0	1.0	0.0
	0.0	1.0	0.0	0.0
	0.5	0.5	0.0	0.0
	1.0	0.0	0.0	0.0
	0.0	0.0	0.0	1.0
	0.0	1.0	0.0	0.0
	0.0	1.0	0.0	0.0
	0.0	0.0	0.0	1.0
	0.5	0.5	0.0	0.0
	0.0	1.0	0.0	0.0
	0.0	1.0	0.0	0.0
	0.0	0.0	1.0	0.0
	0.0	1.0	0.0	0.0
	0.0	1.0	0.0	0.0

MEME version 4

ALPHABET= ACGT

MOTIF chr20:32077432-32077442

letter-probability matrix: alength= 4 w= 10
	0.0	0.5	0.0	0.5
	0.0	0.0	0.0	1.0
	0.75	0.25	0.0	0.0
	0.75	0.0	0.0	0.25
	0.0	0.0	0.25	0.75
	0.25	0.0	0.25	0.5
	1.0	0.0	0.0	0.0
	0.75	0.0	0.0	0.25
	1.0	0.0	0.0	0.0
	1.0	0.0	0.0	0.0

MEME version 4

ALPHABET= ACGT

MOTIF chr20:32114166-32114191

letter-probability matrix: alength= 4 w= 25
	0.0	1.0	0.0	0.0
	0.0	1.0	0.0	0.0
	0.0	0.0	0.0	1.0
	0.5	0.0	0.5	0.0
	0.0	0.0	1.0	0.0
	0.0	0.0	1.0	0.0
	0.0	1.0	0.0	0.0
	0.0	0.0	0.0	1.0
	0.0	1.0	0.0	0.0
	1.0	0.0	0.0	0.0
	1.0	0.0	0.0	0.0
	0.0	0.0	1.0	0.0
	0.0	1.0	0.0	0.0
	0.5	0.5	0.0	0.0
	1.0	0.0	0.0	0.0
	0.0	0.0	0.0	1.0
	0.0	1.0	0.0	0.0
	0.0	1.0	0.0	0.0
	0.0	0.0	0.0	1.0
	0.5	0.5	0.0	0.0
	0.0	1.0	0.0	0.0
	0.0	1.0	0.0	0.0
	0.0	0.0	1.0	0.0
	0.0	1.0	0.0	0.0
	0.0	1.0	0.0	0.0

MEME version 4

ALPHABET= ACGT

MOTIF chr2:209223647-209223657

letter-probability matrix: alength= 4 w= 10
	0.0	0.5	0.0	0.5
	0.0	0.0	0.0	1.0
	0.75	0.25	0.0	0.0
	0.75	0.0	0.0	0.25
	0.0	0.0	0.25	0.75
	0.25	0.0	0.25	0.5
	1.0	0.0	0.0	0.0
	0.75	0.0	0.0	0.25
	1.0	0.0	0.0	0.0
	1.0	0.0	0.0	0.0

MEME version 4

ALPHABET= ACGT

MOTIF chr2:209149619-209149644

letter-probability matrix: alength= 4 w= 25
	0.0	1.0	0.0	0.0
	0.0	1.0	0.0	0.0
	0.0	0.0	0.0	1.0
	0.5	0.0	0.5	0.0
	0.0	0.0	1.0	0.0
	0.0	0.0	1.0	0.0
	0.0	1.0	0.0	0.0
	0.0	0.0	0.0	1.0
	0.0	1.0	0.0	0.0
	1.0	0.0	0.0	0.0
	1.0	0.0	0.0	0.0
	0.0	0.0	1.0	0.0
	0.0	1.0	0.0	0.0
	0.5	0.5	0.0	0.0
	1.0	0.0	0.0	0.0
	0.0	0.0	0.0	1.0
	0.0	1.0	0.0	0.0
	0.0	1.0	0.0	0.0
	0.0	0.0	0.0	1.0
	0.5	0.5	0.0	0.0
	0.0	1.0	0.0	0.0
	0.0	1.0	0.0	0.0
	0.0	0.0	1.0	0.0
	0.0	1.0	0.0	0.0
	0.0	1.0	0.0	0.0

MEME version 4

ALPHABET= ACGT

MOTIF chr2:24287085-24287095

letter-probability matrix: alength= 4 w= 10
	0.0	0.5	0.0	0.5
	0.0	0.0	0.0	1.0
	0.75	0.25	0.0	0.0
	0.75	0.0	0.0	0.25
	0.0	0.0	0.25	0.75
	0.25	0.0	0.25	0.5
	1.0	0.0	0.0	0.0
	0.75	0.0	0.0	0.25
	1.0	0.0	0.0	0.0
	1.0	0.0	0.0	0.0

MEME version 4

ALPHABET= ACGT

MOTIF chr2:24281879-24281904

letter-probability matrix: alength= 4 w= 25
	0.0	1.0	0.0	0.0
	0.0	1.0	0.0	0.0
	0.0	0.0	0.0	1.0
	0.5	0.0	0.5	0.0
	0.0	0.0	1.0	0.0
	0.0	0.0	1.0	0.0
	0.0	1.0	0.0	0.0
	0.0	0.0	0.0	1.0
	0.0	1.0	0.0	0.0
	1.0	0.0	0.0	0.0
	1.0	0.0	0.0	0.0
	0.0	0.0	1.0	0.0
	0.0	1.0	0.0	0.0
	0.5	0.5	0.0	0.0
	1.0	0.0	0.0	0.0
	0.0	0.0	0.0	1.0
	0.0	1.0	0.0	0.0
	0.0	1.0	0.0	0.0
	0.0	0.0	0.0	1.0
	0.5	0.5	0.0	0.0
	0.0	1.0	0.0	0.0
	0.0	1.0	0.0	0.0
	0.0	0.0	1.0	0.0
	0.0	1.0	0.0	0.0
	0.0	1.0	0.0	0.0

MEME version 4

ALPHABET= ACGT

MOTIF chr19:55692745-55692755

letter-probability matrix: alength= 4 w= 10
	0.0	0.5	0.0	0.5
	0.0	0.0	0.0	1.0
	0.75	0.25	0.0	0.0
	0.75	0.0	0.0	0.25
	0.0	0.0	0.25	0.75
	0.25	0.0	0.25	0.5
	1.0	0.0	0.0	0.0
	0.75	0.0	0.0	0.25
	1.0	0.0	0.0	0.0
	1.0	0.0	0.0	0.0

MEME version 4

ALPHABET= ACGT

MOTIF chr19:55696587-55696612

letter-probability matrix: alength= 4 w= 25
	0.0	1.0	0.0	0.0
	0.0	1.0	0.0	0.0
	0.0	0.0	0.0	1.0
	0.5	0.0	0.5	0.0
	0.0	0.0	1.0	0.0
	0.0	0.0	1.0	0.0
	0.0	1.0	0.0	0.0
	0.0	0.0	0.0	1.0
	0.0	1.0	0.0	0.0
	1.0	0.0	0.0	0.0
	1.0	0.0	0.0	0.0
	0.0	0.0	1.0	0.0
	0.0	1.0	0.0	0.0
	0.5	0.5	0.0	0.0
	1.0	0.0	0.0	0.0
	0.0	0.0	0.0	1.0
	0.0	1.0	0.0	0.0
	0.0	1.0	0.0	0.0
	0.0	0.0	0.0	1.0
	0.5	0.5	0.0	0.0
	0.0	1.0	0.0	0.0
	0.0	1.0	0.0	0.0
	0.0	0.0	1.0	0.0
	0.0	1.0	0.0	0.0
	0.0	1.0	0.0	0.0

MEME version 4

ALPHABET= ACGT

MOTIF chr1:29137680-29137690

letter-probability matrix: alength= 4 w= 10
	0.0	0.5	0.0	0.5
	0.0	0.0	0.0	1.0
	0.75	0.25	0.0	0.0
	0.75	0.0	0.0	0.25
	0.0	0.0	0.25	0.75
	0.25	0.0	0.25	0.5
	1.0	0.0	0.0	0.0
	0.75	0.0	0.0	0.25
	1.0	0.0	0.0	0.0
	1.0	0.0	0.0	0.0

MEME version 4

ALPHABET= ACGT

MOTIF chr1:29112984-29113009

letter-probability matrix: alength= 4 w= 25
	0.0	1.0	0.0	0.0
	0.0	1.0	0.0	0.0
	0.0	0.0	0.0	1.0
	0.5	0.0	0.5	0.0
	0.0	0.0	1.0	0.0
	0.0	0.0	1.0	0.0
	0.0	1.0	0.0	0.0
	0.0	0.0	0.0	1.0
	0.0	1.0	0.0	0.0
	1.0	0.0	0.0	0.0
	1.0	0.0	0.0	0.0
	0.0	0.0	1.0	0.0
	0.0	1.0	0.0	0.0
	0.5	0.5	0.0	0.0
	1.0	0.0	0.0	0.0
	0.0	0.0	0.0	1.0
	0.0	1.0	0.0	0.0
	0.0	1.0	0.0	0.0
	0.0	0.0	0.0	1.0
	0.5	0.5	0.0	0.0
	0.0	1.0	0.0	0.0
	0.0	1.0	0.0	0.0
	0.0	0.0	1.0	0.0
	0.0	1.0	0.0	0.0
	0.0	1.0	0.0	0.0

MEME version 4

ALPHABET= ACGT

MOTIF chr16:67263302-67263312

letter-probability matrix: alength= 4 w= 10
	0.0	0.5	0.0	0.5
	0.0	0.0	0.0	1.0
	0.75	0.25	0.0	0.0
	0.75	0.0	0.0	0.25
	0.0	0.0	0.25	0.75
	0.25	0.0	0.25	0.5
	1.0	0.0	0.0	0.0
	0.75	0.0	0.0	0.25
	1.0	0.0	0.0	0.0
	1.0	0.0	0.0	0.0

MEME version 4

ALPHABET= ACGT

MOTIF chr16:67254281-67254306

letter-probability matrix: alength= 4 w= 25
	0.0	1.0	0.0	0.0
	0.0	1.0	0.0	0.0
	0.0	0.0	0.0	1.0
	0.5	0.0	0.5	0.0
	0.0	0.0	1.0	0.0
	0.0	0.0	1.0	0.0
	0.0	1.0	0.0	0.0
	0.0	0.0	0.0	1.0
	0.0	1.0	0.0	0.0
	1.0	0.0	0.0	0.0
	1.0	0.0	0.0	0.0
	0.0	0.0	1.0	0.0
	0.0	1.0	0.0	0.0
	0.5	0.5	0.0	0.0
	1.0	0.0	0.0	0.0
	0.0	0.0	0.0	1.0
	0.0	1.0	0.0	0.0
	0.0	1.0	0.0	0.0
	0.0	0.0	0.0	1.0
	0.5	0.5	0.0	0.0
	0.0	1.0	0.0	0.0
	0.0	1.0	0.0	0.0
	0.0	0.0	1.0	0.0
	0.0	1.0	0.0	0.0
	0.0	1.0	0.0	0.0

MEME version 4

ALPHABET= ACGT

MOTIF chr12:58017165-58017175

letter-probability matrix: alength= 4 w= 10
	0.0	0.5	0.0	0.5
	0.0	0.0	0.0	1.0
	0.75	0.25	0.0	0.0
	0.75	0.0	0.0	0.25
	0.0	0.0	0.25	0.75
	0.25	0.0	0.25	0.5
	1.0	0.0	0.0	0.0
	0.75	0.0	0.0	0.25
	1.0	0.0	0.0	0.0
	1.0	0.0	0.0	0.0

MEME version 4

ALPHABET= ACGT

MOTIF chr12:58017965-58017990

letter-probability matrix: alength= 4 w= 25
	0.0	1.0	0.0	0.0
	0.0	1.0	0.0	0.0
	0.0	0.0	0.0	1.0
	0.5	0.0	0.5	0.0
	0.0	0.0	1.0	0.0
	0.0	0.0	1.0	0.0
	0.0	1.0	0.0	0.0
	0.0	0.0	0.0	1.0
	0.0	1.0	0.0	0.0
	1.0	0.0	0.0	0.0
	1.0	0.0	0.0	0.0
	0.0	0.0	1.0	0.0
	0.0	1.0	0.0	0.0
	0.5	0.5	0.0	0.0
	1.0	0.0	0.0	0.0
	0.0	0.0	0.0	1.0
	0.0	1.0	0.0	0.0
	0.0	1.0	0.0	0.0
	0.0	0.0	0.0	1.0
	0.5	0.5	0.0	0.0
	0.0	1.0	0.0	0.0
	0.0	1.0	0.0	0.0
	0.0	0.0	1.0	0.0
	0.0	1.0	0.0	0.0
	0.0	1.0	0.0	0.0

MEME version 4

ALPHABET= ACGT

MOTIF chr16:19534328-19534338

letter-probability matrix: alength= 4 w= 10
	0.0	0.5	0.0	0.5
	0.0	0.0	0.0	1.0
	0.75	0.25	0.0	0.0
	0.75	0.0	0.0	0.25
	0.0	0.0	0.25	0.75
	0.25	0.0	0.25	0.5
	1.0	0.0	0.0	0.0
	0.75	0.0	0.0	0.25
	1.0	0.0	0.0	0.0
	1.0	0.0	0.0	0.0

MEME version 4

ALPHABET= ACGT

MOTIF chr16:19566089-19566114

letter-probability matrix: alength= 4 w= 25
	0.0	1.0	0.0	0.0
	0.0	1.0	0.0	0.0
	0.0	0.0	0.0	1.0
	0.5	0.0	0.5	0.0
	0.0	0.0	1.0	0.0
	0.0	0.0	1.0	0.0
	0.0	1.0	0.0	0.0
	0.0	0.0	0.0	1.0
	0.0	1.0	0.0	0.0
	1.0	0.0	0.0	0.0
	1.0	0.0	0.0	0.0
	0.0	0.0	1.0	0.0
	0.0	1.0	0.0	0.0
	0.5	0.5	0.0	0.0
	1.0	0.0	0.0	0.0
	0.0	0.0	0.0	1.0
	0.0	1.0	0.0	0.0
	0.0	1.0	0.0	0.0
	0.0	0.0	0.0	1.0
	0.5	0.5	0.0	0.0
	0.0	1.0	0.0	0.0
	0.0	1.0	0.0	0.0
	0.0	0.0	1.0	0.0
	0.0	1.0	0.0	0.0
	0.0	1.0	0.0	0.0

MEME version 4

ALPHABET= ACGT

MOTIF chr16:18802487-18802497

letter-probability matrix: alength= 4 w= 10
	0.0	0.5	0.0	0.5
	0.0	0.0	0.0	1.0
	0.75	0.25	0.0	0.0
	0.75	0.0	0.0	0.25
	0.0	0.0	0.25	0.75
	0.25	0.0	0.25	0.5
	1.0	0.0	0.0	0.0
	0.75	0.0	0.0	0.25
	1.0	0.0	0.0	0.0
	1.0	0.0	0.0	0.0

MEME version 4

ALPHABET= ACGT

MOTIF chr16:18829315-18829340

letter-probability matrix: alength= 4 w= 25
	0.0	1.0	0.0	0.0
	0.0	1.0	0.0	0.0
	0.0	0.0	0.0	1.0
	0.5	0.0	0.5	0.0
	0.0	0.0	1.0	0.0
	0.0	0.0	1.0	0.0
	0.0	1.0	0.0	0.0
	0.0	0.0	0.0	1.0
	0.0	1.0	0.0	0.0
	1.0	0.0	0.0	0.0
	1.0	0.0	0.0	0.0
	0.0	0.0	1.0	0.0
	0.0	1.0	0.0	0.0
	0.5	0.5	0.0	0.0
	1.0	0.0	0.0	0.0
	0.0	0.0	0.0	1.0
	0.0	1.0	0.0	0.0
	0.0	1.0	0.0	0.0
	0.0	0.0	0.0	1.0
	0.5	0.5	0.0	0.0
	0.0	1.0	0.0	0.0
	0.0	1.0	0.0	0.0
	0.0	0.0	1.0	0.0
	0.0	1.0	0.0	0.0
	0.0	1.0	0.0	0.0

MEME version 4

ALPHABET= ACGT

MOTIF chr4:103715191-103715201

letter-probability matrix: alength= 4 w= 10
	0.0	0.5	0.0	0.5
	0.0	0.0	0.0	1.0
	0.75	0.25	0.0	0.0
	0.75	0.0	0.0	0.25
	0.0	0.0	0.25	0.75
	0.25	0.0	0.25	0.5
	1.0	0.0	0.0	0.0
	0.75	0.0	0.0	0.25
	1.0	0.0	0.0	0.0
	1.0	0.0	0.0	0.0

MEME version 4

ALPHABET= ACGT

MOTIF chr4:103776207-103776232

letter-probability matrix: alength= 4 w= 25
	0.0	1.0	0.0	0.0
	0.0	1.0	0.0	0.0
	0.0	0.0	0.0	1.0
	0.5	0.0	0.5	0.0
	0.0	0.0	1.0	0.0
	0.0	0.0	1.0	0.0
	0.0	1.0	0.0	0.0
	0.0	0.0	0.0	1.0
	0.0	1.0	0.0	0.0
	1.0	0.0	0.0	0.0
	1.0	0.0	0.0	0.0
	0.0	0.0	1.0	0.0
	0.0	1.0	0.0	0.0
	0.5	0.5	0.0	0.0
	1.0	0.0	0.0	0.0
	0.0	0.0	0.0	1.0
	0.0	1.0	0.0	0.0
	0.0	1.0	0.0	0.0
	0.0	0.0	0.0	1.0
	0.5	0.5	0.0	0.0
	0.0	1.0	0.0	0.0
	0.0	1.0	0.0	0.0
	0.0	0.0	1.0	0.0
	0.0	1.0	0.0	0.0
	0.0	1.0	0.0	0.0

MEME version 4

ALPHABET= ACGT

MOTIF chr19:14170398-14170408

letter-probability matrix: alength= 4 w= 10
	0.0	0.5	0.0	0.5
	0.0	0.0	0.0	1.0
	0.75	0.25	0.0	0.0
	0.75	0.0	0.0	0.25
	0.0	0.0	0.25	0.75
	0.25	0.0	0.25	0.5
	1.0	0.0	0.0	0.0
	0.75	0.0	0.0	0.25
	1.0	0.0	0.0	0.0
	1.0	0.0	0.0	0.0

MEME version 4

ALPHABET= ACGT

MOTIF chr19:14177417-14177442

letter-probability matrix: alength= 4 w= 25
	0.0	1.0	0.0	0.0
	0.0	1.0	0.0	0.0
	0.0	0.0	0.0	1.0
	0.5	0.0	0.5	0.0
	0.0	0.0	1.0	0.0
	0.0	0.0	1.0	0.0
	0.0	1.0	0.0	0.0
	0.0	0.0	0.0	1.0
	0.0	1.0	0.0	0.0
	1.0	0.0	0.0	0.0
	1.0	0.0	0.0	0.0
	0.0	0.0	1.0	0.0
	0.0	1.0	0.0	0.0
	0.5	0.5	0.0	0.0
	1.0	0.0	0.0	0.0
	0.0	0.0	0.0	1.0
	0.0	1.0	0.0	0.0
	0.0	1.0	0.0	0.0
	0.0	0.0	0.0	1.0
	0.5	0.5	0.0	0.0
	0.0	1.0	0.0	0.0
	0.0	1.0	0.0	0.0
	0.0	0.0	1.0	0.0
	0.0	1.0	0.0	0.0
	0.0	1.0	0.0	0.0

MEME version 4

ALPHABET= ACGT

MOTIF chr1:161148383-161148393

letter-probability matrix: alength= 4 w= 10
	0.0	0.5	0.0	0.5
	0.0	0.0	0.0	1.0
	0.75	0.25	0.0	0.0
	0.75	0.0	0.0	0.25
	0.0	0.0	0.25	0.75
	0.25	0.0	0.25	0.5
	1.0	0.0	0.0	0.0
	0.75	0.0	0.0	0.25
	1.0	0.0	0.0	0.0
	1.0	0.0	0.0	0.0

MEME version 4

ALPHABET= ACGT

MOTIF chr1:161124751-161124776

letter-probability matrix: alength= 4 w= 25
	0.0	1.0	0.0	0.0
	0.0	1.0	0.0	0.0
	0.0	0.0	0.0	1.0
	0.5	0.0	0.5	0.0
	0.0	0.0	1.0	0.0
	0.0	0.0	1.0	0.0
	0.0	1.0	0.0	0.0
	0.0	0.0	0.0	1.0
	0.0	1.0	0.0	0.0
	1.0	0.0	0.0	0.0
	1.0	0.0	0.0	0.0
	0.0	0.0	1.0	0.0
	0.0	1.0	0.0	0.0
	0.5	0.5	0.0	0.0
	1.0	0.0	0.0	0.0
	0.0	0.0	0.0	1.0
	0.0	1.0	0.0	0.0
	0.0	1.0	0.0	0.0
	0.0	0.0	0.0	1.0
	0.5	0.5	0.0	0.0
	0.0	1.0	0.0	0.0
	0.0	1.0	0.0	0.0
	0.0	0.0	1.0	0.0
	0.0	1.0	0.0	0.0
	0.0	1.0	0.0	0.0

MEME version 4

ALPHABET= ACGT

MOTIF chr7:75676415-75676425

letter-probability matrix: alength= 4 w= 10
	0.0	0.5	0.0	0.5
	0.0	0.0	0.0	1.0
	0.75	0.25	0.0	0.0
	0.75	0.0	0.0	0.25
	0.0	0.0	0.25	0.75
	0.25	0.0	0.25	0.5
	1.0	0.0	0.0	0.0
	0.75	0.0	0.0	0.25
	1.0	0.0	0.0	0.0
	1.0	0.0	0.0	0.0

MEME version 4

ALPHABET= ACGT

MOTIF chr7:75650055-75650080

letter-probability matrix: alength= 4 w= 25
	0.0	1.0	0.0	0.0
	0.0	1.0	0.0	0.0
	0.0	0.0	0.0	1.0
	0.5	0.0	0.5	0.0
	0.0	0.0	1.0	0.0
	0.0	0.0	1.0	0.0
	0.0	1.0	0.0	0.0
	0.0	0.0	0.0	1.0
	0.0	1.0	0.0	0.0
	1.0	0.0	0.0	0.0
	1.0	0.0	0.0	0.0
	0.0	0.0	1.0	0.0
	0.0	1.0	0.0	0.0
	0.5	0.5	0.0	0.0
	1.0	0.0	0.0	0.0
	0.0	0.0	0.0	1.0
	0.0	1.0	0.0	0.0
	0.0	1.0	0.0	0.0
	0.0	0.0	0.0	1.0
	0.5	0.5	0.0	0.0
	0.0	1.0	0.0	0.0
	0.0	1.0	0.0	0.0
	0.0	0.0	1.0	0.0
	0.0	1.0	0.0	0.0
	0.0	1.0	0.0	0.0

MEME version 4

ALPHABET= ACGT

MOTIF chr5:112211822-112211832

letter-probability matrix: alength= 4 w= 10
	0.0	0.5	0.0	0.5
	0.0	0.0	0.0	1.0
	0.75	0.25	0.0	0.0
	0.75	0.0	0.0	0.25
	0.0	0.0	0.25	0.75
	0.25	0.0	0.25	0.5
	1.0	0.0	0.0	0.0
	0.75	0.0	0.0	0.25
	1.0	0.0	0.0	0.0
	1.0	0.0	0.0	0.0

MEME version 4

ALPHABET= ACGT

MOTIF chr5:112276546-112276571

letter-probability matrix: alength= 4 w= 25
	0.0	1.0	0.0	0.0
	0.0	1.0	0.0	0.0
	0.0	0.0	0.0	1.0
	0.5	0.0	0.5	0.0
	0.0	0.0	1.0	0.0
	0.0	0.0	1.0	0.0
	0.0	1.0	0.0	0.0
	0.0	0.0	0.0	1.0
	0.0	1.0	0.0	0.0
	1.0	0.0	0.0	0.0
	1.0	0.0	0.0	0.0
	0.0	0.0	1.0	0.0
	0.0	1.0	0.0	0.0
	0.5	0.5	0.0	0.0
	1.0	0.0	0.0	0.0
	0.0	0.0	0.0	1.0
	0.0	1.0	0.0	0.0
	0.0	1.0	0.0	0.0
	0.0	0.0	0.0	1.0
	0.5	0.5	0.0	0.0
	0.0	1.0	0.0	0.0
	0.0	1.0	0.0	0.0
	0.0	0.0	1.0	0.0
	0.0	1.0	0.0	0.0
	0.0	1.0	0.0	0.0

MEME version 4

ALPHABET= ACGT

MOTIF chr12:82751745-82751755

letter-probability matrix: alength= 4 w= 10
	0.0	0.5	0.0	0.5
	0.0	0.0	0.0	1.0
	0.75	0.25	0.0	0.0
	0.75	0.0	0.0	0.25
	0.0	0.0	0.25	0.75
	0.25	0.0	0.25	0.5
	1.0	0.0	0.0	0.0
	0.75	0.0	0.0	0.25
	1.0	0.0	0.0	0.0
	1.0	0.0	0.0	0.0

MEME version 4

ALPHABET= ACGT

MOTIF chr12:82744222-82744247

letter-probability matrix: alength= 4 w= 25
	0.0	1.0	0.0	0.0
	0.0	1.0	0.0	0.0
	0.0	0.0	0.0	1.0
	0.5	0.0	0.5	0.0
	0.0	0.0	1.0	0.0
	0.0	0.0	1.0	0.0
	0.0	1.0	0.0	0.0
	0.0	0.0	0.0	1.0
	0.0	1.0	0.0	0.0
	1.0	0.0	0.0	0.0
	1.0	0.0	0.0	0.0
	0.0	0.0	1.0	0.0
	0.0	1.0	0.0	0.0
	0.5	0.5	0.0	0.0
	1.0	0.0	0.0	0.0
	0.0	0.0	0.0	1.0
	0.0	1.0	0.0	0.0
	0.0	1.0	0.0	0.0
	0.0	0.0	0.0	1.0
	0.5	0.5	0.0	0.0
	0.0	1.0	0.0	0.0
	0.0	1.0	0.0	0.0
	0.0	0.0	1.0	0.0
	0.0	1.0	0.0	0.0
	0.0	1.0	0.0	0.0

MEME version 4

ALPHABET= ACGT

MOTIF chr13:31736760-31736770

letter-probability matrix: alength= 4 w= 10
	0.0	0.5	0.0	0.5
	0.0	0.0	0.0	1.0
	0.75	0.25	0.0	0.0
	0.75	0.0	0.0	0.25
	0.0	0.0	0.25	0.75
	0.25	0.0	0.25	0.5
	1.0	0.0	0.0	0.0
	0.75	0.0	0.0	0.25
	1.0	0.0	0.0	0.0
	1.0	0.0	0.0	0.0

MEME version 4

ALPHABET= ACGT

MOTIF chr13:31753715-31753740

letter-probability matrix: alength= 4 w= 25
	0.0	1.0	0.0	0.0
	0.0	1.0	0.0	0.0
	0.0	0.0	0.0	1.0
	0.5	0.0	0.5	0.0
	0.0	0.0	1.0	0.0
	0.0	0.0	1.0	0.0
	0.0	1.0	0.0	0.0
	0.0	0.0	0.0	1.0
	0.0	1.0	0.0	0.0
	1.0	0.0	0.0	0.0
	1.0	0.0	0.0	0.0
	0.0	0.0	1.0	0.0
	0.0	1.0	0.0	0.0
	0.5	0.5	0.0	0.0
	1.0	0.0	0.0	0.0
	0.0	0.0	0.0	1.0
	0.0	1.0	0.0	0.0
	0.0	1.0	0.0	0.0
	0.0	0.0	0.0	1.0
	0.5	0.5	0.0	0.0
	0.0	1.0	0.0	0.0
	0.0	1.0	0.0	0.0
	0.0	0.0	1.0	0.0
	0.0	1.0	0.0	0.0
	0.0	1.0	0.0	0.0

MEME version 4

ALPHABET= ACGT

MOTIF chr19:17434188-17434198

letter-probability matrix: alength= 4 w= 10
	0.0	0.5	0.0	0.5
	0.0	0.0	0.0	1.0
	0.75	0.25	0.0	0.0
	0.75	0.0	0.0	0.25
	0.0	0.0	0.25	0.75
	0.25	0.0	0.25	0.5
	1.0	0.0	0.0	0.0
	0.75	0.0	0.0	0.25
	1.0	0.0	0.0	0.0
	1.0	0.0	0.0	0.0

MEME version 4

ALPHABET= ACGT

MOTIF chr19:17443151-17443176

letter-probability matrix: alength= 4 w= 25
	0.0	1.0	0.0	0.0
	0.0	1.0	0.0	0.0
	0.0	0.0	0.0	1.0
	0.5	0.0	0.5	0.0
	0.0	0.0	1.0	0.0
	0.0	0.0	1.0	0.0
	0.0	1.0	0.0	0.0
	0.0	0.0	0.0	1.0
	0.0	1.0	0.0	0.0
	1.0	0.0	0.0	0.0
	1.0	0.0	0.0	0.0
	0.0	0.0	1.0	0.0
	0.0	1.0	0.0	0.0
	0.5	0.5	0.0	0.0
	1.0	0.0	0.0	0.0
	0.0	0.0	0.0	1.0
	0.0	1.0	0.0	0.0
	0.0	1.0	0.0	0.0
	0.0	0.0	0.0	1.0
	0.5	0.5	0.0	0.0
	0.0	1.0	0.0	0.0
	0.0	1.0	0.0	0.0
	0.0	0.0	1.0	0.0
	0.0	1.0	0.0	0.0
	0.0	1.0	0.0	0.0

MEME version 4

ALPHABET= ACGT

MOTIF chr2:24272008-24272018

letter-probability matrix: alength= 4 w= 10
	0.0	0.5	0.0	0.5
	0.0	0.0	0.0	1.0
	0.75	0.25	0.0	0.0
	0.75	0.0	0.0	0.25
	0.0	0.0	0.25	0.75
	0.25	0.0	0.25	0.5
	1.0	0.0	0.0	0.0
	0.75	0.0	0.0	0.25
	1.0	0.0	0.0	0.0
	1.0	0.0	0.0	0.0

MEME version 4

ALPHABET= ACGT

MOTIF chr2:24281879-24281904

letter-probability matrix: alength= 4 w= 25
	0.0	1.0	0.0	0.0
	0.0	1.0	0.0	0.0
	0.0	0.0	0.0	1.0
	0.5	0.0	0.5	0.0
	0.0	0.0	1.0	0.0
	0.0	0.0	1.0	0.0
	0.0	1.0	0.0	0.0
	0.0	0.0	0.0	1.0
	0.0	1.0	0.0	0.0
	1.0	0.0	0.0	0.0
	1.0	0.0	0.0	0.0
	0.0	0.0	1.0	0.0
	0.0	1.0	0.0	0.0
	0.5	0.5	0.0	0.0
	1.0	0.0	0.0	0.0
	0.0	0.0	0.0	1.0
	0.0	1.0	0.0	0.0
	0.0	1.0	0.0	0.0
	0.0	0.0	0.0	1.0
	0.5	0.5	0.0	0.0
	0.0	1.0	0.0	0.0
	0.0	1.0	0.0	0.0
	0.0	0.0	1.0	0.0
	0.0	1.0	0.0	0.0
	0.0	1.0	0.0	0.0

MEME version 4

ALPHABET= ACGT

MOTIF chr5:112258985-112258995

letter-probability matrix: alength= 4 w= 10
	0.0	0.5	0.0	0.5
	0.0	0.0	0.0	1.0
	0.75	0.25	0.0	0.0
	0.75	0.0	0.0	0.25
	0.0	0.0	0.25	0.75
	0.25	0.0	0.25	0.5
	1.0	0.0	0.0	0.0
	0.75	0.0	0.0	0.25
	1.0	0.0	0.0	0.0
	1.0	0.0	0.0	0.0

MEME version 4

ALPHABET= ACGT

MOTIF chr5:112276546-112276571

letter-probability matrix: alength= 4 w= 25
	0.0	1.0	0.0	0.0
	0.0	1.0	0.0	0.0
	0.0	0.0	0.0	1.0
	0.5	0.0	0.5	0.0
	0.0	0.0	1.0	0.0
	0.0	0.0	1.0	0.0
	0.0	1.0	0.0	0.0
	0.0	0.0	0.0	1.0
	0.0	1.0	0.0	0.0
	1.0	0.0	0.0	0.0
	1.0	0.0	0.0	0.0
	0.0	0.0	1.0	0.0
	0.0	1.0	0.0	0.0
	0.5	0.5	0.0	0.0
	1.0	0.0	0.0	0.0
	0.0	0.0	0.0	1.0
	0.0	1.0	0.0	0.0
	0.0	1.0	0.0	0.0
	0.0	0.0	0.0	1.0
	0.5	0.5	0.0	0.0
	0.0	1.0	0.0	0.0
	0.0	1.0	0.0	0.0
	0.0	0.0	1.0	0.0
	0.0	1.0	0.0	0.0
	0.0	1.0	0.0	0.0

MEME version 4

ALPHABET= ACGT

MOTIF chr9:103063872-103063882

letter-probability matrix: alength= 4 w= 10
	0.0	0.5	0.0	0.5
	0.0	0.0	0.0	1.0
	0.75	0.25	0.0	0.0
	0.75	0.0	0.0	0.25
	0.0	0.0	0.25	0.75
	0.25	0.0	0.25	0.5
	1.0	0.0	0.0	0.0
	0.75	0.0	0.0	0.25
	1.0	0.0	0.0	0.0
	1.0	0.0	0.0	0.0

MEME version 4

ALPHABET= ACGT

MOTIF chr9:103139474-103139499

letter-probability matrix: alength= 4 w= 25
	0.0	1.0	0.0	0.0
	0.0	1.0	0.0	0.0
	0.0	0.0	0.0	1.0
	0.5	0.0	0.5	0.0
	0.0	0.0	1.0	0.0
	0.0	0.0	1.0	0.0
	0.0	1.0	0.0	0.0
	0.0	0.0	0.0	1.0
	0.0	1.0	0.0	0.0
	1.0	0.0	0.0	0.0
	1.0	0.0	0.0	0.0
	0.0	0.0	1.0	0.0
	0.0	1.0	0.0	0.0
	0.5	0.5	0.0	0.0
	1.0	0.0	0.0	0.0
	0.0	0.0	0.0	1.0
	0.0	1.0	0.0	0.0
	0.0	1.0	0.0	0.0
	0.0	0.0	0.0	1.0
	0.5	0.5	0.0	0.0
	0.0	1.0	0.0	0.0
	0.0	1.0	0.0	0.0
	0.0	0.0	1.0	0.0
	0.0	1.0	0.0	0.0
	0.0	1.0	0.0	0.0

MEME version 4

ALPHABET= ACGT

MOTIF chr4:103810777-103810787

letter-probability matrix: alength= 4 w= 10
	0.0	0.5	0.0	0.5
	0.0	0.0	0.0	1.0
	0.75	0.25	0.0	0.0
	0.75	0.0	0.0	0.25
	0.0	0.0	0.25	0.75
	0.25	0.0	0.25	0.5
	1.0	0.0	0.0	0.0
	0.75	0.0	0.0	0.25
	1.0	0.0	0.0	0.0
	1.0	0.0	0.0	0.0

MEME version 4

ALPHABET= ACGT

MOTIF chr4:103776207-103776232

letter-probability matrix: alength= 4 w= 25
	0.0	1.0	0.0	0.0
	0.0	1.0	0.0	0.0
	0.0	0.0	0.0	1.0
	0.5	0.0	0.5	0.0
	0.0	0.0	1.0	0.0
	0.0	0.0	1.0	0.0
	0.0	1.0	0.0	0.0
	0.0	0.0	0.0	1.0
	0.0	1.0	0.0	0.0
	1.0	0.0	0.0	0.0
	1.0	0.0	0.0	0.0
	0.0	0.0	1.0	0.0
	0.0	1.0	0.0	0.0
	0.5	0.5	0.0	0.0
	1.0	0.0	0.0	0.0
	0.0	0.0	0.0	1.0
	0.0	1.0	0.0	0.0
	0.0	1.0	0.0	0.0
	0.0	0.0	0.0	1.0
	0.5	0.5	0.0	0.0
	0.0	1.0	0.0	0.0
	0.0	1.0	0.0	0.0
	0.0	0.0	1.0	0.0
	0.0	1.0	0.0	0.0
	0.0	1.0	0.0	0.0

MEME version 4

ALPHABET= ACGT

MOTIF chr10:43881019-43881029

letter-probability matrix: alength= 4 w= 10
	0.0	0.5	0.0	0.5
	0.0	0.0	0.0	1.0
	0.75	0.25	0.0	0.0
	0.75	0.0	0.0	0.25
	0.0	0.0	0.25	0.75
	0.25	0.0	0.25	0.5
	1.0	0.0	0.0	0.0
	0.75	0.0	0.0	0.25
	1.0	0.0	0.0	0.0
	1.0	0.0	0.0	0.0

MEME version 4

ALPHABET= ACGT

MOTIF chr10:43908706-43908731

letter-probability matrix: alength= 4 w= 25
	0.0	1.0	0.0	0.0
	0.0	1.0	0.0	0.0
	0.0	0.0	0.0	1.0
	0.5	0.0	0.5	0.0
	0.0	0.0	1.0	0.0
	0.0	0.0	1.0	0.0
	0.0	1.0	0.0	0.0
	0.0	0.0	0.0	1.0
	0.0	1.0	0.0	0.0
	1.0	0.0	0.0	0.0
	1.0	0.0	0.0	0.0
	0.0	0.0	1.0	0.0
	0.0	1.0	0.0	0.0
	0.5	0.5	0.0	0.0
	1.0	0.0	0.0	0.0
	0.0	0.0	0.0	1.0
	0.0	1.0	0.0	0.0
	0.0	1.0	0.0	0.0
	0.0	0.0	0.0	1.0
	0.5	0.5	0.0	0.0
	0.0	1.0	0.0	0.0
	0.0	1.0	0.0	0.0
	0.0	0.0	1.0	0.0
	0.0	1.0	0.0	0.0
	0.0	1.0	0.0	0.0

MEME version 4

ALPHABET= ACGT

MOTIF chr2:68686128-68686138

letter-probability matrix: alength= 4 w= 10
	0.0	0.5	0.0	0.5
	0.0	0.0	0.0	1.0
	0.75	0.25	0.0	0.0
	0.75	0.0	0.0	0.25
	0.0	0.0	0.25	0.75
	0.25	0.0	0.25	0.5
	1.0	0.0	0.0	0.0
	0.75	0.0	0.0	0.25
	1.0	0.0	0.0	0.0
	1.0	0.0	0.0	0.0

MEME version 4

ALPHABET= ACGT

MOTIF chr2:68710490-68710515

letter-probability matrix: alength= 4 w= 25
	0.0	1.0	0.0	0.0
	0.0	1.0	0.0	0.0
	0.0	0.0	0.0	1.0
	0.5	0.0	0.5	0.0
	0.0	0.0	1.0	0.0
	0.0	0.0	1.0	0.0
	0.0	1.0	0.0	0.0
	0.0	0.0	0.0	1.0
	0.0	1.0	0.0	0.0
	1.0	0.0	0.0	0.0
	1.0	0.0	0.0	0.0
	0.0	0.0	1.0	0.0
	0.0	1.0	0.0	0.0
	0.5	0.5	0.0	0.0
	1.0	0.0	0.0	0.0
	0.0	0.0	0.0	1.0
	0.0	1.0	0.0	0.0
	0.0	1.0	0.0	0.0
	0.0	0.0	0.0	1.0
	0.5	0.5	0.0	0.0
	0.0	1.0	0.0	0.0
	0.0	1.0	0.0	0.0
	0.0	0.0	1.0	0.0
	0.0	1.0	0.0	0.0
	0.0	1.0	0.0	0.0

MEME version 4

ALPHABET= ACGT

MOTIF chr1:23699041-23699051

letter-probability matrix: alength= 4 w= 10
	0.0	0.5	0.0	0.5
	0.0	0.0	0.0	1.0
	0.75	0.25	0.0	0.0
	0.75	0.0	0.0	0.25
	0.0	0.0	0.25	0.75
	0.25	0.0	0.25	0.5
	1.0	0.0	0.0	0.0
	0.75	0.0	0.0	0.25
	1.0	0.0	0.0	0.0
	1.0	0.0	0.0	0.0

MEME version 4

ALPHABET= ACGT

MOTIF chr1:23707634-23707659

letter-probability matrix: alength= 4 w= 25
	0.0	1.0	0.0	0.0
	0.0	1.0	0.0	0.0
	0.0	0.0	0.0	1.0
	0.5	0.0	0.5	0.0
	0.0	0.0	1.0	0.0
	0.0	0.0	1.0	0.0
	0.0	1.0	0.0	0.0
	0.0	0.0	0.0	1.0
	0.0	1.0	0.0	0.0
	1.0	0.0	0.0	0.0
	1.0	0.0	0.0	0.0
	0.0	0.0	1.0	0.0
	0.0	1.0	0.0	0.0
	0.5	0.5	0.0	0.0
	1.0	0.0	0.0	0.0
	0.0	0.0	0.0	1.0
	0.0	1.0	0.0	0.0
	0.0	1.0	0.0	0.0
	0.0	0.0	0.0	1.0
	0.5	0.5	0.0	0.0
	0.0	1.0	0.0	0.0
	0.0	1.0	0.0	0.0
	0.0	0.0	1.0	0.0
	0.0	1.0	0.0	0.0
	0.0	1.0	0.0	0.0

MEME version 4

ALPHABET= ACGT

MOTIF chr7:25159592-25159602

letter-probability matrix: alength= 4 w= 10
	0.0	0.5	0.0	0.5
	0.0	0.0	0.0	1.0
	0.75	0.25	0.0	0.0
	0.75	0.0	0.0	0.25
	0.0	0.0	0.25	0.75
	0.25	0.0	0.25	0.5
	1.0	0.0	0.0	0.0
	0.75	0.0	0.0	0.25
	1.0	0.0	0.0	0.0
	1.0	0.0	0.0	0.0

MEME version 4

ALPHABET= ACGT

MOTIF chr7:25113504-25113529

letter-probability matrix: alength= 4 w= 25
	0.0	1.0	0.0	0.0
	0.0	1.0	0.0	0.0
	0.0	0.0	0.0	1.0
	0.5	0.0	0.5	0.0
	0.0	0.0	1.0	0.0
	0.0	0.0	1.0	0.0
	0.0	1.0	0.0	0.0
	0.0	0.0	0.0	1.0
	0.0	1.0	0.0	0.0
	1.0	0.0	0.0	0.0
	1.0	0.0	0.0	0.0
	0.0	0.0	1.0	0.0
	0.0	1.0	0.0	0.0
	0.5	0.5	0.0	0.0
	1.0	0.0	0.0	0.0
	0.0	0.0	0.0	1.0
	0.0	1.0	0.0	0.0
	0.0	1.0	0.0	0.0
	0.0	0.0	0.0	1.0
	0.5	0.5	0.0	0.0
	0.0	1.0	0.0	0.0
	0.0	1.0	0.0	0.0
	0.0	0.0	1.0	0.0
	0.0	1.0	0.0	0.0
	0.0	1.0	0.0	0.0

MEME version 4

ALPHABET= ACGT

MOTIF chr20:43946442-43946452

letter-probability matrix: alength= 4 w= 10
	0.0	0.5	0.0	0.5
	0.0	0.0	0.0	1.0
	0.75	0.25	0.0	0.0
	0.75	0.0	0.0	0.25
	0.0	0.0	0.25	0.75
	0.25	0.0	0.25	0.5
	1.0	0.0	0.0	0.0
	0.75	0.0	0.0	0.25
	1.0	0.0	0.0	0.0
	1.0	0.0	0.0	0.0

MEME version 4

ALPHABET= ACGT

MOTIF chr20:43945092-43945117

letter-probability matrix: alength= 4 w= 25
	0.0	1.0	0.0	0.0
	0.0	1.0	0.0	0.0
	0.0	0.0	0.0	1.0
	0.5	0.0	0.5	0.0
	0.0	0.0	1.0	0.0
	0.0	0.0	1.0	0.0
	0.0	1.0	0.0	0.0
	0.0	0.0	0.0	1.0
	0.0	1.0	0.0	0.0
	1.0	0.0	0.0	0.0
	1.0	0.0	0.0	0.0
	0.0	0.0	1.0	0.0
	0.0	1.0	0.0	0.0
	0.5	0.5	0.0	0.0
	1.0	0.0	0.0	0.0
	0.0	0.0	0.0	1.0
	0.0	1.0	0.0	0.0
	0.0	1.0	0.0	0.0
	0.0	0.0	0.0	1.0
	0.5	0.5	0.0	0.0
	0.0	1.0	0.0	0.0
	0.0	1.0	0.0	0.0
	0.0	0.0	1.0	0.0
	0.0	1.0	0.0	0.0
	0.0	1.0	0.0	0.0

MEME version 4

ALPHABET= ACGT

MOTIF chrX:129319348-129319358

letter-probability matrix: alength= 4 w= 10
	0.0	0.5	0.0	0.5
	0.0	0.0	0.0	1.0
	0.75	0.25	0.0	0.0
	0.75	0.0	0.0	0.25
	0.0	0.0	0.25	0.75
	0.25	0.0	0.25	0.5
	1.0	0.0	0.0	0.0
	0.75	0.0	0.0	0.25
	1.0	0.0	0.0	0.0
	1.0	0.0	0.0	0.0

MEME version 4

ALPHABET= ACGT

MOTIF chrX:129273890-129273915

letter-probability matrix: alength= 4 w= 25
	0.0	1.0	0.0	0.0
	0.0	1.0	0.0	0.0
	0.0	0.0	0.0	1.0
	0.5	0.0	0.5	0.0
	0.0	0.0	1.0	0.0
	0.0	0.0	1.0	0.0
	0.0	1.0	0.0	0.0
	0.0	0.0	0.0	1.0
	0.0	1.0	0.0	0.0
	1.0	0.0	0.0	0.0
	1.0	0.0	0.0	0.0
	0.0	0.0	1.0	0.0
	0.0	1.0	0.0	0.0
	0.5	0.5	0.0	0.0
	1.0	0.0	0.0	0.0
	0.0	0.0	0.0	1.0
	0.0	1.0	0.0	0.0
	0.0	1.0	0.0	0.0
	0.0	0.0	0.0	1.0
	0.5	0.5	0.0	0.0
	0.0	1.0	0.0	0.0
	0.0	1.0	0.0	0.0
	0.0	0.0	1.0	0.0
	0.0	1.0	0.0	0.0
	0.0	1.0	0.0	0.0

MEME version 4

ALPHABET= ACGT

MOTIF chr15:91359142-91359152

letter-probability matrix: alength= 4 w= 10
	0.0	0.5	0.0	0.5
	0.0	0.0	0.0	1.0
	0.75	0.25	0.0	0.0
	0.75	0.0	0.0	0.25
	0.0	0.0	0.25	0.75
	0.25	0.0	0.25	0.5
	1.0	0.0	0.0	0.0
	0.75	0.0	0.0	0.25
	1.0	0.0	0.0	0.0
	1.0	0.0	0.0	0.0

MEME version 4

ALPHABET= ACGT

MOTIF chr15:91240648-91240673

letter-probability matrix: alength= 4 w= 25
	0.0	1.0	0.0	0.0
	0.0	1.0	0.0	0.0
	0.0	0.0	0.0	1.0
	0.5	0.0	0.5	0.0
	0.0	0.0	1.0	0.0
	0.0	0.0	1.0	0.0
	0.0	1.0	0.0	0.0
	0.0	0.0	0.0	1.0
	0.0	1.0	0.0	0.0
	1.0	0.0	0.0	0.0
	1.0	0.0	0.0	0.0
	0.0	0.0	1.0	0.0
	0.0	1.0	0.0	0.0
	0.5	0.5	0.0	0.0
	1.0	0.0	0.0	0.0
	0.0	0.0	0.0	1.0
	0.0	1.0	0.0	0.0
	0.0	1.0	0.0	0.0
	0.0	0.0	0.0	1.0
	0.5	0.5	0.0	0.0
	0.0	1.0	0.0	0.0
	0.0	1.0	0.0	0.0
	0.0	0.0	1.0	0.0
	0.0	1.0	0.0	0.0
	0.0	1.0	0.0	0.0

MEME version 4

ALPHABET= ACGT

MOTIF chr20:43151737-43151747

letter-probability matrix: alength= 4 w= 10
	0.0	0.5	0.0	0.5
	0.0	0.0	0.0	1.0
	0.75	0.25	0.0	0.0
	0.75	0.0	0.0	0.25
	0.0	0.0	0.25	0.75
	0.25	0.0	0.25	0.5
	1.0	0.0	0.0	0.0
	0.75	0.0	0.0	0.25
	1.0	0.0	0.0	0.0
	1.0	0.0	0.0	0.0

MEME version 4

ALPHABET= ACGT

MOTIF chr20:43165662-43165687

letter-probability matrix: alength= 4 w= 25
	0.0	1.0	0.0	0.0
	0.0	1.0	0.0	0.0
	0.0	0.0	0.0	1.0
	0.5	0.0	0.5	0.0
	0.0	0.0	1.0	0.0
	0.0	0.0	1.0	0.0
	0.0	1.0	0.0	0.0
	0.0	0.0	0.0	1.0
	0.0	1.0	0.0	0.0
	1.0	0.0	0.0	0.0
	1.0	0.0	0.0	0.0
	0.0	0.0	1.0	0.0
	0.0	1.0	0.0	0.0
	0.5	0.5	0.0	0.0
	1.0	0.0	0.0	0.0
	0.0	0.0	0.0	1.0
	0.0	1.0	0.0	0.0
	0.0	1.0	0.0	0.0
	0.0	0.0	0.0	1.0
	0.5	0.5	0.0	0.0
	0.0	1.0	0.0	0.0
	0.0	1.0	0.0	0.0
	0.0	0.0	1.0	0.0
	0.0	1.0	0.0	0.0
	0.0	1.0	0.0	0.0

MEME version 4

ALPHABET= ACGT

MOTIF chr7:2393019-2393029

letter-probability matrix: alength= 4 w= 10
	0.0	0.5	0.0	0.5
	0.0	0.0	0.0	1.0
	0.75	0.25	0.0	0.0
	0.75	0.0	0.0	0.25
	0.0	0.0	0.25	0.75
	0.25	0.0	0.25	0.5
	1.0	0.0	0.0	0.0
	0.75	0.0	0.0	0.25
	1.0	0.0	0.0	0.0
	1.0	0.0	0.0	0.0

MEME version 4

ALPHABET= ACGT

MOTIF chr7:2370368-2370393

letter-probability matrix: alength= 4 w= 25
	0.0	1.0	0.0	0.0
	0.0	1.0	0.0	0.0
	0.0	0.0	0.0	1.0
	0.5	0.0	0.5	0.0
	0.0	0.0	1.0	0.0
	0.0	0.0	1.0	0.0
	0.0	1.0	0.0	0.0
	0.0	0.0	0.0	1.0
	0.0	1.0	0.0	0.0
	1.0	0.0	0.0	0.0
	1.0	0.0	0.0	0.0
	0.0	0.0	1.0	0.0
	0.0	1.0	0.0	0.0
	0.5	0.5	0.0	0.0
	1.0	0.0	0.0	0.0
	0.0	0.0	0.0	1.0
	0.0	1.0	0.0	0.0
	0.0	1.0	0.0	0.0
	0.0	0.0	0.0	1.0
	0.5	0.5	0.0	0.0
	0.0	1.0	0.0	0.0
	0.0	1.0	0.0	0.0
	0.0	0.0	1.0	0.0
	0.0	1.0	0.0	0.0
	0.0	1.0	0.0	0.0

MEME version 4

ALPHABET= ACGT

MOTIF chr19:33168123-33168133

letter-probability matrix: alength= 4 w= 10
	0.0	0.5	0.0	0.5
	0.0	0.0	0.0	1.0
	0.75	0.25	0.0	0.0
	0.75	0.0	0.0	0.25
	0.0	0.0	0.25	0.75
	0.25	0.0	0.25	0.5
	1.0	0.0	0.0	0.0
	0.75	0.0	0.0	0.25
	1.0	0.0	0.0	0.0
	1.0	0.0	0.0	0.0

MEME version 4

ALPHABET= ACGT

MOTIF chr19:33179384-33179409

letter-probability matrix: alength= 4 w= 25
	0.0	1.0	0.0	0.0
	0.0	1.0	0.0	0.0
	0.0	0.0	0.0	1.0
	0.5	0.0	0.5	0.0
	0.0	0.0	1.0	0.0
	0.0	0.0	1.0	0.0
	0.0	1.0	0.0	0.0
	0.0	0.0	0.0	1.0
	0.0	1.0	0.0	0.0
	1.0	0.0	0.0	0.0
	1.0	0.0	0.0	0.0
	0.0	0.0	1.0	0.0
	0.0	1.0	0.0	0.0
	0.5	0.5	0.0	0.0
	1.0	0.0	0.0	0.0
	0.0	0.0	0.0	1.0
	0.0	1.0	0.0	0.0
	0.0	1.0	0.0	0.0
	0.0	0.0	0.0	1.0
	0.5	0.5	0.0	0.0
	0.0	1.0	0.0	0.0
	0.0	1.0	0.0	0.0
	0.0	0.0	1.0	0.0
	0.0	1.0	0.0	0.0
	0.0	1.0	0.0	0.0

MEME version 4

ALPHABET= ACGT

MOTIF chr16:19512528-19512538

letter-probability matrix: alength= 4 w= 10
	0.0	0.5	0.0	0.5
	0.0	0.0	0.0	1.0
	0.75	0.25	0.0	0.0
	0.75	0.0	0.0	0.25
	0.0	0.0	0.25	0.75
	0.25	0.0	0.25	0.5
	1.0	0.0	0.0	0.0
	0.75	0.0	0.0	0.25
	1.0	0.0	0.0	0.0
	1.0	0.0	0.0	0.0

MEME version 4

ALPHABET= ACGT

MOTIF chr16:19566089-19566114

letter-probability matrix: alength= 4 w= 25
	0.0	1.0	0.0	0.0
	0.0	1.0	0.0	0.0
	0.0	0.0	0.0	1.0
	0.5	0.0	0.5	0.0
	0.0	0.0	1.0	0.0
	0.0	0.0	1.0	0.0
	0.0	1.0	0.0	0.0
	0.0	0.0	0.0	1.0
	0.0	1.0	0.0	0.0
	1.0	0.0	0.0	0.0
	1.0	0.0	0.0	0.0
	0.0	0.0	1.0	0.0
	0.0	1.0	0.0	0.0
	0.5	0.5	0.0	0.0
	1.0	0.0	0.0	0.0
	0.0	0.0	0.0	1.0
	0.0	1.0	0.0	0.0
	0.0	1.0	0.0	0.0
	0.0	0.0	0.0	1.0
	0.5	0.5	0.0	0.0
	0.0	1.0	0.0	0.0
	0.0	1.0	0.0	0.0
	0.0	0.0	1.0	0.0
	0.0	1.0	0.0	0.0
	0.0	1.0	0.0	0.0

MEME version 4

ALPHABET= ACGT

MOTIF chr9:103115757-103115767

letter-probability matrix: alength= 4 w= 10
	0.0	0.5	0.0	0.5
	0.0	0.0	0.0	1.0
	0.75	0.25	0.0	0.0
	0.75	0.0	0.0	0.25
	0.0	0.0	0.25	0.75
	0.25	0.0	0.25	0.5
	1.0	0.0	0.0	0.0
	0.75	0.0	0.0	0.25
	1.0	0.0	0.0	0.0
	1.0	0.0	0.0	0.0

MEME version 4

ALPHABET= ACGT

MOTIF chr9:103139474-103139499

letter-probability matrix: alength= 4 w= 25
	0.0	1.0	0.0	0.0
	0.0	1.0	0.0	0.0
	0.0	0.0	0.0	1.0
	0.5	0.0	0.5	0.0
	0.0	0.0	1.0	0.0
	0.0	0.0	1.0	0.0
	0.0	1.0	0.0	0.0
	0.0	0.0	0.0	1.0
	0.0	1.0	0.0	0.0
	1.0	0.0	0.0	0.0
	1.0	0.0	0.0	0.0
	0.0	0.0	1.0	0.0
	0.0	1.0	0.0	0.0
	0.5	0.5	0.0	0.0
	1.0	0.0	0.0	0.0
	0.0	0.0	0.0	1.0
	0.0	1.0	0.0	0.0
	0.0	1.0	0.0	0.0
	0.0	0.0	0.0	1.0
	0.5	0.5	0.0	0.0
	0.0	1.0	0.0	0.0
	0.0	1.0	0.0	0.0
	0.0	0.0	1.0	0.0
	0.0	1.0	0.0	0.0
	0.0	1.0	0.0	0.0

MEME version 4

ALPHABET= ACGT

MOTIF chr9:79009676-79009686

letter-probability matrix: alength= 4 w= 10
	0.0	0.5	0.0	0.5
	0.0	0.0	0.0	1.0
	0.75	0.25	0.0	0.0
	0.75	0.0	0.0	0.25
	0.0	0.0	0.25	0.75
	0.25	0.0	0.25	0.5
	1.0	0.0	0.0	0.0
	0.75	0.0	0.0	0.25
	1.0	0.0	0.0	0.0
	1.0	0.0	0.0	0.0

MEME version 4

ALPHABET= ACGT

MOTIF chr9:79028157-79028182

letter-probability matrix: alength= 4 w= 25
	0.0	1.0	0.0	0.0
	0.0	1.0	0.0	0.0
	0.0	0.0	0.0	1.0
	0.5	0.0	0.5	0.0
	0.0	0.0	1.0	0.0
	0.0	0.0	1.0	0.0
	0.0	1.0	0.0	0.0
	0.0	0.0	0.0	1.0
	0.0	1.0	0.0	0.0
	1.0	0.0	0.0	0.0
	1.0	0.0	0.0	0.0
	0.0	0.0	1.0	0.0
	0.0	1.0	0.0	0.0
	0.5	0.5	0.0	0.0
	1.0	0.0	0.0	0.0
	0.0	0.0	0.0	1.0
	0.0	1.0	0.0	0.0
	0.0	1.0	0.0	0.0
	0.0	0.0	0.0	1.0
	0.5	0.5	0.0	0.0
	0.0	1.0	0.0	0.0
	0.0	1.0	0.0	0.0
	0.0	0.0	1.0	0.0
	0.0	1.0	0.0	0.0
	0.0	1.0	0.0	0.0

MEME version 4

ALPHABET= ACGT

MOTIF chr16:67260212-67260222

letter-probability matrix: alength= 4 w= 10
	0.0	0.5	0.0	0.5
	0.0	0.0	0.0	1.0
	0.75	0.25	0.0	0.0
	0.75	0.0	0.0	0.25
	0.0	0.0	0.25	0.75
	0.25	0.0	0.25	0.5
	1.0	0.0	0.0	0.0
	0.75	0.0	0.0	0.25
	1.0	0.0	0.0	0.0
	1.0	0.0	0.0	0.0

MEME version 4

ALPHABET= ACGT

MOTIF chr16:67254281-67254306

letter-probability matrix: alength= 4 w= 25
	0.0	1.0	0.0	0.0
	0.0	1.0	0.0	0.0
	0.0	0.0	0.0	1.0
	0.5	0.0	0.5	0.0
	0.0	0.0	1.0	0.0
	0.0	0.0	1.0	0.0
	0.0	1.0	0.0	0.0
	0.0	0.0	0.0	1.0
	0.0	1.0	0.0	0.0
	1.0	0.0	0.0	0.0
	1.0	0.0	0.0	0.0
	0.0	0.0	1.0	0.0
	0.0	1.0	0.0	0.0
	0.5	0.5	0.0	0.0
	1.0	0.0	0.0	0.0
	0.0	0.0	0.0	1.0
	0.0	1.0	0.0	0.0
	0.0	1.0	0.0	0.0
	0.0	0.0	0.0	1.0
	0.5	0.5	0.0	0.0
	0.0	1.0	0.0	0.0
	0.0	1.0	0.0	0.0
	0.0	0.0	1.0	0.0
	0.0	1.0	0.0	0.0
	0.0	1.0	0.0	0.0

MEME version 4

ALPHABET= ACGT

MOTIF chr4:74861313-74861323

letter-probability matrix: alength= 4 w= 10
	0.0	0.5	0.0	0.5
	0.0	0.0	0.0	1.0
	0.75	0.25	0.0	0.0
	0.75	0.0	0.0	0.25
	0.0	0.0	0.25	0.75
	0.25	0.0	0.25	0.5
	1.0	0.0	0.0	0.0
	0.75	0.0	0.0	0.25
	1.0	0.0	0.0	0.0
	1.0	0.0	0.0	0.0

MEME version 4

ALPHABET= ACGT

MOTIF chr4:74854024-74854049

letter-probability matrix: alength= 4 w= 25
	0.0	1.0	0.0	0.0
	0.0	1.0	0.0	0.0
	0.0	0.0	0.0	1.0
	0.5	0.0	0.5	0.0
	0.0	0.0	1.0	0.0
	0.0	0.0	1.0	0.0
	0.0	1.0	0.0	0.0
	0.0	0.0	0.0	1.0
	0.0	1.0	0.0	0.0
	1.0	0.0	0.0	0.0
	1.0	0.0	0.0	0.0
	0.0	0.0	1.0	0.0
	0.0	1.0	0.0	0.0
	0.5	0.5	0.0	0.0
	1.0	0.0	0.0	0.0
	0.0	0.0	0.0	1.0
	0.0	1.0	0.0	0.0
	0.0	1.0	0.0	0.0
	0.0	0.0	0.0	1.0
	0.5	0.5	0.0	0.0
	0.0	1.0	0.0	0.0
	0.0	1.0	0.0	0.0
	0.0	0.0	1.0	0.0
	0.0	1.0	0.0	0.0
	0.0	1.0	0.0	0.0

MEME version 4

ALPHABET= ACGT

MOTIF chr2:209100644-209100654

letter-probability matrix: alength= 4 w= 10
	0.0	0.5	0.0	0.5
	0.0	0.0	0.0	1.0
	0.75	0.25	0.0	0.0
	0.75	0.0	0.0	0.25
	0.0	0.0	0.25	0.75
	0.25	0.0	0.25	0.5
	1.0	0.0	0.0	0.0
	0.75	0.0	0.0	0.25
	1.0	0.0	0.0	0.0
	1.0	0.0	0.0	0.0

MEME version 4

ALPHABET= ACGT

MOTIF chr2:209149619-209149644

letter-probability matrix: alength= 4 w= 25
	0.0	1.0	0.0	0.0
	0.0	1.0	0.0	0.0
	0.0	0.0	0.0	1.0
	0.5	0.0	0.5	0.0
	0.0	0.0	1.0	0.0
	0.0	0.0	1.0	0.0
	0.0	1.0	0.0	0.0
	0.0	0.0	0.0	1.0
	0.0	1.0	0.0	0.0
	1.0	0.0	0.0	0.0
	1.0	0.0	0.0	0.0
	0.0	0.0	1.0	0.0
	0.0	1.0	0.0	0.0
	0.5	0.5	0.0	0.0
	1.0	0.0	0.0	0.0
	0.0	0.0	0.0	1.0
	0.0	1.0	0.0	0.0
	0.0	1.0	0.0	0.0
	0.0	0.0	0.0	1.0
	0.5	0.5	0.0	0.0
	0.0	1.0	0.0	0.0
	0.0	1.0	0.0	0.0
	0.0	0.0	1.0	0.0
	0.0	1.0	0.0	0.0
	0.0	1.0	0.0	0.0

MEME version 4

ALPHABET= ACGT

MOTIF chr16:20861429-20861439

letter-probability matrix: alength= 4 w= 10
	0.0	0.5	0.0	0.5
	0.0	0.0	0.0	1.0
	0.75	0.25	0.0	0.0
	0.75	0.0	0.0	0.25
	0.0	0.0	0.25	0.75
	0.25	0.0	0.25	0.5
	1.0	0.0	0.0	0.0
	0.75	0.0	0.0	0.25
	1.0	0.0	0.0	0.0
	1.0	0.0	0.0	0.0

MEME version 4

ALPHABET= ACGT

MOTIF chr16:20849315-20849340

letter-probability matrix: alength= 4 w= 25
	0.0	1.0	0.0	0.0
	0.0	1.0	0.0	0.0
	0.0	0.0	0.0	1.0
	0.5	0.0	0.5	0.0
	0.0	0.0	1.0	0.0
	0.0	0.0	1.0	0.0
	0.0	1.0	0.0	0.0
	0.0	0.0	0.0	1.0
	0.0	1.0	0.0	0.0
	1.0	0.0	0.0	0.0
	1.0	0.0	0.0	0.0
	0.0	0.0	1.0	0.0
	0.0	1.0	0.0	0.0
	0.5	0.5	0.0	0.0
	1.0	0.0	0.0	0.0
	0.0	0.0	0.0	1.0
	0.0	1.0	0.0	0.0
	0.0	1.0	0.0	0.0
	0.0	0.0	0.0	1.0
	0.5	0.5	0.0	0.0
	0.0	1.0	0.0	0.0
	0.0	1.0	0.0	0.0
	0.0	0.0	1.0	0.0
	0.0	1.0	0.0	0.0
	0.0	1.0	0.0	0.0

MEME version 4

ALPHABET= ACGT

MOTIF chr1:204484635-204484645

letter-probability matrix: alength= 4 w= 10
	0.0	0.5	0.0	0.5
	0.0	0.0	0.0	1.0
	0.75	0.25	0.0	0.0
	0.75	0.0	0.0	0.25
	0.0	0.0	0.25	0.75
	0.25	0.0	0.25	0.5
	1.0	0.0	0.0	0.0
	0.75	0.0	0.0	0.25
	1.0	0.0	0.0	0.0
	1.0	0.0	0.0	0.0

MEME version 4

ALPHABET= ACGT

MOTIF chr1:204476824-204476849

letter-probability matrix: alength= 4 w= 25
	0.0	1.0	0.0	0.0
	0.0	1.0	0.0	0.0
	0.0	0.0	0.0	1.0
	0.5	0.0	0.5	0.0
	0.0	0.0	1.0	0.0
	0.0	0.0	1.0	0.0
	0.0	1.0	0.0	0.0
	0.0	0.0	0.0	1.0
	0.0	1.0	0.0	0.0
	1.0	0.0	0.0	0.0
	1.0	0.0	0.0	0.0
	0.0	0.0	1.0	0.0
	0.0	1.0	0.0	0.0
	0.5	0.5	0.0	0.0
	1.0	0.0	0.0	0.0
	0.0	0.0	0.0	1.0
	0.0	1.0	0.0	0.0
	0.0	1.0	0.0	0.0
	0.0	0.0	0.0	1.0
	0.5	0.5	0.0	0.0
	0.0	1.0	0.0	0.0
	0.0	1.0	0.0	0.0
	0.0	0.0	1.0	0.0
	0.0	1.0	0.0	0.0
	0.0	1.0	0.0	0.0

MEME version 4

ALPHABET= ACGT

MOTIF chr17:79633281-79633291

letter-probability matrix: alength= 4 w= 10
	0.0	0.5	0.0	0.5
	0.0	0.0	0.0	1.0
	0.75	0.25	0.0	0.0
	0.75	0.0	0.0	0.25
	0.0	0.0	0.25	0.75
	0.25	0.0	0.25	0.5
	1.0	0.0	0.0	0.0
	0.75	0.0	0.0	0.25
	1.0	0.0	0.0	0.0
	1.0	0.0	0.0	0.0

MEME version 4

ALPHABET= ACGT

MOTIF chr17:79611769-79611794

letter-probability matrix: alength= 4 w= 25
	0.0	1.0	0.0	0.0
	0.0	1.0	0.0	0.0
	0.0	0.0	0.0	1.0
	0.5	0.0	0.5	0.0
	0.0	0.0	1.0	0.0
	0.0	0.0	1.0	0.0
	0.0	1.0	0.0	0.0
	0.0	0.0	0.0	1.0
	0.0	1.0	0.0	0.0
	1.0	0.0	0.0	0.0
	1.0	0.0	0.0	0.0
	0.0	0.0	1.0	0.0
	0.0	1.0	0.0	0.0
	0.5	0.5	0.0	0.0
	1.0	0.0	0.0	0.0
	0.0	0.0	0.0	1.0
	0.0	1.0	0.0	0.0
	0.0	1.0	0.0	0.0
	0.0	0.0	0.0	1.0
	0.5	0.5	0.0	0.0
	0.0	1.0	0.0	0.0
	0.0	1.0	0.0	0.0
	0.0	0.0	1.0	0.0
	0.0	1.0	0.0	0.0
	0.0	1.0	0.0	0.0

MEME version 4

ALPHABET= ACGT

MOTIF chr15:64679606-64679616

letter-probability matrix: alength= 4 w= 10
	0.0	0.5	0.0	0.5
	0.0	0.0	0.0	1.0
	0.75	0.25	0.0	0.0
	0.75	0.0	0.0	0.25
	0.0	0.0	0.25	0.75
	0.25	0.0	0.25	0.5
	1.0	0.0	0.0	0.0
	0.75	0.0	0.0	0.25
	1.0	0.0	0.0	0.0
	1.0	0.0	0.0	0.0

MEME version 4

ALPHABET= ACGT

MOTIF chr15:64697111-64697136

letter-probability matrix: alength= 4 w= 25
	0.0	1.0	0.0	0.0
	0.0	1.0	0.0	0.0
	0.0	0.0	0.0	1.0
	0.5	0.0	0.5	0.0
	0.0	0.0	1.0	0.0
	0.0	0.0	1.0	0.0
	0.0	1.0	0.0	0.0
	0.0	0.0	0.0	1.0
	0.0	1.0	0.0	0.0
	1.0	0.0	0.0	0.0
	1.0	0.0	0.0	0.0
	0.0	0.0	1.0	0.0
	0.0	1.0	0.0	0.0
	0.5	0.5	0.0	0.0
	1.0	0.0	0.0	0.0
	0.0	0.0	0.0	1.0
	0.0	1.0	0.0	0.0
	0.0	1.0	0.0	0.0
	0.0	0.0	0.0	1.0
	0.5	0.5	0.0	0.0
	0.0	1.0	0.0	0.0
	0.0	1.0	0.0	0.0
	0.0	0.0	1.0	0.0
	0.0	1.0	0.0	0.0
	0.0	1.0	0.0	0.0

MEME version 4

ALPHABET= ACGT

MOTIF chr3:138554583-138554593

letter-probability matrix: alength= 4 w= 10
	0.0	0.5	0.0	0.5
	0.0	0.0	0.0	1.0
	0.75	0.25	0.0	0.0
	0.75	0.0	0.0	0.25
	0.0	0.0	0.25	0.75
	0.25	0.0	0.25	0.5
	1.0	0.0	0.0	0.0
	0.75	0.0	0.0	0.25
	1.0	0.0	0.0	0.0
	1.0	0.0	0.0	0.0

MEME version 4

ALPHABET= ACGT

MOTIF chr3:138533455-138533480

letter-probability matrix: alength= 4 w= 25
	0.0	1.0	0.0	0.0
	0.0	1.0	0.0	0.0
	0.0	0.0	0.0	1.0
	0.5	0.0	0.5	0.0
	0.0	0.0	1.0	0.0
	0.0	0.0	1.0	0.0
	0.0	1.0	0.0	0.0
	0.0	0.0	0.0	1.0
	0.0	1.0	0.0	0.0
	1.0	0.0	0.0	0.0
	1.0	0.0	0.0	0.0
	0.0	0.0	1.0	0.0
	0.0	1.0	0.0	0.0
	0.5	0.5	0.0	0.0
	1.0	0.0	0.0	0.0
	0.0	0.0	0.0	1.0
	0.0	1.0	0.0	0.0
	0.0	1.0	0.0	0.0
	0.0	0.0	0.0	1.0
	0.5	0.5	0.0	0.0
	0.0	1.0	0.0	0.0
	0.0	1.0	0.0	0.0
	0.0	0.0	1.0	0.0
	0.0	1.0	0.0	0.0
	0.0	1.0	0.0	0.0

MEME version 4

ALPHABET= ACGT

MOTIF chr6:26016283-26016293

letter-probability matrix: alength= 4 w= 10
	0.0	0.5	0.0	0.5
	0.0	0.0	0.0	1.0
	0.75	0.25	0.0	0.0
	0.75	0.0	0.0	0.25
	0.0	0.0	0.25	0.75
	0.25	0.0	0.25	0.5
	1.0	0.0	0.0	0.0
	0.75	0.0	0.0	0.25
	1.0	0.0	0.0	0.0
	1.0	0.0	0.0	0.0

MEME version 4

ALPHABET= ACGT

MOTIF chr6:26008081-26008106

letter-probability matrix: alength= 4 w= 25
	0.0	1.0	0.0	0.0
	0.0	1.0	0.0	0.0
	0.0	0.0	0.0	1.0
	0.5	0.0	0.5	0.0
	0.0	0.0	1.0	0.0
	0.0	0.0	1.0	0.0
	0.0	1.0	0.0	0.0
	0.0	0.0	0.0	1.0
	0.0	1.0	0.0	0.0
	1.0	0.0	0.0	0.0
	1.0	0.0	0.0	0.0
	0.0	0.0	1.0	0.0
	0.0	1.0	0.0	0.0
	0.5	0.5	0.0	0.0
	1.0	0.0	0.0	0.0
	0.0	0.0	0.0	1.0
	0.0	1.0	0.0	0.0
	0.0	1.0	0.0	0.0
	0.0	0.0	0.0	1.0
	0.5	0.5	0.0	0.0
	0.0	1.0	0.0	0.0
	0.0	1.0	0.0	0.0
	0.0	0.0	1.0	0.0
	0.0	1.0	0.0	0.0
	0.0	1.0	0.0	0.0

MEME version 4

ALPHABET= ACGT

MOTIF chr8:105479483-105479493

letter-probability matrix: alength= 4 w= 10
	0.0	0.5	0.0	0.5
	0.0	0.0	0.0	1.0
	0.75	0.25	0.0	0.0
	0.75	0.0	0.0	0.25
	0.0	0.0	0.25	0.75
	0.25	0.0	0.25	0.5
	1.0	0.0	0.0	0.0
	0.75	0.0	0.0	0.25
	1.0	0.0	0.0	0.0
	1.0	0.0	0.0	0.0

MEME version 4

ALPHABET= ACGT

MOTIF chr8:105459202-105459227

letter-probability matrix: alength= 4 w= 25
	0.0	1.0	0.0	0.0
	0.0	1.0	0.0	0.0
	0.0	0.0	0.0	1.0
	0.5	0.0	0.5	0.0
	0.0	0.0	1.0	0.0
	0.0	0.0	1.0	0.0
	0.0	1.0	0.0	0.0
	0.0	0.0	0.0	1.0
	0.0	1.0	0.0	0.0
	1.0	0.0	0.0	0.0
	1.0	0.0	0.0	0.0
	0.0	0.0	1.0	0.0
	0.0	1.0	0.0	0.0
	0.5	0.5	0.0	0.0
	1.0	0.0	0.0	0.0
	0.0	0.0	0.0	1.0
	0.0	1.0	0.0	0.0
	0.0	1.0	0.0	0.0
	0.0	0.0	0.0	1.0
	0.5	0.5	0.0	0.0
	0.0	1.0	0.0	0.0
	0.0	1.0	0.0	0.0
	0.0	0.0	1.0	0.0
	0.0	1.0	0.0	0.0
	0.0	1.0	0.0	0.0

MEME version 4

ALPHABET= ACGT

MOTIF chr12:122326021-122326031

letter-probability matrix: alength= 4 w= 10
	0.0	0.5	0.0	0.5
	0.0	0.0	0.0	1.0
	0.75	0.25	0.0	0.0
	0.75	0.0	0.0	0.25
	0.0	0.0	0.25	0.75
	0.25	0.0	0.25	0.5
	1.0	0.0	0.0	0.0
	0.75	0.0	0.0	0.25
	1.0	0.0	0.0	0.0
	1.0	0.0	0.0	0.0

MEME version 4

ALPHABET= ACGT

MOTIF chr12:122319245-122319270

letter-probability matrix: alength= 4 w= 25
	0.0	1.0	0.0	0.0
	0.0	1.0	0.0	0.0
	0.0	0.0	0.0	1.0
	0.5	0.0	0.5	0.0
	0.0	0.0	1.0	0.0
	0.0	0.0	1.0	0.0
	0.0	1.0	0.0	0.0
	0.0	0.0	0.0	1.0
	0.0	1.0	0.0	0.0
	1.0	0.0	0.0	0.0
	1.0	0.0	0.0	0.0
	0.0	0.0	1.0	0.0
	0.0	1.0	0.0	0.0
	0.5	0.5	0.0	0.0
	1.0	0.0	0.0	0.0
	0.0	0.0	0.0	1.0
	0.0	1.0	0.0	0.0
	0.0	1.0	0.0	0.0
	0.0	0.0	0.0	1.0
	0.5	0.5	0.0	0.0
	0.0	1.0	0.0	0.0
	0.0	1.0	0.0	0.0
	0.0	0.0	1.0	0.0
	0.0	1.0	0.0	0.0
	0.0	1.0	0.0	0.0

MEME version 4

ALPHABET= ACGT

MOTIF chr11:63973704-63973714

letter-probability matrix: alength= 4 w= 10
	0.0	0.5	0.0	0.5
	0.0	0.0	0.0	1.0
	0.75	0.25	0.0	0.0
	0.75	0.0	0.0	0.25
	0.0	0.0	0.25	0.75
	0.25	0.0	0.25	0.5
	1.0	0.0	0.0	0.0
	0.75	0.0	0.0	0.25
	1.0	0.0	0.0	0.0
	1.0	0.0	0.0	0.0

MEME version 4

ALPHABET= ACGT

MOTIF chr11:63966045-63966070

letter-probability matrix: alength= 4 w= 25
	0.0	1.0	0.0	0.0
	0.0	1.0	0.0	0.0
	0.0	0.0	0.0	1.0
	0.5	0.0	0.5	0.0
	0.0	0.0	1.0	0.0
	0.0	0.0	1.0	0.0
	0.0	1.0	0.0	0.0
	0.0	0.0	0.0	1.0
	0.0	1.0	0.0	0.0
	1.0	0.0	0.0	0.0
	1.0	0.0	0.0	0.0
	0.0	0.0	1.0	0.0
	0.0	1.0	0.0	0.0
	0.5	0.5	0.0	0.0
	1.0	0.0	0.0	0.0
	0.0	0.0	0.0	1.0
	0.0	1.0	0.0	0.0
	0.0	1.0	0.0	0.0
	0.0	0.0	0.0	1.0
	0.5	0.5	0.0	0.0
	0.0	1.0	0.0	0.0
	0.0	1.0	0.0	0.0
	0.0	0.0	1.0	0.0
	0.0	1.0	0.0	0.0
	0.0	1.0	0.0	0.0

MEME version 4

ALPHABET= ACGT

MOTIF chr17:56633171-56633181

letter-probability matrix: alength= 4 w= 10
	0.0	0.5	0.0	0.5
	0.0	0.0	0.0	1.0
	0.75	0.25	0.0	0.0
	0.75	0.0	0.0	0.25
	0.0	0.0	0.25	0.75
	0.25	0.0	0.25	0.5
	1.0	0.0	0.0	0.0
	0.75	0.0	0.0	0.25
	1.0	0.0	0.0	0.0
	1.0	0.0	0.0	0.0

MEME version 4

ALPHABET= ACGT

MOTIF chr17:56774151-56774176

letter-probability matrix: alength= 4 w= 25
	0.0	1.0	0.0	0.0
	0.0	1.0	0.0	0.0
	0.0	0.0	0.0	1.0
	0.5	0.0	0.5	0.0
	0.0	0.0	1.0	0.0
	0.0	0.0	1.0	0.0
	0.0	1.0	0.0	0.0
	0.0	0.0	0.0	1.0
	0.0	1.0	0.0	0.0
	1.0	0.0	0.0	0.0
	1.0	0.0	0.0	0.0
	0.0	0.0	1.0	0.0
	0.0	1.0	0.0	0.0
	0.5	0.5	0.0	0.0
	1.0	0.0	0.0	0.0
	0.0	0.0	0.0	1.0
	0.0	1.0	0.0	0.0
	0.0	1.0	0.0	0.0
	0.0	0.0	0.0	1.0
	0.5	0.5	0.0	0.0
	0.0	1.0	0.0	0.0
	0.0	1.0	0.0	0.0
	0.0	0.0	1.0	0.0
	0.0	1.0	0.0	0.0
	0.0	1.0	0.0	0.0

MEME version 4

ALPHABET= ACGT

MOTIF chr1:247615547-247615557

letter-probability matrix: alength= 4 w= 10
	0.0	0.5	0.0	0.5
	0.0	0.0	0.0	1.0
	0.75	0.25	0.0	0.0
	0.75	0.0	0.0	0.25
	0.0	0.0	0.25	0.75
	0.25	0.0	0.25	0.5
	1.0	0.0	0.0	0.0
	0.75	0.0	0.0	0.25
	1.0	0.0	0.0	0.0
	1.0	0.0	0.0	0.0

MEME version 4

ALPHABET= ACGT

MOTIF chr1:247632124-247632149

letter-probability matrix: alength= 4 w= 25
	0.0	1.0	0.0	0.0
	0.0	1.0	0.0	0.0
	0.0	0.0	0.0	1.0
	0.5	0.0	0.5	0.0
	0.0	0.0	1.0	0.0
	0.0	0.0	1.0	0.0
	0.0	1.0	0.0	0.0
	0.0	0.0	0.0	1.0
	0.0	1.0	0.0	0.0
	1.0	0.0	0.0	0.0
	1.0	0.0	0.0	0.0
	0.0	0.0	1.0	0.0
	0.0	1.0	0.0	0.0
	0.5	0.5	0.0	0.0
	1.0	0.0	0.0	0.0
	0.0	0.0	0.0	1.0
	0.0	1.0	0.0	0.0
	0.0	1.0	0.0	0.0
	0.0	0.0	0.0	1.0
	0.5	0.5	0.0	0.0
	0.0	1.0	0.0	0.0
	0.0	1.0	0.0	0.0
	0.0	0.0	1.0	0.0
	0.0	1.0	0.0	0.0
	0.0	1.0	0.0	0.0

MEME version 4

ALPHABET= ACGT

MOTIF chr1:161135504-161135514

letter-probability matrix: alength= 4 w= 10
	0.0	0.5	0.0	0.5
	0.0	0.0	0.0	1.0
	0.75	0.25	0.0	0.0
	0.75	0.0	0.0	0.25
	0.0	0.0	0.25	0.75
	0.25	0.0	0.25	0.5
	1.0	0.0	0.0	0.0
	0.75	0.0	0.0	0.25
	1.0	0.0	0.0	0.0
	1.0	0.0	0.0	0.0

MEME version 4

ALPHABET= ACGT

MOTIF chr1:161124751-161124776

letter-probability matrix: alength= 4 w= 25
	0.0	1.0	0.0	0.0
	0.0	1.0	0.0	0.0
	0.0	0.0	0.0	1.0
	0.5	0.0	0.5	0.0
	0.0	0.0	1.0	0.0
	0.0	0.0	1.0	0.0
	0.0	1.0	0.0	0.0
	0.0	0.0	0.0	1.0
	0.0	1.0	0.0	0.0
	1.0	0.0	0.0	0.0
	1.0	0.0	0.0	0.0
	0.0	0.0	1.0	0.0
	0.0	1.0	0.0	0.0
	0.5	0.5	0.0	0.0
	1.0	0.0	0.0	0.0
	0.0	0.0	0.0	1.0
	0.0	1.0	0.0	0.0
	0.0	1.0	0.0	0.0
	0.0	0.0	0.0	1.0
	0.5	0.5	0.0	0.0
	0.0	1.0	0.0	0.0
	0.0	1.0	0.0	0.0
	0.0	0.0	1.0	0.0
	0.0	1.0	0.0	0.0
	0.0	1.0	0.0	0.0

MEME version 4

ALPHABET= ACGT

MOTIF chr17:41830167-41830177

letter-probability matrix: alength= 4 w= 10
	0.0	0.5	0.0	0.5
	0.0	0.0	0.0	1.0
	0.75	0.25	0.0	0.0
	0.75	0.0	0.0	0.25
	0.0	0.0	0.25	0.75
	0.25	0.0	0.25	0.5
	1.0	0.0	0.0	0.0
	0.75	0.0	0.0	0.25
	1.0	0.0	0.0	0.0
	1.0	0.0	0.0	0.0

MEME version 4

ALPHABET= ACGT

MOTIF chr17:41840110-41840135

letter-probability matrix: alength= 4 w= 25
	0.0	1.0	0.0	0.0
	0.0	1.0	0.0	0.0
	0.0	0.0	0.0	1.0
	0.5	0.0	0.5	0.0
	0.0	0.0	1.0	0.0
	0.0	0.0	1.0	0.0
	0.0	1.0	0.0	0.0
	0.0	0.0	0.0	1.0
	0.0	1.0	0.0	0.0
	1.0	0.0	0.0	0.0
	1.0	0.0	0.0	0.0
	0.0	0.0	1.0	0.0
	0.0	1.0	0.0	0.0
	0.5	0.5	0.0	0.0
	1.0	0.0	0.0	0.0
	0.0	0.0	0.0	1.0
	0.0	1.0	0.0	0.0
	0.0	1.0	0.0	0.0
	0.0	0.0	0.0	1.0
	0.5	0.5	0.0	0.0
	0.0	1.0	0.0	0.0
	0.0	1.0	0.0	0.0
	0.0	0.0	1.0	0.0
	0.0	1.0	0.0	0.0
	0.0	1.0	0.0	0.0

