MEME version 4

ALPHABET= ACGT

MOTIF chr18:21269009-21269019

letter-probability matrix: alength= 4 w= 10
	0.0	1.0	0.0	0.0
	0.0	0.0	0.0	1.0
	0.0	0.25	0.75	0.0
	0.0	1.0	0.0	0.0
	0.5	0.5	0.0	0.0
	1.0	0.0	0.0	0.0
	0.0	0.75	0.25	0.0
	0.0	1.0	0.0	0.0
	0.0	0.0	0.0	1.0
	0.0	1.0	0.0	0.0

MEME version 4

ALPHABET= ACGT

MOTIF chr18:21279116-21279141

letter-probability matrix: alength= 4 w= 25
	0.0	0.0	1.0	0.0
	1.0	0.0	0.0	0.0
	0.0	0.0	1.0	0.0
	0.0	1.0	0.0	0.0
	0.0	1.0	0.0	0.0
	0.0	0.0	0.0	1.0
	0.0	0.0	1.0	0.0
	0.0	0.0	1.0	0.0
	0.0	1.0	0.0	0.0
	0.0	0.0	0.0	1.0
	0.0	0.0	1.0	0.0
	0.0	0.0	1.0	0.0
	0.0	1.0	0.0	0.0
	0.0	0.0	0.0	1.0
	1.0	0.0	0.0	0.0
	0.0	1.0	0.0	0.0
	0.0	1.0	0.0	0.0
	0.0	0.0	0.0	1.0
	0.0	0.0	1.0	0.0
	0.0	0.0	1.0	0.0
	0.0	0.0	1.0	0.0
	0.0	1.0	0.0	0.0
	0.0	0.0	1.0	0.0
	0.0	1.0	0.0	0.0
	0.0	1.0	0.0	0.0

MEME version 4

ALPHABET= ACGT

MOTIF chr1:29190741-29190751

letter-probability matrix: alength= 4 w= 10
	0.0	1.0	0.0	0.0
	0.0	0.0	0.0	1.0
	0.0	0.25	0.75	0.0
	0.0	1.0	0.0	0.0
	0.5	0.5	0.0	0.0
	1.0	0.0	0.0	0.0
	0.0	0.75	0.25	0.0
	0.0	1.0	0.0	0.0
	0.0	0.0	0.0	1.0
	0.0	1.0	0.0	0.0

MEME version 4

ALPHABET= ACGT

MOTIF chr1:29102927-29102952

letter-probability matrix: alength= 4 w= 25
	0.0	0.0	1.0	0.0
	1.0	0.0	0.0	0.0
	0.0	0.0	1.0	0.0
	0.0	1.0	0.0	0.0
	0.0	1.0	0.0	0.0
	0.0	0.0	0.0	1.0
	0.0	0.0	1.0	0.0
	0.0	0.0	1.0	0.0
	0.0	1.0	0.0	0.0
	0.0	0.0	0.0	1.0
	0.0	0.0	1.0	0.0
	0.0	0.0	1.0	0.0
	0.0	1.0	0.0	0.0
	0.0	0.0	0.0	1.0
	1.0	0.0	0.0	0.0
	0.0	1.0	0.0	0.0
	0.0	1.0	0.0	0.0
	0.0	0.0	0.0	1.0
	0.0	0.0	1.0	0.0
	0.0	0.0	1.0	0.0
	0.0	0.0	1.0	0.0
	0.0	1.0	0.0	0.0
	0.0	0.0	1.0	0.0
	0.0	1.0	0.0	0.0
	0.0	1.0	0.0	0.0

MEME version 4

ALPHABET= ACGT

MOTIF chr14:31677131-31677141

letter-probability matrix: alength= 4 w= 10
	0.0	1.0	0.0	0.0
	0.0	0.0	0.0	1.0
	0.0	0.25	0.75	0.0
	0.0	1.0	0.0	0.0
	0.5	0.5	0.0	0.0
	1.0	0.0	0.0	0.0
	0.0	0.75	0.25	0.0
	0.0	1.0	0.0	0.0
	0.0	0.0	0.0	1.0
	0.0	1.0	0.0	0.0

MEME version 4

ALPHABET= ACGT

MOTIF chr14:31682468-31682493

letter-probability matrix: alength= 4 w= 25
	0.0	0.0	1.0	0.0
	1.0	0.0	0.0	0.0
	0.0	0.0	1.0	0.0
	0.0	1.0	0.0	0.0
	0.0	1.0	0.0	0.0
	0.0	0.0	0.0	1.0
	0.0	0.0	1.0	0.0
	0.0	0.0	1.0	0.0
	0.0	1.0	0.0	0.0
	0.0	0.0	0.0	1.0
	0.0	0.0	1.0	0.0
	0.0	0.0	1.0	0.0
	0.0	1.0	0.0	0.0
	0.0	0.0	0.0	1.0
	1.0	0.0	0.0	0.0
	0.0	1.0	0.0	0.0
	0.0	1.0	0.0	0.0
	0.0	0.0	0.0	1.0
	0.0	0.0	1.0	0.0
	0.0	0.0	1.0	0.0
	0.0	0.0	1.0	0.0
	0.0	1.0	0.0	0.0
	0.0	0.0	1.0	0.0
	0.0	1.0	0.0	0.0
	0.0	1.0	0.0	0.0

MEME version 4

ALPHABET= ACGT

MOTIF chr13:46527943-46527953

letter-probability matrix: alength= 4 w= 10
	0.0	1.0	0.0	0.0
	0.0	0.0	0.0	1.0
	0.0	0.25	0.75	0.0
	0.0	1.0	0.0	0.0
	0.5	0.5	0.0	0.0
	1.0	0.0	0.0	0.0
	0.0	0.75	0.25	0.0
	0.0	1.0	0.0	0.0
	0.0	0.0	0.0	1.0
	0.0	1.0	0.0	0.0

MEME version 4

ALPHABET= ACGT

MOTIF chr13:46593127-46593152

letter-probability matrix: alength= 4 w= 25
	0.0	0.0	1.0	0.0
	1.0	0.0	0.0	0.0
	0.0	0.0	1.0	0.0
	0.0	1.0	0.0	0.0
	0.0	1.0	0.0	0.0
	0.0	0.0	0.0	1.0
	0.0	0.0	1.0	0.0
	0.0	0.0	1.0	0.0
	0.0	1.0	0.0	0.0
	0.0	0.0	0.0	1.0
	0.0	0.0	1.0	0.0
	0.0	0.0	1.0	0.0
	0.0	1.0	0.0	0.0
	0.0	0.0	0.0	1.0
	1.0	0.0	0.0	0.0
	0.0	1.0	0.0	0.0
	0.0	1.0	0.0	0.0
	0.0	0.0	0.0	1.0
	0.0	0.0	1.0	0.0
	0.0	0.0	1.0	0.0
	0.0	0.0	1.0	0.0
	0.0	1.0	0.0	0.0
	0.0	0.0	1.0	0.0
	0.0	1.0	0.0	0.0
	0.0	1.0	0.0	0.0

MEME version 4

ALPHABET= ACGT

MOTIF chr8:74941971-74941981

letter-probability matrix: alength= 4 w= 10
	0.0	1.0	0.0	0.0
	0.0	0.0	0.0	1.0
	0.0	0.25	0.75	0.0
	0.0	1.0	0.0	0.0
	0.5	0.5	0.0	0.0
	1.0	0.0	0.0	0.0
	0.0	0.75	0.25	0.0
	0.0	1.0	0.0	0.0
	0.0	0.0	0.0	1.0
	0.0	1.0	0.0	0.0

MEME version 4

ALPHABET= ACGT

MOTIF chr8:74909383-74909408

letter-probability matrix: alength= 4 w= 25
	0.0	0.0	1.0	0.0
	1.0	0.0	0.0	0.0
	0.0	0.0	1.0	0.0
	0.0	1.0	0.0	0.0
	0.0	1.0	0.0	0.0
	0.0	0.0	0.0	1.0
	0.0	0.0	1.0	0.0
	0.0	0.0	1.0	0.0
	0.0	1.0	0.0	0.0
	0.0	0.0	0.0	1.0
	0.0	0.0	1.0	0.0
	0.0	0.0	1.0	0.0
	0.0	1.0	0.0	0.0
	0.0	0.0	0.0	1.0
	1.0	0.0	0.0	0.0
	0.0	1.0	0.0	0.0
	0.0	1.0	0.0	0.0
	0.0	0.0	0.0	1.0
	0.0	0.0	1.0	0.0
	0.0	0.0	1.0	0.0
	0.0	0.0	1.0	0.0
	0.0	1.0	0.0	0.0
	0.0	0.0	1.0	0.0
	0.0	1.0	0.0	0.0
	0.0	1.0	0.0	0.0

MEME version 4

ALPHABET= ACGT

MOTIF chr2:136483261-136483271

letter-probability matrix: alength= 4 w= 10
	0.0	1.0	0.0	0.0
	0.0	0.0	0.0	1.0
	0.0	0.25	0.75	0.0
	0.0	1.0	0.0	0.0
	0.5	0.5	0.0	0.0
	1.0	0.0	0.0	0.0
	0.0	0.75	0.25	0.0
	0.0	1.0	0.0	0.0
	0.0	0.0	0.0	1.0
	0.0	1.0	0.0	0.0

MEME version 4

ALPHABET= ACGT

MOTIF chr2:136303315-136303340

letter-probability matrix: alength= 4 w= 25
	0.0	0.0	1.0	0.0
	1.0	0.0	0.0	0.0
	0.0	0.0	1.0	0.0
	0.0	1.0	0.0	0.0
	0.0	1.0	0.0	0.0
	0.0	0.0	0.0	1.0
	0.0	0.0	1.0	0.0
	0.0	0.0	1.0	0.0
	0.0	1.0	0.0	0.0
	0.0	0.0	0.0	1.0
	0.0	0.0	1.0	0.0
	0.0	0.0	1.0	0.0
	0.0	1.0	0.0	0.0
	0.0	0.0	0.0	1.0
	1.0	0.0	0.0	0.0
	0.0	1.0	0.0	0.0
	0.0	1.0	0.0	0.0
	0.0	0.0	0.0	1.0
	0.0	0.0	1.0	0.0
	0.0	0.0	1.0	0.0
	0.0	0.0	1.0	0.0
	0.0	1.0	0.0	0.0
	0.0	0.0	1.0	0.0
	0.0	1.0	0.0	0.0
	0.0	1.0	0.0	0.0

MEME version 4

ALPHABET= ACGT

MOTIF chr6:4020610-4020620

letter-probability matrix: alength= 4 w= 10
	0.0	1.0	0.0	0.0
	0.0	0.0	0.0	1.0
	0.0	0.25	0.75	0.0
	0.0	1.0	0.0	0.0
	0.5	0.5	0.0	0.0
	1.0	0.0	0.0	0.0
	0.0	0.75	0.25	0.0
	0.0	1.0	0.0	0.0
	0.0	0.0	0.0	1.0
	0.0	1.0	0.0	0.0

MEME version 4

ALPHABET= ACGT

MOTIF chr6:4002465-4002490

letter-probability matrix: alength= 4 w= 25
	0.0	0.0	1.0	0.0
	1.0	0.0	0.0	0.0
	0.0	0.0	1.0	0.0
	0.0	1.0	0.0	0.0
	0.0	1.0	0.0	0.0
	0.0	0.0	0.0	1.0
	0.0	0.0	1.0	0.0
	0.0	0.0	1.0	0.0
	0.0	1.0	0.0	0.0
	0.0	0.0	0.0	1.0
	0.0	0.0	1.0	0.0
	0.0	0.0	1.0	0.0
	0.0	1.0	0.0	0.0
	0.0	0.0	0.0	1.0
	1.0	0.0	0.0	0.0
	0.0	1.0	0.0	0.0
	0.0	1.0	0.0	0.0
	0.0	0.0	0.0	1.0
	0.0	0.0	1.0	0.0
	0.0	0.0	1.0	0.0
	0.0	0.0	1.0	0.0
	0.0	1.0	0.0	0.0
	0.0	0.0	1.0	0.0
	0.0	1.0	0.0	0.0
	0.0	1.0	0.0	0.0

MEME version 4

ALPHABET= ACGT

MOTIF chr12:110436081-110436091

letter-probability matrix: alength= 4 w= 10
	0.0	1.0	0.0	0.0
	0.0	0.0	0.0	1.0
	0.0	0.25	0.75	0.0
	0.0	1.0	0.0	0.0
	0.5	0.5	0.0	0.0
	1.0	0.0	0.0	0.0
	0.0	0.75	0.25	0.0
	0.0	1.0	0.0	0.0
	0.0	0.0	0.0	1.0
	0.0	1.0	0.0	0.0

MEME version 4

ALPHABET= ACGT

MOTIF chr12:110417120-110417145

letter-probability matrix: alength= 4 w= 25
	0.0	0.0	1.0	0.0
	1.0	0.0	0.0	0.0
	0.0	0.0	1.0	0.0
	0.0	1.0	0.0	0.0
	0.0	1.0	0.0	0.0
	0.0	0.0	0.0	1.0
	0.0	0.0	1.0	0.0
	0.0	0.0	1.0	0.0
	0.0	1.0	0.0	0.0
	0.0	0.0	0.0	1.0
	0.0	0.0	1.0	0.0
	0.0	0.0	1.0	0.0
	0.0	1.0	0.0	0.0
	0.0	0.0	0.0	1.0
	1.0	0.0	0.0	0.0
	0.0	1.0	0.0	0.0
	0.0	1.0	0.0	0.0
	0.0	0.0	0.0	1.0
	0.0	0.0	1.0	0.0
	0.0	0.0	1.0	0.0
	0.0	0.0	1.0	0.0
	0.0	1.0	0.0	0.0
	0.0	0.0	1.0	0.0
	0.0	1.0	0.0	0.0
	0.0	1.0	0.0	0.0

MEME version 4

ALPHABET= ACGT

MOTIF chr7:2420747-2420757

letter-probability matrix: alength= 4 w= 10
	0.0	1.0	0.0	0.0
	0.0	0.0	0.0	1.0
	0.0	0.25	0.75	0.0
	0.0	1.0	0.0	0.0
	0.5	0.5	0.0	0.0
	1.0	0.0	0.0	0.0
	0.0	0.75	0.25	0.0
	0.0	1.0	0.0	0.0
	0.0	0.0	0.0	1.0
	0.0	1.0	0.0	0.0

MEME version 4

ALPHABET= ACGT

MOTIF chr7:2423738-2423763

letter-probability matrix: alength= 4 w= 25
	0.0	0.0	1.0	0.0
	1.0	0.0	0.0	0.0
	0.0	0.0	1.0	0.0
	0.0	1.0	0.0	0.0
	0.0	1.0	0.0	0.0
	0.0	0.0	0.0	1.0
	0.0	0.0	1.0	0.0
	0.0	0.0	1.0	0.0
	0.0	1.0	0.0	0.0
	0.0	0.0	0.0	1.0
	0.0	0.0	1.0	0.0
	0.0	0.0	1.0	0.0
	0.0	1.0	0.0	0.0
	0.0	0.0	0.0	1.0
	1.0	0.0	0.0	0.0
	0.0	1.0	0.0	0.0
	0.0	1.0	0.0	0.0
	0.0	0.0	0.0	1.0
	0.0	0.0	1.0	0.0
	0.0	0.0	1.0	0.0
	0.0	0.0	1.0	0.0
	0.0	1.0	0.0	0.0
	0.0	0.0	1.0	0.0
	0.0	1.0	0.0	0.0
	0.0	1.0	0.0	0.0

MEME version 4

ALPHABET= ACGT

MOTIF chr16:67261844-67261854

letter-probability matrix: alength= 4 w= 10
	0.0	1.0	0.0	0.0
	0.0	0.0	0.0	1.0
	0.0	0.25	0.75	0.0
	0.0	1.0	0.0	0.0
	0.5	0.5	0.0	0.0
	1.0	0.0	0.0	0.0
	0.0	0.75	0.25	0.0
	0.0	1.0	0.0	0.0
	0.0	0.0	0.0	1.0
	0.0	1.0	0.0	0.0

MEME version 4

ALPHABET= ACGT

MOTIF chr16:67254229-67254254

letter-probability matrix: alength= 4 w= 25
	0.0	0.0	1.0	0.0
	1.0	0.0	0.0	0.0
	0.0	0.0	1.0	0.0
	0.0	1.0	0.0	0.0
	0.0	1.0	0.0	0.0
	0.0	0.0	0.0	1.0
	0.0	0.0	1.0	0.0
	0.0	0.0	1.0	0.0
	0.0	1.0	0.0	0.0
	0.0	0.0	0.0	1.0
	0.0	0.0	1.0	0.0
	0.0	0.0	1.0	0.0
	0.0	1.0	0.0	0.0
	0.0	0.0	0.0	1.0
	1.0	0.0	0.0	0.0
	0.0	1.0	0.0	0.0
	0.0	1.0	0.0	0.0
	0.0	0.0	0.0	1.0
	0.0	0.0	1.0	0.0
	0.0	0.0	1.0	0.0
	0.0	0.0	1.0	0.0
	0.0	1.0	0.0	0.0
	0.0	0.0	1.0	0.0
	0.0	1.0	0.0	0.0
	0.0	1.0	0.0	0.0

MEME version 4

ALPHABET= ACGT

MOTIF chr3:42643303-42643313

letter-probability matrix: alength= 4 w= 10
	0.0	1.0	0.0	0.0
	0.0	0.0	0.0	1.0
	0.0	0.25	0.75	0.0
	0.0	1.0	0.0	0.0
	0.5	0.5	0.0	0.0
	1.0	0.0	0.0	0.0
	0.0	0.75	0.25	0.0
	0.0	1.0	0.0	0.0
	0.0	0.0	0.0	1.0
	0.0	1.0	0.0	0.0

MEME version 4

ALPHABET= ACGT

MOTIF chr3:42630706-42630731

letter-probability matrix: alength= 4 w= 25
	0.0	0.0	1.0	0.0
	1.0	0.0	0.0	0.0
	0.0	0.0	1.0	0.0
	0.0	1.0	0.0	0.0
	0.0	1.0	0.0	0.0
	0.0	0.0	0.0	1.0
	0.0	0.0	1.0	0.0
	0.0	0.0	1.0	0.0
	0.0	1.0	0.0	0.0
	0.0	0.0	0.0	1.0
	0.0	0.0	1.0	0.0
	0.0	0.0	1.0	0.0
	0.0	1.0	0.0	0.0
	0.0	0.0	0.0	1.0
	1.0	0.0	0.0	0.0
	0.0	1.0	0.0	0.0
	0.0	1.0	0.0	0.0
	0.0	0.0	0.0	1.0
	0.0	0.0	1.0	0.0
	0.0	0.0	1.0	0.0
	0.0	0.0	1.0	0.0
	0.0	1.0	0.0	0.0
	0.0	0.0	1.0	0.0
	0.0	1.0	0.0	0.0
	0.0	1.0	0.0	0.0

MEME version 4

ALPHABET= ACGT

MOTIF chr19:40886906-40886916

letter-probability matrix: alength= 4 w= 10
	0.0	1.0	0.0	0.0
	0.0	0.0	0.0	1.0
	0.0	0.25	0.75	0.0
	0.0	1.0	0.0	0.0
	0.5	0.5	0.0	0.0
	1.0	0.0	0.0	0.0
	0.0	0.75	0.25	0.0
	0.0	1.0	0.0	0.0
	0.0	0.0	0.0	1.0
	0.0	1.0	0.0	0.0

MEME version 4

ALPHABET= ACGT

MOTIF chr19:40879337-40879362

letter-probability matrix: alength= 4 w= 25
	0.0	0.0	1.0	0.0
	1.0	0.0	0.0	0.0
	0.0	0.0	1.0	0.0
	0.0	1.0	0.0	0.0
	0.0	1.0	0.0	0.0
	0.0	0.0	0.0	1.0
	0.0	0.0	1.0	0.0
	0.0	0.0	1.0	0.0
	0.0	1.0	0.0	0.0
	0.0	0.0	0.0	1.0
	0.0	0.0	1.0	0.0
	0.0	0.0	1.0	0.0
	0.0	1.0	0.0	0.0
	0.0	0.0	0.0	1.0
	1.0	0.0	0.0	0.0
	0.0	1.0	0.0	0.0
	0.0	1.0	0.0	0.0
	0.0	0.0	0.0	1.0
	0.0	0.0	1.0	0.0
	0.0	0.0	1.0	0.0
	0.0	0.0	1.0	0.0
	0.0	1.0	0.0	0.0
	0.0	0.0	1.0	0.0
	0.0	1.0	0.0	0.0
	0.0	1.0	0.0	0.0

MEME version 4

ALPHABET= ACGT

MOTIF chr11:63992237-63992247

letter-probability matrix: alength= 4 w= 10
	0.0	1.0	0.0	0.0
	0.0	0.0	0.0	1.0
	0.0	0.25	0.75	0.0
	0.0	1.0	0.0	0.0
	0.5	0.5	0.0	0.0
	1.0	0.0	0.0	0.0
	0.0	0.75	0.25	0.0
	0.0	1.0	0.0	0.0
	0.0	0.0	0.0	1.0
	0.0	1.0	0.0	0.0

MEME version 4

ALPHABET= ACGT

MOTIF chr11:63965968-63965993

letter-probability matrix: alength= 4 w= 25
	0.0	0.0	1.0	0.0
	1.0	0.0	0.0	0.0
	0.0	0.0	1.0	0.0
	0.0	1.0	0.0	0.0
	0.0	1.0	0.0	0.0
	0.0	0.0	0.0	1.0
	0.0	0.0	1.0	0.0
	0.0	0.0	1.0	0.0
	0.0	1.0	0.0	0.0
	0.0	0.0	0.0	1.0
	0.0	0.0	1.0	0.0
	0.0	0.0	1.0	0.0
	0.0	1.0	0.0	0.0
	0.0	0.0	0.0	1.0
	1.0	0.0	0.0	0.0
	0.0	1.0	0.0	0.0
	0.0	1.0	0.0	0.0
	0.0	0.0	0.0	1.0
	0.0	0.0	1.0	0.0
	0.0	0.0	1.0	0.0
	0.0	0.0	1.0	0.0
	0.0	1.0	0.0	0.0
	0.0	0.0	1.0	0.0
	0.0	1.0	0.0	0.0
	0.0	1.0	0.0	0.0

MEME version 4

ALPHABET= ACGT

MOTIF chr7:108210432-108210442

letter-probability matrix: alength= 4 w= 10
	0.0	1.0	0.0	0.0
	0.0	0.0	0.0	1.0
	0.0	0.25	0.75	0.0
	0.0	1.0	0.0	0.0
	0.5	0.5	0.0	0.0
	1.0	0.0	0.0	0.0
	0.0	0.75	0.25	0.0
	0.0	1.0	0.0	0.0
	0.0	0.0	0.0	1.0
	0.0	1.0	0.0	0.0

MEME version 4

ALPHABET= ACGT

MOTIF chr7:108191712-108191737

letter-probability matrix: alength= 4 w= 25
	0.0	0.0	1.0	0.0
	1.0	0.0	0.0	0.0
	0.0	0.0	1.0	0.0
	0.0	1.0	0.0	0.0
	0.0	1.0	0.0	0.0
	0.0	0.0	0.0	1.0
	0.0	0.0	1.0	0.0
	0.0	0.0	1.0	0.0
	0.0	1.0	0.0	0.0
	0.0	0.0	0.0	1.0
	0.0	0.0	1.0	0.0
	0.0	0.0	1.0	0.0
	0.0	1.0	0.0	0.0
	0.0	0.0	0.0	1.0
	1.0	0.0	0.0	0.0
	0.0	1.0	0.0	0.0
	0.0	1.0	0.0	0.0
	0.0	0.0	0.0	1.0
	0.0	0.0	1.0	0.0
	0.0	0.0	1.0	0.0
	0.0	0.0	1.0	0.0
	0.0	1.0	0.0	0.0
	0.0	0.0	1.0	0.0
	0.0	1.0	0.0	0.0
	0.0	1.0	0.0	0.0

MEME version 4

ALPHABET= ACGT

MOTIF chr10:115614843-115614853

letter-probability matrix: alength= 4 w= 10
	0.0	1.0	0.0	0.0
	0.0	0.0	0.0	1.0
	0.0	0.25	0.75	0.0
	0.0	1.0	0.0	0.0
	0.5	0.5	0.0	0.0
	1.0	0.0	0.0	0.0
	0.0	0.75	0.25	0.0
	0.0	1.0	0.0	0.0
	0.0	0.0	0.0	1.0
	0.0	1.0	0.0	0.0

MEME version 4

ALPHABET= ACGT

MOTIF chr10:115627787-115627812

letter-probability matrix: alength= 4 w= 25
	0.0	0.0	1.0	0.0
	1.0	0.0	0.0	0.0
	0.0	0.0	1.0	0.0
	0.0	1.0	0.0	0.0
	0.0	1.0	0.0	0.0
	0.0	0.0	0.0	1.0
	0.0	0.0	1.0	0.0
	0.0	0.0	1.0	0.0
	0.0	1.0	0.0	0.0
	0.0	0.0	0.0	1.0
	0.0	0.0	1.0	0.0
	0.0	0.0	1.0	0.0
	0.0	1.0	0.0	0.0
	0.0	0.0	0.0	1.0
	1.0	0.0	0.0	0.0
	0.0	1.0	0.0	0.0
	0.0	1.0	0.0	0.0
	0.0	0.0	0.0	1.0
	0.0	0.0	1.0	0.0
	0.0	0.0	1.0	0.0
	0.0	0.0	1.0	0.0
	0.0	1.0	0.0	0.0
	0.0	0.0	1.0	0.0
	0.0	1.0	0.0	0.0
	0.0	1.0	0.0	0.0

MEME version 4

ALPHABET= ACGT

MOTIF chr10:115613947-115613957

letter-probability matrix: alength= 4 w= 10
	0.0	1.0	0.0	0.0
	0.0	0.0	0.0	1.0
	0.0	0.25	0.75	0.0
	0.0	1.0	0.0	0.0
	0.5	0.5	0.0	0.0
	1.0	0.0	0.0	0.0
	0.0	0.75	0.25	0.0
	0.0	1.0	0.0	0.0
	0.0	0.0	0.0	1.0
	0.0	1.0	0.0	0.0

MEME version 4

ALPHABET= ACGT

MOTIF chr10:115627787-115627812

letter-probability matrix: alength= 4 w= 25
	0.0	0.0	1.0	0.0
	1.0	0.0	0.0	0.0
	0.0	0.0	1.0	0.0
	0.0	1.0	0.0	0.0
	0.0	1.0	0.0	0.0
	0.0	0.0	0.0	1.0
	0.0	0.0	1.0	0.0
	0.0	0.0	1.0	0.0
	0.0	1.0	0.0	0.0
	0.0	0.0	0.0	1.0
	0.0	0.0	1.0	0.0
	0.0	0.0	1.0	0.0
	0.0	1.0	0.0	0.0
	0.0	0.0	0.0	1.0
	1.0	0.0	0.0	0.0
	0.0	1.0	0.0	0.0
	0.0	1.0	0.0	0.0
	0.0	0.0	0.0	1.0
	0.0	0.0	1.0	0.0
	0.0	0.0	1.0	0.0
	0.0	0.0	1.0	0.0
	0.0	1.0	0.0	0.0
	0.0	0.0	1.0	0.0
	0.0	1.0	0.0	0.0
	0.0	1.0	0.0	0.0

MEME version 4

ALPHABET= ACGT

MOTIF chr19:33087056-33087066

letter-probability matrix: alength= 4 w= 10
	0.0	1.0	0.0	0.0
	0.0	0.0	0.0	1.0
	0.0	0.25	0.75	0.0
	0.0	1.0	0.0	0.0
	0.5	0.5	0.0	0.0
	1.0	0.0	0.0	0.0
	0.0	0.75	0.25	0.0
	0.0	1.0	0.0	0.0
	0.0	0.0	0.0	1.0
	0.0	1.0	0.0	0.0

MEME version 4

ALPHABET= ACGT

MOTIF chr19:33179499-33179524

letter-probability matrix: alength= 4 w= 25
	0.0	0.0	1.0	0.0
	1.0	0.0	0.0	0.0
	0.0	0.0	1.0	0.0
	0.0	1.0	0.0	0.0
	0.0	1.0	0.0	0.0
	0.0	0.0	0.0	1.0
	0.0	0.0	1.0	0.0
	0.0	0.0	1.0	0.0
	0.0	1.0	0.0	0.0
	0.0	0.0	0.0	1.0
	0.0	0.0	1.0	0.0
	0.0	0.0	1.0	0.0
	0.0	1.0	0.0	0.0
	0.0	0.0	0.0	1.0
	1.0	0.0	0.0	0.0
	0.0	1.0	0.0	0.0
	0.0	1.0	0.0	0.0
	0.0	0.0	0.0	1.0
	0.0	0.0	1.0	0.0
	0.0	0.0	1.0	0.0
	0.0	0.0	1.0	0.0
	0.0	1.0	0.0	0.0
	0.0	0.0	1.0	0.0
	0.0	1.0	0.0	0.0
	0.0	1.0	0.0	0.0

MEME version 4

ALPHABET= ACGT

MOTIF chr10:32346086-32346096

letter-probability matrix: alength= 4 w= 10
	0.0	1.0	0.0	0.0
	0.0	0.0	0.0	1.0
	0.0	0.25	0.75	0.0
	0.0	1.0	0.0	0.0
	0.5	0.5	0.0	0.0
	1.0	0.0	0.0	0.0
	0.0	0.75	0.25	0.0
	0.0	1.0	0.0	0.0
	0.0	0.0	0.0	1.0
	0.0	1.0	0.0	0.0

MEME version 4

ALPHABET= ACGT

MOTIF chr10:32355489-32355514

letter-probability matrix: alength= 4 w= 25
	0.0	0.0	1.0	0.0
	1.0	0.0	0.0	0.0
	0.0	0.0	1.0	0.0
	0.0	1.0	0.0	0.0
	0.0	1.0	0.0	0.0
	0.0	0.0	0.0	1.0
	0.0	0.0	1.0	0.0
	0.0	0.0	1.0	0.0
	0.0	1.0	0.0	0.0
	0.0	0.0	0.0	1.0
	0.0	0.0	1.0	0.0
	0.0	0.0	1.0	0.0
	0.0	1.0	0.0	0.0
	0.0	0.0	0.0	1.0
	1.0	0.0	0.0	0.0
	0.0	1.0	0.0	0.0
	0.0	1.0	0.0	0.0
	0.0	0.0	0.0	1.0
	0.0	0.0	1.0	0.0
	0.0	0.0	1.0	0.0
	0.0	0.0	1.0	0.0
	0.0	1.0	0.0	0.0
	0.0	0.0	1.0	0.0
	0.0	1.0	0.0	0.0
	0.0	1.0	0.0	0.0

MEME version 4

ALPHABET= ACGT

MOTIF chr17:79213691-79213701

letter-probability matrix: alength= 4 w= 10
	0.0	1.0	0.0	0.0
	0.0	0.0	0.0	1.0
	0.0	0.25	0.75	0.0
	0.0	1.0	0.0	0.0
	0.5	0.5	0.0	0.0
	1.0	0.0	0.0	0.0
	0.0	0.75	0.25	0.0
	0.0	1.0	0.0	0.0
	0.0	0.0	0.0	1.0
	0.0	1.0	0.0	0.0

MEME version 4

ALPHABET= ACGT

MOTIF chr17:79184315-79184340

letter-probability matrix: alength= 4 w= 25
	0.0	0.0	1.0	0.0
	1.0	0.0	0.0	0.0
	0.0	0.0	1.0	0.0
	0.0	1.0	0.0	0.0
	0.0	1.0	0.0	0.0
	0.0	0.0	0.0	1.0
	0.0	0.0	1.0	0.0
	0.0	0.0	1.0	0.0
	0.0	1.0	0.0	0.0
	0.0	0.0	0.0	1.0
	0.0	0.0	1.0	0.0
	0.0	0.0	1.0	0.0
	0.0	1.0	0.0	0.0
	0.0	0.0	0.0	1.0
	1.0	0.0	0.0	0.0
	0.0	1.0	0.0	0.0
	0.0	1.0	0.0	0.0
	0.0	0.0	0.0	1.0
	0.0	0.0	1.0	0.0
	0.0	0.0	1.0	0.0
	0.0	0.0	1.0	0.0
	0.0	1.0	0.0	0.0
	0.0	0.0	1.0	0.0
	0.0	1.0	0.0	0.0
	0.0	1.0	0.0	0.0

MEME version 4

ALPHABET= ACGT

MOTIF chr15:75872046-75872056

letter-probability matrix: alength= 4 w= 10
	0.0	1.0	0.0	0.0
	0.0	0.0	0.0	1.0
	0.0	0.25	0.75	0.0
	0.0	1.0	0.0	0.0
	0.5	0.5	0.0	0.0
	1.0	0.0	0.0	0.0
	0.0	0.75	0.25	0.0
	0.0	1.0	0.0	0.0
	0.0	0.0	0.0	1.0
	0.0	1.0	0.0	0.0

MEME version 4

ALPHABET= ACGT

MOTIF chr15:75843070-75843095

letter-probability matrix: alength= 4 w= 25
	0.0	0.0	1.0	0.0
	1.0	0.0	0.0	0.0
	0.0	0.0	1.0	0.0
	0.0	1.0	0.0	0.0
	0.0	1.0	0.0	0.0
	0.0	0.0	0.0	1.0
	0.0	0.0	1.0	0.0
	0.0	0.0	1.0	0.0
	0.0	1.0	0.0	0.0
	0.0	0.0	0.0	1.0
	0.0	0.0	1.0	0.0
	0.0	0.0	1.0	0.0
	0.0	1.0	0.0	0.0
	0.0	0.0	0.0	1.0
	1.0	0.0	0.0	0.0
	0.0	1.0	0.0	0.0
	0.0	1.0	0.0	0.0
	0.0	0.0	0.0	1.0
	0.0	0.0	1.0	0.0
	0.0	0.0	1.0	0.0
	0.0	0.0	1.0	0.0
	0.0	1.0	0.0	0.0
	0.0	0.0	1.0	0.0
	0.0	1.0	0.0	0.0
	0.0	1.0	0.0	0.0

MEME version 4

ALPHABET= ACGT

MOTIF chr13:46627860-46627870

letter-probability matrix: alength= 4 w= 10
	0.0	1.0	0.0	0.0
	0.0	0.0	0.0	1.0
	0.0	0.25	0.75	0.0
	0.0	1.0	0.0	0.0
	0.5	0.5	0.0	0.0
	1.0	0.0	0.0	0.0
	0.0	0.75	0.25	0.0
	0.0	1.0	0.0	0.0
	0.0	0.0	0.0	1.0
	0.0	1.0	0.0	0.0

MEME version 4

ALPHABET= ACGT

MOTIF chr13:46593127-46593152

letter-probability matrix: alength= 4 w= 25
	0.0	0.0	1.0	0.0
	1.0	0.0	0.0	0.0
	0.0	0.0	1.0	0.0
	0.0	1.0	0.0	0.0
	0.0	1.0	0.0	0.0
	0.0	0.0	0.0	1.0
	0.0	0.0	1.0	0.0
	0.0	0.0	1.0	0.0
	0.0	1.0	0.0	0.0
	0.0	0.0	0.0	1.0
	0.0	0.0	1.0	0.0
	0.0	0.0	1.0	0.0
	0.0	1.0	0.0	0.0
	0.0	0.0	0.0	1.0
	1.0	0.0	0.0	0.0
	0.0	1.0	0.0	0.0
	0.0	1.0	0.0	0.0
	0.0	0.0	0.0	1.0
	0.0	0.0	1.0	0.0
	0.0	0.0	1.0	0.0
	0.0	0.0	1.0	0.0
	0.0	1.0	0.0	0.0
	0.0	0.0	1.0	0.0
	0.0	1.0	0.0	0.0
	0.0	1.0	0.0	0.0

MEME version 4

ALPHABET= ACGT

MOTIF chr19:39882157-39882167

letter-probability matrix: alength= 4 w= 10
	0.0	1.0	0.0	0.0
	0.0	0.0	0.0	1.0
	0.0	0.25	0.75	0.0
	0.0	1.0	0.0	0.0
	0.5	0.5	0.0	0.0
	1.0	0.0	0.0	0.0
	0.0	0.75	0.25	0.0
	0.0	1.0	0.0	0.0
	0.0	0.0	0.0	1.0
	0.0	1.0	0.0	0.0

MEME version 4

ALPHABET= ACGT

MOTIF chr19:39875389-39875414

letter-probability matrix: alength= 4 w= 25
	0.0	0.0	1.0	0.0
	1.0	0.0	0.0	0.0
	0.0	0.0	1.0	0.0
	0.0	1.0	0.0	0.0
	0.0	1.0	0.0	0.0
	0.0	0.0	0.0	1.0
	0.0	0.0	1.0	0.0
	0.0	0.0	1.0	0.0
	0.0	1.0	0.0	0.0
	0.0	0.0	0.0	1.0
	0.0	0.0	1.0	0.0
	0.0	0.0	1.0	0.0
	0.0	1.0	0.0	0.0
	0.0	0.0	0.0	1.0
	1.0	0.0	0.0	0.0
	0.0	1.0	0.0	0.0
	0.0	1.0	0.0	0.0
	0.0	0.0	0.0	1.0
	0.0	0.0	1.0	0.0
	0.0	0.0	1.0	0.0
	0.0	0.0	1.0	0.0
	0.0	1.0	0.0	0.0
	0.0	0.0	1.0	0.0
	0.0	1.0	0.0	0.0
	0.0	1.0	0.0	0.0

MEME version 4

ALPHABET= ACGT

MOTIF chr15:64747855-64747865

letter-probability matrix: alength= 4 w= 10
	0.0	1.0	0.0	0.0
	0.0	0.0	0.0	1.0
	0.0	0.25	0.75	0.0
	0.0	1.0	0.0	0.0
	0.5	0.5	0.0	0.0
	1.0	0.0	0.0	0.0
	0.0	0.75	0.25	0.0
	0.0	1.0	0.0	0.0
	0.0	0.0	0.0	1.0
	0.0	1.0	0.0	0.0

MEME version 4

ALPHABET= ACGT

MOTIF chr15:64697506-64697531

letter-probability matrix: alength= 4 w= 25
	0.0	0.0	1.0	0.0
	1.0	0.0	0.0	0.0
	0.0	0.0	1.0	0.0
	0.0	1.0	0.0	0.0
	0.0	1.0	0.0	0.0
	0.0	0.0	0.0	1.0
	0.0	0.0	1.0	0.0
	0.0	0.0	1.0	0.0
	0.0	1.0	0.0	0.0
	0.0	0.0	0.0	1.0
	0.0	0.0	1.0	0.0
	0.0	0.0	1.0	0.0
	0.0	1.0	0.0	0.0
	0.0	0.0	0.0	1.0
	1.0	0.0	0.0	0.0
	0.0	1.0	0.0	0.0
	0.0	1.0	0.0	0.0
	0.0	0.0	0.0	1.0
	0.0	0.0	1.0	0.0
	0.0	0.0	1.0	0.0
	0.0	0.0	1.0	0.0
	0.0	1.0	0.0	0.0
	0.0	0.0	1.0	0.0
	0.0	1.0	0.0	0.0
	0.0	1.0	0.0	0.0

MEME version 4

ALPHABET= ACGT

MOTIF chr14:24708579-24708589

letter-probability matrix: alength= 4 w= 10
	0.0	1.0	0.0	0.0
	0.0	0.0	0.0	1.0
	0.0	0.25	0.75	0.0
	0.0	1.0	0.0	0.0
	0.5	0.5	0.0	0.0
	1.0	0.0	0.0	0.0
	0.0	0.75	0.25	0.0
	0.0	1.0	0.0	0.0
	0.0	0.0	0.0	1.0
	0.0	1.0	0.0	0.0

MEME version 4

ALPHABET= ACGT

MOTIF chr14:24684331-24684356

letter-probability matrix: alength= 4 w= 25
	0.0	0.0	1.0	0.0
	1.0	0.0	0.0	0.0
	0.0	0.0	1.0	0.0
	0.0	1.0	0.0	0.0
	0.0	1.0	0.0	0.0
	0.0	0.0	0.0	1.0
	0.0	0.0	1.0	0.0
	0.0	0.0	1.0	0.0
	0.0	1.0	0.0	0.0
	0.0	0.0	0.0	1.0
	0.0	0.0	1.0	0.0
	0.0	0.0	1.0	0.0
	0.0	1.0	0.0	0.0
	0.0	0.0	0.0	1.0
	1.0	0.0	0.0	0.0
	0.0	1.0	0.0	0.0
	0.0	1.0	0.0	0.0
	0.0	0.0	0.0	1.0
	0.0	0.0	1.0	0.0
	0.0	0.0	1.0	0.0
	0.0	0.0	1.0	0.0
	0.0	1.0	0.0	0.0
	0.0	0.0	1.0	0.0
	0.0	1.0	0.0	0.0
	0.0	1.0	0.0	0.0

MEME version 4

ALPHABET= ACGT

MOTIF chr1:173639378-173639388

letter-probability matrix: alength= 4 w= 10
	0.0	1.0	0.0	0.0
	0.0	0.0	0.0	1.0
	0.0	0.25	0.75	0.0
	0.0	1.0	0.0	0.0
	0.5	0.5	0.0	0.0
	1.0	0.0	0.0	0.0
	0.0	0.75	0.25	0.0
	0.0	1.0	0.0	0.0
	0.0	0.0	0.0	1.0
	0.0	1.0	0.0	0.0

MEME version 4

ALPHABET= ACGT

MOTIF chr1:173633567-173633592

letter-probability matrix: alength= 4 w= 25
	0.0	0.0	1.0	0.0
	1.0	0.0	0.0	0.0
	0.0	0.0	1.0	0.0
	0.0	1.0	0.0	0.0
	0.0	1.0	0.0	0.0
	0.0	0.0	0.0	1.0
	0.0	0.0	1.0	0.0
	0.0	0.0	1.0	0.0
	0.0	1.0	0.0	0.0
	0.0	0.0	0.0	1.0
	0.0	0.0	1.0	0.0
	0.0	0.0	1.0	0.0
	0.0	1.0	0.0	0.0
	0.0	0.0	0.0	1.0
	1.0	0.0	0.0	0.0
	0.0	1.0	0.0	0.0
	0.0	1.0	0.0	0.0
	0.0	0.0	0.0	1.0
	0.0	0.0	1.0	0.0
	0.0	0.0	1.0	0.0
	0.0	0.0	1.0	0.0
	0.0	1.0	0.0	0.0
	0.0	0.0	1.0	0.0
	0.0	1.0	0.0	0.0
	0.0	1.0	0.0	0.0

MEME version 4

ALPHABET= ACGT

MOTIF chr19:41870889-41870899

letter-probability matrix: alength= 4 w= 10
	0.0	1.0	0.0	0.0
	0.0	0.0	0.0	1.0
	0.0	0.25	0.75	0.0
	0.0	1.0	0.0	0.0
	0.5	0.5	0.0	0.0
	1.0	0.0	0.0	0.0
	0.0	0.75	0.25	0.0
	0.0	1.0	0.0	0.0
	0.0	0.0	0.0	1.0
	0.0	1.0	0.0	0.0

MEME version 4

ALPHABET= ACGT

MOTIF chr19:41901089-41901114

letter-probability matrix: alength= 4 w= 25
	0.0	0.0	1.0	0.0
	1.0	0.0	0.0	0.0
	0.0	0.0	1.0	0.0
	0.0	1.0	0.0	0.0
	0.0	1.0	0.0	0.0
	0.0	0.0	0.0	1.0
	0.0	0.0	1.0	0.0
	0.0	0.0	1.0	0.0
	0.0	1.0	0.0	0.0
	0.0	0.0	0.0	1.0
	0.0	0.0	1.0	0.0
	0.0	0.0	1.0	0.0
	0.0	1.0	0.0	0.0
	0.0	0.0	0.0	1.0
	1.0	0.0	0.0	0.0
	0.0	1.0	0.0	0.0
	0.0	1.0	0.0	0.0
	0.0	0.0	0.0	1.0
	0.0	0.0	1.0	0.0
	0.0	0.0	1.0	0.0
	0.0	0.0	1.0	0.0
	0.0	1.0	0.0	0.0
	0.0	0.0	1.0	0.0
	0.0	1.0	0.0	0.0
	0.0	1.0	0.0	0.0

MEME version 4

ALPHABET= ACGT

MOTIF chr6:112424926-112424936

letter-probability matrix: alength= 4 w= 10
	0.0	1.0	0.0	0.0
	0.0	0.0	0.0	1.0
	0.0	0.25	0.75	0.0
	0.0	1.0	0.0	0.0
	0.5	0.5	0.0	0.0
	1.0	0.0	0.0	0.0
	0.0	0.75	0.25	0.0
	0.0	1.0	0.0	0.0
	0.0	0.0	0.0	1.0
	0.0	1.0	0.0	0.0

MEME version 4

ALPHABET= ACGT

MOTIF chr6:112439250-112439275

letter-probability matrix: alength= 4 w= 25
	0.0	0.0	1.0	0.0
	1.0	0.0	0.0	0.0
	0.0	0.0	1.0	0.0
	0.0	1.0	0.0	0.0
	0.0	1.0	0.0	0.0
	0.0	0.0	0.0	1.0
	0.0	0.0	1.0	0.0
	0.0	0.0	1.0	0.0
	0.0	1.0	0.0	0.0
	0.0	0.0	0.0	1.0
	0.0	0.0	1.0	0.0
	0.0	0.0	1.0	0.0
	0.0	1.0	0.0	0.0
	0.0	0.0	0.0	1.0
	1.0	0.0	0.0	0.0
	0.0	1.0	0.0	0.0
	0.0	1.0	0.0	0.0
	0.0	0.0	0.0	1.0
	0.0	0.0	1.0	0.0
	0.0	0.0	1.0	0.0
	0.0	0.0	1.0	0.0
	0.0	1.0	0.0	0.0
	0.0	0.0	1.0	0.0
	0.0	1.0	0.0	0.0
	0.0	1.0	0.0	0.0

MEME version 4

ALPHABET= ACGT

MOTIF chr8:105342025-105342035

letter-probability matrix: alength= 4 w= 10
	0.0	1.0	0.0	0.0
	0.0	0.0	0.0	1.0
	0.0	0.25	0.75	0.0
	0.0	1.0	0.0	0.0
	0.5	0.5	0.0	0.0
	1.0	0.0	0.0	0.0
	0.0	0.75	0.25	0.0
	0.0	1.0	0.0	0.0
	0.0	0.0	0.0	1.0
	0.0	1.0	0.0	0.0

MEME version 4

ALPHABET= ACGT

MOTIF chr8:105458218-105458243

letter-probability matrix: alength= 4 w= 25
	0.0	0.0	1.0	0.0
	1.0	0.0	0.0	0.0
	0.0	0.0	1.0	0.0
	0.0	1.0	0.0	0.0
	0.0	1.0	0.0	0.0
	0.0	0.0	0.0	1.0
	0.0	0.0	1.0	0.0
	0.0	0.0	1.0	0.0
	0.0	1.0	0.0	0.0
	0.0	0.0	0.0	1.0
	0.0	0.0	1.0	0.0
	0.0	0.0	1.0	0.0
	0.0	1.0	0.0	0.0
	0.0	0.0	0.0	1.0
	1.0	0.0	0.0	0.0
	0.0	1.0	0.0	0.0
	0.0	1.0	0.0	0.0
	0.0	0.0	0.0	1.0
	0.0	0.0	1.0	0.0
	0.0	0.0	1.0	0.0
	0.0	0.0	1.0	0.0
	0.0	1.0	0.0	0.0
	0.0	0.0	1.0	0.0
	0.0	1.0	0.0	0.0
	0.0	1.0	0.0	0.0

MEME version 4

ALPHABET= ACGT

MOTIF chr16:18813688-18813698

letter-probability matrix: alength= 4 w= 10
	0.0	1.0	0.0	0.0
	0.0	0.0	0.0	1.0
	0.0	0.25	0.75	0.0
	0.0	1.0	0.0	0.0
	0.5	0.5	0.0	0.0
	1.0	0.0	0.0	0.0
	0.0	0.75	0.25	0.0
	0.0	1.0	0.0	0.0
	0.0	0.0	0.0	1.0
	0.0	1.0	0.0	0.0

MEME version 4

ALPHABET= ACGT

MOTIF chr16:18827325-18827350

letter-probability matrix: alength= 4 w= 25
	0.0	0.0	1.0	0.0
	1.0	0.0	0.0	0.0
	0.0	0.0	1.0	0.0
	0.0	1.0	0.0	0.0
	0.0	1.0	0.0	0.0
	0.0	0.0	0.0	1.0
	0.0	0.0	1.0	0.0
	0.0	0.0	1.0	0.0
	0.0	1.0	0.0	0.0
	0.0	0.0	0.0	1.0
	0.0	0.0	1.0	0.0
	0.0	0.0	1.0	0.0
	0.0	1.0	0.0	0.0
	0.0	0.0	0.0	1.0
	1.0	0.0	0.0	0.0
	0.0	1.0	0.0	0.0
	0.0	1.0	0.0	0.0
	0.0	0.0	0.0	1.0
	0.0	0.0	1.0	0.0
	0.0	0.0	1.0	0.0
	0.0	0.0	1.0	0.0
	0.0	1.0	0.0	0.0
	0.0	0.0	1.0	0.0
	0.0	1.0	0.0	0.0
	0.0	1.0	0.0	0.0

MEME version 4

ALPHABET= ACGT

MOTIF chr14:24617156-24617166

letter-probability matrix: alength= 4 w= 10
	0.0	1.0	0.0	0.0
	0.0	0.0	0.0	1.0
	0.0	0.25	0.75	0.0
	0.0	1.0	0.0	0.0
	0.5	0.5	0.0	0.0
	1.0	0.0	0.0	0.0
	0.0	0.75	0.25	0.0
	0.0	1.0	0.0	0.0
	0.0	0.0	0.0	1.0
	0.0	1.0	0.0	0.0

MEME version 4

ALPHABET= ACGT

MOTIF chr14:24630529-24630554

letter-probability matrix: alength= 4 w= 25
	0.0	0.0	1.0	0.0
	1.0	0.0	0.0	0.0
	0.0	0.0	1.0	0.0
	0.0	1.0	0.0	0.0
	0.0	1.0	0.0	0.0
	0.0	0.0	0.0	1.0
	0.0	0.0	1.0	0.0
	0.0	0.0	1.0	0.0
	0.0	1.0	0.0	0.0
	0.0	0.0	0.0	1.0
	0.0	0.0	1.0	0.0
	0.0	0.0	1.0	0.0
	0.0	1.0	0.0	0.0
	0.0	0.0	0.0	1.0
	1.0	0.0	0.0	0.0
	0.0	1.0	0.0	0.0
	0.0	1.0	0.0	0.0
	0.0	0.0	0.0	1.0
	0.0	0.0	1.0	0.0
	0.0	0.0	1.0	0.0
	0.0	0.0	1.0	0.0
	0.0	1.0	0.0	0.0
	0.0	0.0	1.0	0.0
	0.0	1.0	0.0	0.0
	0.0	1.0	0.0	0.0

MEME version 4

ALPHABET= ACGT

MOTIF chr20:43124307-43124317

letter-probability matrix: alength= 4 w= 10
	0.0	1.0	0.0	0.0
	0.0	0.0	0.0	1.0
	0.0	0.25	0.75	0.0
	0.0	1.0	0.0	0.0
	0.5	0.5	0.0	0.0
	1.0	0.0	0.0	0.0
	0.0	0.75	0.25	0.0
	0.0	1.0	0.0	0.0
	0.0	0.0	0.0	1.0
	0.0	1.0	0.0	0.0

MEME version 4

ALPHABET= ACGT

MOTIF chr20:43165261-43165286

letter-probability matrix: alength= 4 w= 25
	0.0	0.0	1.0	0.0
	1.0	0.0	0.0	0.0
	0.0	0.0	1.0	0.0
	0.0	1.0	0.0	0.0
	0.0	1.0	0.0	0.0
	0.0	0.0	0.0	1.0
	0.0	0.0	1.0	0.0
	0.0	0.0	1.0	0.0
	0.0	1.0	0.0	0.0
	0.0	0.0	0.0	1.0
	0.0	0.0	1.0	0.0
	0.0	0.0	1.0	0.0
	0.0	1.0	0.0	0.0
	0.0	0.0	0.0	1.0
	1.0	0.0	0.0	0.0
	0.0	1.0	0.0	0.0
	0.0	1.0	0.0	0.0
	0.0	0.0	0.0	1.0
	0.0	0.0	1.0	0.0
	0.0	0.0	1.0	0.0
	0.0	0.0	1.0	0.0
	0.0	1.0	0.0	0.0
	0.0	0.0	1.0	0.0
	0.0	1.0	0.0	0.0
	0.0	1.0	0.0	0.0

MEME version 4

ALPHABET= ACGT

MOTIF chr10:115677093-115677103

letter-probability matrix: alength= 4 w= 10
	0.0	1.0	0.0	0.0
	0.0	0.0	0.0	1.0
	0.0	0.25	0.75	0.0
	0.0	1.0	0.0	0.0
	0.5	0.5	0.0	0.0
	1.0	0.0	0.0	0.0
	0.0	0.75	0.25	0.0
	0.0	1.0	0.0	0.0
	0.0	0.0	0.0	1.0
	0.0	1.0	0.0	0.0

MEME version 4

ALPHABET= ACGT

MOTIF chr10:115627787-115627812

letter-probability matrix: alength= 4 w= 25
	0.0	0.0	1.0	0.0
	1.0	0.0	0.0	0.0
	0.0	0.0	1.0	0.0
	0.0	1.0	0.0	0.0
	0.0	1.0	0.0	0.0
	0.0	0.0	0.0	1.0
	0.0	0.0	1.0	0.0
	0.0	0.0	1.0	0.0
	0.0	1.0	0.0	0.0
	0.0	0.0	0.0	1.0
	0.0	0.0	1.0	0.0
	0.0	0.0	1.0	0.0
	0.0	1.0	0.0	0.0
	0.0	0.0	0.0	1.0
	1.0	0.0	0.0	0.0
	0.0	1.0	0.0	0.0
	0.0	1.0	0.0	0.0
	0.0	0.0	0.0	1.0
	0.0	0.0	1.0	0.0
	0.0	0.0	1.0	0.0
	0.0	0.0	1.0	0.0
	0.0	1.0	0.0	0.0
	0.0	0.0	1.0	0.0
	0.0	1.0	0.0	0.0
	0.0	1.0	0.0	0.0

MEME version 4

ALPHABET= ACGT

MOTIF chr5:148749710-148749720

letter-probability matrix: alength= 4 w= 10
	0.0	1.0	0.0	0.0
	0.0	0.0	0.0	1.0
	0.0	0.25	0.75	0.0
	0.0	1.0	0.0	0.0
	0.5	0.5	0.0	0.0
	1.0	0.0	0.0	0.0
	0.0	0.75	0.25	0.0
	0.0	1.0	0.0	0.0
	0.0	0.0	0.0	1.0
	0.0	1.0	0.0	0.0

MEME version 4

ALPHABET= ACGT

MOTIF chr5:148724247-148724272

letter-probability matrix: alength= 4 w= 25
	0.0	0.0	1.0	0.0
	1.0	0.0	0.0	0.0
	0.0	0.0	1.0	0.0
	0.0	1.0	0.0	0.0
	0.0	1.0	0.0	0.0
	0.0	0.0	0.0	1.0
	0.0	0.0	1.0	0.0
	0.0	0.0	1.0	0.0
	0.0	1.0	0.0	0.0
	0.0	0.0	0.0	1.0
	0.0	0.0	1.0	0.0
	0.0	0.0	1.0	0.0
	0.0	1.0	0.0	0.0
	0.0	0.0	0.0	1.0
	1.0	0.0	0.0	0.0
	0.0	1.0	0.0	0.0
	0.0	1.0	0.0	0.0
	0.0	0.0	0.0	1.0
	0.0	0.0	1.0	0.0
	0.0	0.0	1.0	0.0
	0.0	0.0	1.0	0.0
	0.0	1.0	0.0	0.0
	0.0	0.0	1.0	0.0
	0.0	1.0	0.0	0.0
	0.0	1.0	0.0	0.0

MEME version 4

ALPHABET= ACGT

MOTIF chr13:31710226-31710236

letter-probability matrix: alength= 4 w= 10
	0.0	1.0	0.0	0.0
	0.0	0.0	0.0	1.0
	0.0	0.25	0.75	0.0
	0.0	1.0	0.0	0.0
	0.5	0.5	0.0	0.0
	1.0	0.0	0.0	0.0
	0.0	0.75	0.25	0.0
	0.0	1.0	0.0	0.0
	0.0	0.0	0.0	1.0
	0.0	1.0	0.0	0.0

MEME version 4

ALPHABET= ACGT

MOTIF chr13:31754126-31754151

letter-probability matrix: alength= 4 w= 25
	0.0	0.0	1.0	0.0
	1.0	0.0	0.0	0.0
	0.0	0.0	1.0	0.0
	0.0	1.0	0.0	0.0
	0.0	1.0	0.0	0.0
	0.0	0.0	0.0	1.0
	0.0	0.0	1.0	0.0
	0.0	0.0	1.0	0.0
	0.0	1.0	0.0	0.0
	0.0	0.0	0.0	1.0
	0.0	0.0	1.0	0.0
	0.0	0.0	1.0	0.0
	0.0	1.0	0.0	0.0
	0.0	0.0	0.0	1.0
	1.0	0.0	0.0	0.0
	0.0	1.0	0.0	0.0
	0.0	1.0	0.0	0.0
	0.0	0.0	0.0	1.0
	0.0	0.0	1.0	0.0
	0.0	0.0	1.0	0.0
	0.0	0.0	1.0	0.0
	0.0	1.0	0.0	0.0
	0.0	0.0	1.0	0.0
	0.0	1.0	0.0	0.0
	0.0	1.0	0.0	0.0

MEME version 4

ALPHABET= ACGT

MOTIF chr1:247613367-247613377

letter-probability matrix: alength= 4 w= 10
	0.0	1.0	0.0	0.0
	0.0	0.0	0.0	1.0
	0.0	0.25	0.75	0.0
	0.0	1.0	0.0	0.0
	0.5	0.5	0.0	0.0
	1.0	0.0	0.0	0.0
	0.0	0.75	0.25	0.0
	0.0	1.0	0.0	0.0
	0.0	0.0	0.0	1.0
	0.0	1.0	0.0	0.0

MEME version 4

ALPHABET= ACGT

MOTIF chr1:247633090-247633115

letter-probability matrix: alength= 4 w= 25
	0.0	0.0	1.0	0.0
	1.0	0.0	0.0	0.0
	0.0	0.0	1.0	0.0
	0.0	1.0	0.0	0.0
	0.0	1.0	0.0	0.0
	0.0	0.0	0.0	1.0
	0.0	0.0	1.0	0.0
	0.0	0.0	1.0	0.0
	0.0	1.0	0.0	0.0
	0.0	0.0	0.0	1.0
	0.0	0.0	1.0	0.0
	0.0	0.0	1.0	0.0
	0.0	1.0	0.0	0.0
	0.0	0.0	0.0	1.0
	1.0	0.0	0.0	0.0
	0.0	1.0	0.0	0.0
	0.0	1.0	0.0	0.0
	0.0	0.0	0.0	1.0
	0.0	0.0	1.0	0.0
	0.0	0.0	1.0	0.0
	0.0	0.0	1.0	0.0
	0.0	1.0	0.0	0.0
	0.0	0.0	1.0	0.0
	0.0	1.0	0.0	0.0
	0.0	1.0	0.0	0.0

MEME version 4

ALPHABET= ACGT

MOTIF chr18:21535904-21535914

letter-probability matrix: alength= 4 w= 10
	0.0	1.0	0.0	0.0
	0.0	0.0	0.0	1.0
	0.0	0.25	0.75	0.0
	0.0	1.0	0.0	0.0
	0.5	0.5	0.0	0.0
	1.0	0.0	0.0	0.0
	0.0	0.75	0.25	0.0
	0.0	1.0	0.0	0.0
	0.0	0.0	0.0	1.0
	0.0	1.0	0.0	0.0

MEME version 4

ALPHABET= ACGT

MOTIF chr18:21279116-21279141

letter-probability matrix: alength= 4 w= 25
	0.0	0.0	1.0	0.0
	1.0	0.0	0.0	0.0
	0.0	0.0	1.0	0.0
	0.0	1.0	0.0	0.0
	0.0	1.0	0.0	0.0
	0.0	0.0	0.0	1.0
	0.0	0.0	1.0	0.0
	0.0	0.0	1.0	0.0
	0.0	1.0	0.0	0.0
	0.0	0.0	0.0	1.0
	0.0	0.0	1.0	0.0
	0.0	0.0	1.0	0.0
	0.0	1.0	0.0	0.0
	0.0	0.0	0.0	1.0
	1.0	0.0	0.0	0.0
	0.0	1.0	0.0	0.0
	0.0	1.0	0.0	0.0
	0.0	0.0	0.0	1.0
	0.0	0.0	1.0	0.0
	0.0	0.0	1.0	0.0
	0.0	0.0	1.0	0.0
	0.0	1.0	0.0	0.0
	0.0	0.0	1.0	0.0
	0.0	1.0	0.0	0.0
	0.0	1.0	0.0	0.0

MEME version 4

ALPHABET= ACGT

MOTIF chr12:122359770-122359780

letter-probability matrix: alength= 4 w= 10
	0.0	1.0	0.0	0.0
	0.0	0.0	0.0	1.0
	0.0	0.25	0.75	0.0
	0.0	1.0	0.0	0.0
	0.5	0.5	0.0	0.0
	1.0	0.0	0.0	0.0
	0.0	0.75	0.25	0.0
	0.0	1.0	0.0	0.0
	0.0	0.0	0.0	1.0
	0.0	1.0	0.0	0.0

MEME version 4

ALPHABET= ACGT

MOTIF chr12:122319281-122319306

letter-probability matrix: alength= 4 w= 25
	0.0	0.0	1.0	0.0
	1.0	0.0	0.0	0.0
	0.0	0.0	1.0	0.0
	0.0	1.0	0.0	0.0
	0.0	1.0	0.0	0.0
	0.0	0.0	0.0	1.0
	0.0	0.0	1.0	0.0
	0.0	0.0	1.0	0.0
	0.0	1.0	0.0	0.0
	0.0	0.0	0.0	1.0
	0.0	0.0	1.0	0.0
	0.0	0.0	1.0	0.0
	0.0	1.0	0.0	0.0
	0.0	0.0	0.0	1.0
	1.0	0.0	0.0	0.0
	0.0	1.0	0.0	0.0
	0.0	1.0	0.0	0.0
	0.0	0.0	0.0	1.0
	0.0	0.0	1.0	0.0
	0.0	0.0	1.0	0.0
	0.0	0.0	1.0	0.0
	0.0	1.0	0.0	0.0
	0.0	0.0	1.0	0.0
	0.0	1.0	0.0	0.0
	0.0	1.0	0.0	0.0

MEME version 4

ALPHABET= ACGT

MOTIF chr1:38158642-38158652

letter-probability matrix: alength= 4 w= 10
	0.0	1.0	0.0	0.0
	0.0	0.0	0.0	1.0
	0.0	0.25	0.75	0.0
	0.0	1.0	0.0	0.0
	0.5	0.5	0.0	0.0
	1.0	0.0	0.0	0.0
	0.0	0.75	0.25	0.0
	0.0	1.0	0.0	0.0
	0.0	0.0	0.0	1.0
	0.0	1.0	0.0	0.0

MEME version 4

ALPHABET= ACGT

MOTIF chr1:38147992-38148017

letter-probability matrix: alength= 4 w= 25
	0.0	0.0	1.0	0.0
	1.0	0.0	0.0	0.0
	0.0	0.0	1.0	0.0
	0.0	1.0	0.0	0.0
	0.0	1.0	0.0	0.0
	0.0	0.0	0.0	1.0
	0.0	0.0	1.0	0.0
	0.0	0.0	1.0	0.0
	0.0	1.0	0.0	0.0
	0.0	0.0	0.0	1.0
	0.0	0.0	1.0	0.0
	0.0	0.0	1.0	0.0
	0.0	1.0	0.0	0.0
	0.0	0.0	0.0	1.0
	1.0	0.0	0.0	0.0
	0.0	1.0	0.0	0.0
	0.0	1.0	0.0	0.0
	0.0	0.0	0.0	1.0
	0.0	0.0	1.0	0.0
	0.0	0.0	1.0	0.0
	0.0	0.0	1.0	0.0
	0.0	1.0	0.0	0.0
	0.0	0.0	1.0	0.0
	0.0	1.0	0.0	0.0
	0.0	1.0	0.0	0.0

MEME version 4

ALPHABET= ACGT

MOTIF chr2:68694883-68694893

letter-probability matrix: alength= 4 w= 10
	0.0	1.0	0.0	0.0
	0.0	0.0	0.0	1.0
	0.0	0.25	0.75	0.0
	0.0	1.0	0.0	0.0
	0.5	0.5	0.0	0.0
	1.0	0.0	0.0	0.0
	0.0	0.75	0.25	0.0
	0.0	1.0	0.0	0.0
	0.0	0.0	0.0	1.0
	0.0	1.0	0.0	0.0

MEME version 4

ALPHABET= ACGT

MOTIF chr2:68710503-68710528

letter-probability matrix: alength= 4 w= 25
	0.0	0.0	1.0	0.0
	1.0	0.0	0.0	0.0
	0.0	0.0	1.0	0.0
	0.0	1.0	0.0	0.0
	0.0	1.0	0.0	0.0
	0.0	0.0	0.0	1.0
	0.0	0.0	1.0	0.0
	0.0	0.0	1.0	0.0
	0.0	1.0	0.0	0.0
	0.0	0.0	0.0	1.0
	0.0	0.0	1.0	0.0
	0.0	0.0	1.0	0.0
	0.0	1.0	0.0	0.0
	0.0	0.0	0.0	1.0
	1.0	0.0	0.0	0.0
	0.0	1.0	0.0	0.0
	0.0	1.0	0.0	0.0
	0.0	0.0	0.0	1.0
	0.0	0.0	1.0	0.0
	0.0	0.0	1.0	0.0
	0.0	0.0	1.0	0.0
	0.0	1.0	0.0	0.0
	0.0	0.0	1.0	0.0
	0.0	1.0	0.0	0.0
	0.0	1.0	0.0	0.0

MEME version 4

ALPHABET= ACGT

MOTIF chr15:64680582-64680592

letter-probability matrix: alength= 4 w= 10
	0.0	1.0	0.0	0.0
	0.0	0.0	0.0	1.0
	0.0	0.25	0.75	0.0
	0.0	1.0	0.0	0.0
	0.5	0.5	0.0	0.0
	1.0	0.0	0.0	0.0
	0.0	0.75	0.25	0.0
	0.0	1.0	0.0	0.0
	0.0	0.0	0.0	1.0
	0.0	1.0	0.0	0.0

MEME version 4

ALPHABET= ACGT

MOTIF chr15:64697506-64697531

letter-probability matrix: alength= 4 w= 25
	0.0	0.0	1.0	0.0
	1.0	0.0	0.0	0.0
	0.0	0.0	1.0	0.0
	0.0	1.0	0.0	0.0
	0.0	1.0	0.0	0.0
	0.0	0.0	0.0	1.0
	0.0	0.0	1.0	0.0
	0.0	0.0	1.0	0.0
	0.0	1.0	0.0	0.0
	0.0	0.0	0.0	1.0
	0.0	0.0	1.0	0.0
	0.0	0.0	1.0	0.0
	0.0	1.0	0.0	0.0
	0.0	0.0	0.0	1.0
	1.0	0.0	0.0	0.0
	0.0	1.0	0.0	0.0
	0.0	1.0	0.0	0.0
	0.0	0.0	0.0	1.0
	0.0	0.0	1.0	0.0
	0.0	0.0	1.0	0.0
	0.0	0.0	1.0	0.0
	0.0	1.0	0.0	0.0
	0.0	0.0	1.0	0.0
	0.0	1.0	0.0	0.0
	0.0	1.0	0.0	0.0

MEME version 4

ALPHABET= ACGT

MOTIF chr9:140031867-140031877

letter-probability matrix: alength= 4 w= 10
	0.0	1.0	0.0	0.0
	0.0	0.0	0.0	1.0
	0.0	0.25	0.75	0.0
	0.0	1.0	0.0	0.0
	0.5	0.5	0.0	0.0
	1.0	0.0	0.0	0.0
	0.0	0.75	0.25	0.0
	0.0	1.0	0.0	0.0
	0.0	0.0	0.0	1.0
	0.0	1.0	0.0	0.0

MEME version 4

ALPHABET= ACGT

MOTIF chr9:140025933-140025958

letter-probability matrix: alength= 4 w= 25
	0.0	0.0	1.0	0.0
	1.0	0.0	0.0	0.0
	0.0	0.0	1.0	0.0
	0.0	1.0	0.0	0.0
	0.0	1.0	0.0	0.0
	0.0	0.0	0.0	1.0
	0.0	0.0	1.0	0.0
	0.0	0.0	1.0	0.0
	0.0	1.0	0.0	0.0
	0.0	0.0	0.0	1.0
	0.0	0.0	1.0	0.0
	0.0	0.0	1.0	0.0
	0.0	1.0	0.0	0.0
	0.0	0.0	0.0	1.0
	1.0	0.0	0.0	0.0
	0.0	1.0	0.0	0.0
	0.0	1.0	0.0	0.0
	0.0	0.0	0.0	1.0
	0.0	0.0	1.0	0.0
	0.0	0.0	1.0	0.0
	0.0	0.0	1.0	0.0
	0.0	1.0	0.0	0.0
	0.0	0.0	1.0	0.0
	0.0	1.0	0.0	0.0
	0.0	1.0	0.0	0.0

MEME version 4

ALPHABET= ACGT

MOTIF chr16:28848707-28848717

letter-probability matrix: alength= 4 w= 10
	0.0	1.0	0.0	0.0
	0.0	0.0	0.0	1.0
	0.0	0.25	0.75	0.0
	0.0	1.0	0.0	0.0
	0.5	0.5	0.0	0.0
	1.0	0.0	0.0	0.0
	0.0	0.75	0.25	0.0
	0.0	1.0	0.0	0.0
	0.0	0.0	0.0	1.0
	0.0	1.0	0.0	0.0

MEME version 4

ALPHABET= ACGT

MOTIF chr16:28814703-28814728

letter-probability matrix: alength= 4 w= 25
	0.0	0.0	1.0	0.0
	1.0	0.0	0.0	0.0
	0.0	0.0	1.0	0.0
	0.0	1.0	0.0	0.0
	0.0	1.0	0.0	0.0
	0.0	0.0	0.0	1.0
	0.0	0.0	1.0	0.0
	0.0	0.0	1.0	0.0
	0.0	1.0	0.0	0.0
	0.0	0.0	0.0	1.0
	0.0	0.0	1.0	0.0
	0.0	0.0	1.0	0.0
	0.0	1.0	0.0	0.0
	0.0	0.0	0.0	1.0
	1.0	0.0	0.0	0.0
	0.0	1.0	0.0	0.0
	0.0	1.0	0.0	0.0
	0.0	0.0	0.0	1.0
	0.0	0.0	1.0	0.0
	0.0	0.0	1.0	0.0
	0.0	0.0	1.0	0.0
	0.0	1.0	0.0	0.0
	0.0	0.0	1.0	0.0
	0.0	1.0	0.0	0.0
	0.0	1.0	0.0	0.0

MEME version 4

ALPHABET= ACGT

MOTIF chr17:60005503-60005513

letter-probability matrix: alength= 4 w= 10
	0.0	1.0	0.0	0.0
	0.0	0.0	0.0	1.0
	0.0	0.25	0.75	0.0
	0.0	1.0	0.0	0.0
	0.5	0.5	0.0	0.0
	1.0	0.0	0.0	0.0
	0.0	0.75	0.25	0.0
	0.0	1.0	0.0	0.0
	0.0	0.0	0.0	1.0
	0.0	1.0	0.0	0.0

MEME version 4

ALPHABET= ACGT

MOTIF chr17:60018421-60018446

letter-probability matrix: alength= 4 w= 25
	0.0	0.0	1.0	0.0
	1.0	0.0	0.0	0.0
	0.0	0.0	1.0	0.0
	0.0	1.0	0.0	0.0
	0.0	1.0	0.0	0.0
	0.0	0.0	0.0	1.0
	0.0	0.0	1.0	0.0
	0.0	0.0	1.0	0.0
	0.0	1.0	0.0	0.0
	0.0	0.0	0.0	1.0
	0.0	0.0	1.0	0.0
	0.0	0.0	1.0	0.0
	0.0	1.0	0.0	0.0
	0.0	0.0	0.0	1.0
	1.0	0.0	0.0	0.0
	0.0	1.0	0.0	0.0
	0.0	1.0	0.0	0.0
	0.0	0.0	0.0	1.0
	0.0	0.0	1.0	0.0
	0.0	0.0	1.0	0.0
	0.0	0.0	1.0	0.0
	0.0	1.0	0.0	0.0
	0.0	0.0	1.0	0.0
	0.0	1.0	0.0	0.0
	0.0	1.0	0.0	0.0

MEME version 4

ALPHABET= ACGT

MOTIF chr12:110477958-110477968

letter-probability matrix: alength= 4 w= 10
	0.0	1.0	0.0	0.0
	0.0	0.0	0.0	1.0
	0.0	0.25	0.75	0.0
	0.0	1.0	0.0	0.0
	0.5	0.5	0.0	0.0
	1.0	0.0	0.0	0.0
	0.0	0.75	0.25	0.0
	0.0	1.0	0.0	0.0
	0.0	0.0	0.0	1.0
	0.0	1.0	0.0	0.0

MEME version 4

ALPHABET= ACGT

MOTIF chr12:110417120-110417145

letter-probability matrix: alength= 4 w= 25
	0.0	0.0	1.0	0.0
	1.0	0.0	0.0	0.0
	0.0	0.0	1.0	0.0
	0.0	1.0	0.0	0.0
	0.0	1.0	0.0	0.0
	0.0	0.0	0.0	1.0
	0.0	0.0	1.0	0.0
	0.0	0.0	1.0	0.0
	0.0	1.0	0.0	0.0
	0.0	0.0	0.0	1.0
	0.0	0.0	1.0	0.0
	0.0	0.0	1.0	0.0
	0.0	1.0	0.0	0.0
	0.0	0.0	0.0	1.0
	1.0	0.0	0.0	0.0
	0.0	1.0	0.0	0.0
	0.0	1.0	0.0	0.0
	0.0	0.0	0.0	1.0
	0.0	0.0	1.0	0.0
	0.0	0.0	1.0	0.0
	0.0	0.0	1.0	0.0
	0.0	1.0	0.0	0.0
	0.0	0.0	1.0	0.0
	0.0	1.0	0.0	0.0
	0.0	1.0	0.0	0.0

MEME version 4

ALPHABET= ACGT

MOTIF chr5:10250920-10250930

letter-probability matrix: alength= 4 w= 10
	0.0	1.0	0.0	0.0
	0.0	0.0	0.0	1.0
	0.0	0.25	0.75	0.0
	0.0	1.0	0.0	0.0
	0.5	0.5	0.0	0.0
	1.0	0.0	0.0	0.0
	0.0	0.75	0.25	0.0
	0.0	1.0	0.0	0.0
	0.0	0.0	0.0	1.0
	0.0	1.0	0.0	0.0

MEME version 4

ALPHABET= ACGT

MOTIF chr5:10276124-10276149

letter-probability matrix: alength= 4 w= 25
	0.0	0.0	1.0	0.0
	1.0	0.0	0.0	0.0
	0.0	0.0	1.0	0.0
	0.0	1.0	0.0	0.0
	0.0	1.0	0.0	0.0
	0.0	0.0	0.0	1.0
	0.0	0.0	1.0	0.0
	0.0	0.0	1.0	0.0
	0.0	1.0	0.0	0.0
	0.0	0.0	0.0	1.0
	0.0	0.0	1.0	0.0
	0.0	0.0	1.0	0.0
	0.0	1.0	0.0	0.0
	0.0	0.0	0.0	1.0
	1.0	0.0	0.0	0.0
	0.0	1.0	0.0	0.0
	0.0	1.0	0.0	0.0
	0.0	0.0	0.0	1.0
	0.0	0.0	1.0	0.0
	0.0	0.0	1.0	0.0
	0.0	0.0	1.0	0.0
	0.0	1.0	0.0	0.0
	0.0	0.0	1.0	0.0
	0.0	1.0	0.0	0.0
	0.0	1.0	0.0	0.0

MEME version 4

ALPHABET= ACGT

MOTIF chr9:78999827-78999837

letter-probability matrix: alength= 4 w= 10
	0.0	1.0	0.0	0.0
	0.0	0.0	0.0	1.0
	0.0	0.25	0.75	0.0
	0.0	1.0	0.0	0.0
	0.5	0.5	0.0	0.0
	1.0	0.0	0.0	0.0
	0.0	0.75	0.25	0.0
	0.0	1.0	0.0	0.0
	0.0	0.0	0.0	1.0
	0.0	1.0	0.0	0.0

MEME version 4

ALPHABET= ACGT

MOTIF chr9:79027971-79027996

letter-probability matrix: alength= 4 w= 25
	0.0	0.0	1.0	0.0
	1.0	0.0	0.0	0.0
	0.0	0.0	1.0	0.0
	0.0	1.0	0.0	0.0
	0.0	1.0	0.0	0.0
	0.0	0.0	0.0	1.0
	0.0	0.0	1.0	0.0
	0.0	0.0	1.0	0.0
	0.0	1.0	0.0	0.0
	0.0	0.0	0.0	1.0
	0.0	0.0	1.0	0.0
	0.0	0.0	1.0	0.0
	0.0	1.0	0.0	0.0
	0.0	0.0	0.0	1.0
	1.0	0.0	0.0	0.0
	0.0	1.0	0.0	0.0
	0.0	1.0	0.0	0.0
	0.0	0.0	0.0	1.0
	0.0	0.0	1.0	0.0
	0.0	0.0	1.0	0.0
	0.0	0.0	1.0	0.0
	0.0	1.0	0.0	0.0
	0.0	0.0	1.0	0.0
	0.0	1.0	0.0	0.0
	0.0	1.0	0.0	0.0

MEME version 4

ALPHABET= ACGT

MOTIF chr7:2420747-2420757

letter-probability matrix: alength= 4 w= 10
	0.0	1.0	0.0	0.0
	0.0	0.0	0.0	1.0
	0.0	0.25	0.75	0.0
	0.0	1.0	0.0	0.0
	0.5	0.5	0.0	0.0
	1.0	0.0	0.0	0.0
	0.0	0.75	0.25	0.0
	0.0	1.0	0.0	0.0
	0.0	0.0	0.0	1.0
	0.0	1.0	0.0	0.0

MEME version 4

ALPHABET= ACGT

MOTIF chr7:2370212-2370237

letter-probability matrix: alength= 4 w= 25
	0.0	0.0	1.0	0.0
	1.0	0.0	0.0	0.0
	0.0	0.0	1.0	0.0
	0.0	1.0	0.0	0.0
	0.0	1.0	0.0	0.0
	0.0	0.0	0.0	1.0
	0.0	0.0	1.0	0.0
	0.0	0.0	1.0	0.0
	0.0	1.0	0.0	0.0
	0.0	0.0	0.0	1.0
	0.0	0.0	1.0	0.0
	0.0	0.0	1.0	0.0
	0.0	1.0	0.0	0.0
	0.0	0.0	0.0	1.0
	1.0	0.0	0.0	0.0
	0.0	1.0	0.0	0.0
	0.0	1.0	0.0	0.0
	0.0	0.0	0.0	1.0
	0.0	0.0	1.0	0.0
	0.0	0.0	1.0	0.0
	0.0	0.0	1.0	0.0
	0.0	1.0	0.0	0.0
	0.0	0.0	1.0	0.0
	0.0	1.0	0.0	0.0
	0.0	1.0	0.0	0.0

MEME version 4

ALPHABET= ACGT

MOTIF chr6:26018942-26018952

letter-probability matrix: alength= 4 w= 10
	0.0	1.0	0.0	0.0
	0.0	0.0	0.0	1.0
	0.0	0.25	0.75	0.0
	0.0	1.0	0.0	0.0
	0.5	0.5	0.0	0.0
	1.0	0.0	0.0	0.0
	0.0	0.75	0.25	0.0
	0.0	1.0	0.0	0.0
	0.0	0.0	0.0	1.0
	0.0	1.0	0.0	0.0

MEME version 4

ALPHABET= ACGT

MOTIF chr6:26007519-26007544

letter-probability matrix: alength= 4 w= 25
	0.0	0.0	1.0	0.0
	1.0	0.0	0.0	0.0
	0.0	0.0	1.0	0.0
	0.0	1.0	0.0	0.0
	0.0	1.0	0.0	0.0
	0.0	0.0	0.0	1.0
	0.0	0.0	1.0	0.0
	0.0	0.0	1.0	0.0
	0.0	1.0	0.0	0.0
	0.0	0.0	0.0	1.0
	0.0	0.0	1.0	0.0
	0.0	0.0	1.0	0.0
	0.0	1.0	0.0	0.0
	0.0	0.0	0.0	1.0
	1.0	0.0	0.0	0.0
	0.0	1.0	0.0	0.0
	0.0	1.0	0.0	0.0
	0.0	0.0	0.0	1.0
	0.0	0.0	1.0	0.0
	0.0	0.0	1.0	0.0
	0.0	0.0	1.0	0.0
	0.0	1.0	0.0	0.0
	0.0	0.0	1.0	0.0
	0.0	1.0	0.0	0.0
	0.0	1.0	0.0	0.0

MEME version 4

ALPHABET= ACGT

MOTIF chr1:29138276-29138286

letter-probability matrix: alength= 4 w= 10
	0.0	1.0	0.0	0.0
	0.0	0.0	0.0	1.0
	0.0	0.25	0.75	0.0
	0.0	1.0	0.0	0.0
	0.5	0.5	0.0	0.0
	1.0	0.0	0.0	0.0
	0.0	0.75	0.25	0.0
	0.0	1.0	0.0	0.0
	0.0	0.0	0.0	1.0
	0.0	1.0	0.0	0.0

MEME version 4

ALPHABET= ACGT

MOTIF chr1:29102927-29102952

letter-probability matrix: alength= 4 w= 25
	0.0	0.0	1.0	0.0
	1.0	0.0	0.0	0.0
	0.0	0.0	1.0	0.0
	0.0	1.0	0.0	0.0
	0.0	1.0	0.0	0.0
	0.0	0.0	0.0	1.0
	0.0	0.0	1.0	0.0
	0.0	0.0	1.0	0.0
	0.0	1.0	0.0	0.0
	0.0	0.0	0.0	1.0
	0.0	0.0	1.0	0.0
	0.0	0.0	1.0	0.0
	0.0	1.0	0.0	0.0
	0.0	0.0	0.0	1.0
	1.0	0.0	0.0	0.0
	0.0	1.0	0.0	0.0
	0.0	1.0	0.0	0.0
	0.0	0.0	0.0	1.0
	0.0	0.0	1.0	0.0
	0.0	0.0	1.0	0.0
	0.0	0.0	1.0	0.0
	0.0	1.0	0.0	0.0
	0.0	0.0	1.0	0.0
	0.0	1.0	0.0	0.0
	0.0	1.0	0.0	0.0

MEME version 4

ALPHABET= ACGT

MOTIF chr15:75759024-75759034

letter-probability matrix: alength= 4 w= 10
	0.0	1.0	0.0	0.0
	0.0	0.0	0.0	1.0
	0.0	0.25	0.75	0.0
	0.0	1.0	0.0	0.0
	0.5	0.5	0.0	0.0
	1.0	0.0	0.0	0.0
	0.0	0.75	0.25	0.0
	0.0	1.0	0.0	0.0
	0.0	0.0	0.0	1.0
	0.0	1.0	0.0	0.0

MEME version 4

ALPHABET= ACGT

MOTIF chr15:75843070-75843095

letter-probability matrix: alength= 4 w= 25
	0.0	0.0	1.0	0.0
	1.0	0.0	0.0	0.0
	0.0	0.0	1.0	0.0
	0.0	1.0	0.0	0.0
	0.0	1.0	0.0	0.0
	0.0	0.0	0.0	1.0
	0.0	0.0	1.0	0.0
	0.0	0.0	1.0	0.0
	0.0	1.0	0.0	0.0
	0.0	0.0	0.0	1.0
	0.0	0.0	1.0	0.0
	0.0	0.0	1.0	0.0
	0.0	1.0	0.0	0.0
	0.0	0.0	0.0	1.0
	1.0	0.0	0.0	0.0
	0.0	1.0	0.0	0.0
	0.0	1.0	0.0	0.0
	0.0	0.0	0.0	1.0
	0.0	0.0	1.0	0.0
	0.0	0.0	1.0	0.0
	0.0	0.0	1.0	0.0
	0.0	1.0	0.0	0.0
	0.0	0.0	1.0	0.0
	0.0	1.0	0.0	0.0
	0.0	1.0	0.0	0.0

MEME version 4

ALPHABET= ACGT

MOTIF chr7:25165516-25165526

letter-probability matrix: alength= 4 w= 10
	0.0	1.0	0.0	0.0
	0.0	0.0	0.0	1.0
	0.0	0.25	0.75	0.0
	0.0	1.0	0.0	0.0
	0.5	0.5	0.0	0.0
	1.0	0.0	0.0	0.0
	0.0	0.75	0.25	0.0
	0.0	1.0	0.0	0.0
	0.0	0.0	0.0	1.0
	0.0	1.0	0.0	0.0

MEME version 4

ALPHABET= ACGT

MOTIF chr7:25113200-25113225

letter-probability matrix: alength= 4 w= 25
	0.0	0.0	1.0	0.0
	1.0	0.0	0.0	0.0
	0.0	0.0	1.0	0.0
	0.0	1.0	0.0	0.0
	0.0	1.0	0.0	0.0
	0.0	0.0	0.0	1.0
	0.0	0.0	1.0	0.0
	0.0	0.0	1.0	0.0
	0.0	1.0	0.0	0.0
	0.0	0.0	0.0	1.0
	0.0	0.0	1.0	0.0
	0.0	0.0	1.0	0.0
	0.0	1.0	0.0	0.0
	0.0	0.0	0.0	1.0
	1.0	0.0	0.0	0.0
	0.0	1.0	0.0	0.0
	0.0	1.0	0.0	0.0
	0.0	0.0	0.0	1.0
	0.0	0.0	1.0	0.0
	0.0	0.0	1.0	0.0
	0.0	0.0	1.0	0.0
	0.0	1.0	0.0	0.0
	0.0	0.0	1.0	0.0
	0.0	1.0	0.0	0.0
	0.0	1.0	0.0	0.0

MEME version 4

ALPHABET= ACGT

MOTIF chr22:21127551-21127561

letter-probability matrix: alength= 4 w= 10
	0.0	1.0	0.0	0.0
	0.0	0.0	0.0	1.0
	0.0	0.25	0.75	0.0
	0.0	1.0	0.0	0.0
	0.5	0.5	0.0	0.0
	1.0	0.0	0.0	0.0
	0.0	0.75	0.25	0.0
	0.0	1.0	0.0	0.0
	0.0	0.0	0.0	1.0
	0.0	1.0	0.0	0.0

MEME version 4

ALPHABET= ACGT

MOTIF chr22:21123902-21123927

letter-probability matrix: alength= 4 w= 25
	0.0	0.0	1.0	0.0
	1.0	0.0	0.0	0.0
	0.0	0.0	1.0	0.0
	0.0	1.0	0.0	0.0
	0.0	1.0	0.0	0.0
	0.0	0.0	0.0	1.0
	0.0	0.0	1.0	0.0
	0.0	0.0	1.0	0.0
	0.0	1.0	0.0	0.0
	0.0	0.0	0.0	1.0
	0.0	0.0	1.0	0.0
	0.0	0.0	1.0	0.0
	0.0	1.0	0.0	0.0
	0.0	0.0	0.0	1.0
	1.0	0.0	0.0	0.0
	0.0	1.0	0.0	0.0
	0.0	1.0	0.0	0.0
	0.0	0.0	0.0	1.0
	0.0	0.0	1.0	0.0
	0.0	0.0	1.0	0.0
	0.0	0.0	1.0	0.0
	0.0	1.0	0.0	0.0
	0.0	0.0	1.0	0.0
	0.0	1.0	0.0	0.0
	0.0	1.0	0.0	0.0

MEME version 4

ALPHABET= ACGT

MOTIF chr12:105500959-105500969

letter-probability matrix: alength= 4 w= 10
	0.0	1.0	0.0	0.0
	0.0	0.0	0.0	1.0
	0.0	0.25	0.75	0.0
	0.0	1.0	0.0	0.0
	0.5	0.5	0.0	0.0
	1.0	0.0	0.0	0.0
	0.0	0.75	0.25	0.0
	0.0	1.0	0.0	0.0
	0.0	0.0	0.0	1.0
	0.0	1.0	0.0	0.0

MEME version 4

ALPHABET= ACGT

MOTIF chr12:105493767-105493792

letter-probability matrix: alength= 4 w= 25
	0.0	0.0	1.0	0.0
	1.0	0.0	0.0	0.0
	0.0	0.0	1.0	0.0
	0.0	1.0	0.0	0.0
	0.0	1.0	0.0	0.0
	0.0	0.0	0.0	1.0
	0.0	0.0	1.0	0.0
	0.0	0.0	1.0	0.0
	0.0	1.0	0.0	0.0
	0.0	0.0	0.0	1.0
	0.0	0.0	1.0	0.0
	0.0	0.0	1.0	0.0
	0.0	1.0	0.0	0.0
	0.0	0.0	0.0	1.0
	1.0	0.0	0.0	0.0
	0.0	1.0	0.0	0.0
	0.0	1.0	0.0	0.0
	0.0	0.0	0.0	1.0
	0.0	0.0	1.0	0.0
	0.0	0.0	1.0	0.0
	0.0	0.0	1.0	0.0
	0.0	1.0	0.0	0.0
	0.0	0.0	1.0	0.0
	0.0	1.0	0.0	0.0
	0.0	1.0	0.0	0.0

MEME version 4

ALPHABET= ACGT

MOTIF chr8:74903184-74903194

letter-probability matrix: alength= 4 w= 10
	0.0	1.0	0.0	0.0
	0.0	0.0	0.0	1.0
	0.0	0.25	0.75	0.0
	0.0	1.0	0.0	0.0
	0.5	0.5	0.0	0.0
	1.0	0.0	0.0	0.0
	0.0	0.75	0.25	0.0
	0.0	1.0	0.0	0.0
	0.0	0.0	0.0	1.0
	0.0	1.0	0.0	0.0

MEME version 4

ALPHABET= ACGT

MOTIF chr8:74909383-74909408

letter-probability matrix: alength= 4 w= 25
	0.0	0.0	1.0	0.0
	1.0	0.0	0.0	0.0
	0.0	0.0	1.0	0.0
	0.0	1.0	0.0	0.0
	0.0	1.0	0.0	0.0
	0.0	0.0	0.0	1.0
	0.0	0.0	1.0	0.0
	0.0	0.0	1.0	0.0
	0.0	1.0	0.0	0.0
	0.0	0.0	0.0	1.0
	0.0	0.0	1.0	0.0
	0.0	0.0	1.0	0.0
	0.0	1.0	0.0	0.0
	0.0	0.0	0.0	1.0
	1.0	0.0	0.0	0.0
	0.0	1.0	0.0	0.0
	0.0	1.0	0.0	0.0
	0.0	0.0	0.0	1.0
	0.0	0.0	1.0	0.0
	0.0	0.0	1.0	0.0
	0.0	0.0	1.0	0.0
	0.0	1.0	0.0	0.0
	0.0	0.0	1.0	0.0
	0.0	1.0	0.0	0.0
	0.0	1.0	0.0	0.0

MEME version 4

ALPHABET= ACGT

MOTIF chr5:148736590-148736600

letter-probability matrix: alength= 4 w= 10
	0.0	1.0	0.0	0.0
	0.0	0.0	0.0	1.0
	0.0	0.25	0.75	0.0
	0.0	1.0	0.0	0.0
	0.5	0.5	0.0	0.0
	1.0	0.0	0.0	0.0
	0.0	0.75	0.25	0.0
	0.0	1.0	0.0	0.0
	0.0	0.0	0.0	1.0
	0.0	1.0	0.0	0.0

MEME version 4

ALPHABET= ACGT

MOTIF chr5:148724247-148724272

letter-probability matrix: alength= 4 w= 25
	0.0	0.0	1.0	0.0
	1.0	0.0	0.0	0.0
	0.0	0.0	1.0	0.0
	0.0	1.0	0.0	0.0
	0.0	1.0	0.0	0.0
	0.0	0.0	0.0	1.0
	0.0	0.0	1.0	0.0
	0.0	0.0	1.0	0.0
	0.0	1.0	0.0	0.0
	0.0	0.0	0.0	1.0
	0.0	0.0	1.0	0.0
	0.0	0.0	1.0	0.0
	0.0	1.0	0.0	0.0
	0.0	0.0	0.0	1.0
	1.0	0.0	0.0	0.0
	0.0	1.0	0.0	0.0
	0.0	1.0	0.0	0.0
	0.0	0.0	0.0	1.0
	0.0	0.0	1.0	0.0
	0.0	0.0	1.0	0.0
	0.0	0.0	1.0	0.0
	0.0	1.0	0.0	0.0
	0.0	0.0	1.0	0.0
	0.0	1.0	0.0	0.0
	0.0	1.0	0.0	0.0

MEME version 4

ALPHABET= ACGT

MOTIF chr19:17419856-17419866

letter-probability matrix: alength= 4 w= 10
	0.0	1.0	0.0	0.0
	0.0	0.0	0.0	1.0
	0.0	0.25	0.75	0.0
	0.0	1.0	0.0	0.0
	0.5	0.5	0.0	0.0
	1.0	0.0	0.0	0.0
	0.0	0.75	0.25	0.0
	0.0	1.0	0.0	0.0
	0.0	0.0	0.0	1.0
	0.0	1.0	0.0	0.0

MEME version 4

ALPHABET= ACGT

MOTIF chr19:17444484-17444509

letter-probability matrix: alength= 4 w= 25
	0.0	0.0	1.0	0.0
	1.0	0.0	0.0	0.0
	0.0	0.0	1.0	0.0
	0.0	1.0	0.0	0.0
	0.0	1.0	0.0	0.0
	0.0	0.0	0.0	1.0
	0.0	0.0	1.0	0.0
	0.0	0.0	1.0	0.0
	0.0	1.0	0.0	0.0
	0.0	0.0	0.0	1.0
	0.0	0.0	1.0	0.0
	0.0	0.0	1.0	0.0
	0.0	1.0	0.0	0.0
	0.0	0.0	0.0	1.0
	1.0	0.0	0.0	0.0
	0.0	1.0	0.0	0.0
	0.0	1.0	0.0	0.0
	0.0	0.0	0.0	1.0
	0.0	0.0	1.0	0.0
	0.0	0.0	1.0	0.0
	0.0	0.0	1.0	0.0
	0.0	1.0	0.0	0.0
	0.0	0.0	1.0	0.0
	0.0	1.0	0.0	0.0
	0.0	1.0	0.0	0.0

MEME version 4

ALPHABET= ACGT

MOTIF chr12:133263914-133263924

letter-probability matrix: alength= 4 w= 10
	0.0	1.0	0.0	0.0
	0.0	0.0	0.0	1.0
	0.0	0.25	0.75	0.0
	0.0	1.0	0.0	0.0
	0.5	0.5	0.0	0.0
	1.0	0.0	0.0	0.0
	0.0	0.75	0.25	0.0
	0.0	1.0	0.0	0.0
	0.0	0.0	0.0	1.0
	0.0	1.0	0.0	0.0

MEME version 4

ALPHABET= ACGT

MOTIF chr12:133218318-133218343

letter-probability matrix: alength= 4 w= 25
	0.0	0.0	1.0	0.0
	1.0	0.0	0.0	0.0
	0.0	0.0	1.0	0.0
	0.0	1.0	0.0	0.0
	0.0	1.0	0.0	0.0
	0.0	0.0	0.0	1.0
	0.0	0.0	1.0	0.0
	0.0	0.0	1.0	0.0
	0.0	1.0	0.0	0.0
	0.0	0.0	0.0	1.0
	0.0	0.0	1.0	0.0
	0.0	0.0	1.0	0.0
	0.0	1.0	0.0	0.0
	0.0	0.0	0.0	1.0
	1.0	0.0	0.0	0.0
	0.0	1.0	0.0	0.0
	0.0	1.0	0.0	0.0
	0.0	0.0	0.0	1.0
	0.0	0.0	1.0	0.0
	0.0	0.0	1.0	0.0
	0.0	0.0	1.0	0.0
	0.0	1.0	0.0	0.0
	0.0	0.0	1.0	0.0
	0.0	1.0	0.0	0.0
	0.0	1.0	0.0	0.0

MEME version 4

ALPHABET= ACGT

MOTIF chr5:10225490-10225500

letter-probability matrix: alength= 4 w= 10
	0.0	1.0	0.0	0.0
	0.0	0.0	0.0	1.0
	0.0	0.25	0.75	0.0
	0.0	1.0	0.0	0.0
	0.5	0.5	0.0	0.0
	1.0	0.0	0.0	0.0
	0.0	0.75	0.25	0.0
	0.0	1.0	0.0	0.0
	0.0	0.0	0.0	1.0
	0.0	1.0	0.0	0.0

MEME version 4

ALPHABET= ACGT

MOTIF chr5:10276124-10276149

letter-probability matrix: alength= 4 w= 25
	0.0	0.0	1.0	0.0
	1.0	0.0	0.0	0.0
	0.0	0.0	1.0	0.0
	0.0	1.0	0.0	0.0
	0.0	1.0	0.0	0.0
	0.0	0.0	0.0	1.0
	0.0	0.0	1.0	0.0
	0.0	0.0	1.0	0.0
	0.0	1.0	0.0	0.0
	0.0	0.0	0.0	1.0
	0.0	0.0	1.0	0.0
	0.0	0.0	1.0	0.0
	0.0	1.0	0.0	0.0
	0.0	0.0	0.0	1.0
	1.0	0.0	0.0	0.0
	0.0	1.0	0.0	0.0
	0.0	1.0	0.0	0.0
	0.0	0.0	0.0	1.0
	0.0	0.0	1.0	0.0
	0.0	0.0	1.0	0.0
	0.0	0.0	1.0	0.0
	0.0	1.0	0.0	0.0
	0.0	0.0	1.0	0.0
	0.0	1.0	0.0	0.0
	0.0	1.0	0.0	0.0

MEME version 4

ALPHABET= ACGT

MOTIF chr19:12785809-12785819

letter-probability matrix: alength= 4 w= 10
	0.0	1.0	0.0	0.0
	0.0	0.0	0.0	1.0
	0.0	0.25	0.75	0.0
	0.0	1.0	0.0	0.0
	0.5	0.5	0.0	0.0
	1.0	0.0	0.0	0.0
	0.0	0.75	0.25	0.0
	0.0	1.0	0.0	0.0
	0.0	0.0	0.0	1.0
	0.0	1.0	0.0	0.0

MEME version 4

ALPHABET= ACGT

MOTIF chr19:12801968-12801993

letter-probability matrix: alength= 4 w= 25
	0.0	0.0	1.0	0.0
	1.0	0.0	0.0	0.0
	0.0	0.0	1.0	0.0
	0.0	1.0	0.0	0.0
	0.0	1.0	0.0	0.0
	0.0	0.0	0.0	1.0
	0.0	0.0	1.0	0.0
	0.0	0.0	1.0	0.0
	0.0	1.0	0.0	0.0
	0.0	0.0	0.0	1.0
	0.0	0.0	1.0	0.0
	0.0	0.0	1.0	0.0
	0.0	1.0	0.0	0.0
	0.0	0.0	0.0	1.0
	1.0	0.0	0.0	0.0
	0.0	1.0	0.0	0.0
	0.0	1.0	0.0	0.0
	0.0	0.0	0.0	1.0
	0.0	0.0	1.0	0.0
	0.0	0.0	1.0	0.0
	0.0	0.0	1.0	0.0
	0.0	1.0	0.0	0.0
	0.0	0.0	1.0	0.0
	0.0	1.0	0.0	0.0
	0.0	1.0	0.0	0.0

MEME version 4

ALPHABET= ACGT

MOTIF chr4:74865316-74865326

letter-probability matrix: alength= 4 w= 10
	0.0	1.0	0.0	0.0
	0.0	0.0	0.0	1.0
	0.0	0.25	0.75	0.0
	0.0	1.0	0.0	0.0
	0.5	0.5	0.0	0.0
	1.0	0.0	0.0	0.0
	0.0	0.75	0.25	0.0
	0.0	1.0	0.0	0.0
	0.0	0.0	0.0	1.0
	0.0	1.0	0.0	0.0

MEME version 4

ALPHABET= ACGT

MOTIF chr4:74853873-74853898

letter-probability matrix: alength= 4 w= 25
	0.0	0.0	1.0	0.0
	1.0	0.0	0.0	0.0
	0.0	0.0	1.0	0.0
	0.0	1.0	0.0	0.0
	0.0	1.0	0.0	0.0
	0.0	0.0	0.0	1.0
	0.0	0.0	1.0	0.0
	0.0	0.0	1.0	0.0
	0.0	1.0	0.0	0.0
	0.0	0.0	0.0	1.0
	0.0	0.0	1.0	0.0
	0.0	0.0	1.0	0.0
	0.0	1.0	0.0	0.0
	0.0	0.0	0.0	1.0
	1.0	0.0	0.0	0.0
	0.0	1.0	0.0	0.0
	0.0	1.0	0.0	0.0
	0.0	0.0	0.0	1.0
	0.0	0.0	1.0	0.0
	0.0	0.0	1.0	0.0
	0.0	0.0	1.0	0.0
	0.0	1.0	0.0	0.0
	0.0	0.0	1.0	0.0
	0.0	1.0	0.0	0.0
	0.0	1.0	0.0	0.0

MEME version 4

ALPHABET= ACGT

MOTIF chr12:82873191-82873201

letter-probability matrix: alength= 4 w= 10
	0.0	1.0	0.0	0.0
	0.0	0.0	0.0	1.0
	0.0	0.25	0.75	0.0
	0.0	1.0	0.0	0.0
	0.5	0.5	0.0	0.0
	1.0	0.0	0.0	0.0
	0.0	0.75	0.25	0.0
	0.0	1.0	0.0	0.0
	0.0	0.0	0.0	1.0
	0.0	1.0	0.0	0.0

MEME version 4

ALPHABET= ACGT

MOTIF chr12:82743255-82743280

letter-probability matrix: alength= 4 w= 25
	0.0	0.0	1.0	0.0
	1.0	0.0	0.0	0.0
	0.0	0.0	1.0	0.0
	0.0	1.0	0.0	0.0
	0.0	1.0	0.0	0.0
	0.0	0.0	0.0	1.0
	0.0	0.0	1.0	0.0
	0.0	0.0	1.0	0.0
	0.0	1.0	0.0	0.0
	0.0	0.0	0.0	1.0
	0.0	0.0	1.0	0.0
	0.0	0.0	1.0	0.0
	0.0	1.0	0.0	0.0
	0.0	0.0	0.0	1.0
	1.0	0.0	0.0	0.0
	0.0	1.0	0.0	0.0
	0.0	1.0	0.0	0.0
	0.0	0.0	0.0	1.0
	0.0	0.0	1.0	0.0
	0.0	0.0	1.0	0.0
	0.0	0.0	1.0	0.0
	0.0	1.0	0.0	0.0
	0.0	0.0	1.0	0.0
	0.0	1.0	0.0	0.0
	0.0	1.0	0.0	0.0

MEME version 4

ALPHABET= ACGT

MOTIF chr2:135894406-135894416

letter-probability matrix: alength= 4 w= 10
	0.0	1.0	0.0	0.0
	0.0	0.0	0.0	1.0
	0.0	0.25	0.75	0.0
	0.0	1.0	0.0	0.0
	0.5	0.5	0.0	0.0
	1.0	0.0	0.0	0.0
	0.0	0.75	0.25	0.0
	0.0	1.0	0.0	0.0
	0.0	0.0	0.0	1.0
	0.0	1.0	0.0	0.0

MEME version 4

ALPHABET= ACGT

MOTIF chr2:136303315-136303340

letter-probability matrix: alength= 4 w= 25
	0.0	0.0	1.0	0.0
	1.0	0.0	0.0	0.0
	0.0	0.0	1.0	0.0
	0.0	1.0	0.0	0.0
	0.0	1.0	0.0	0.0
	0.0	0.0	0.0	1.0
	0.0	0.0	1.0	0.0
	0.0	0.0	1.0	0.0
	0.0	1.0	0.0	0.0
	0.0	0.0	0.0	1.0
	0.0	0.0	1.0	0.0
	0.0	0.0	1.0	0.0
	0.0	1.0	0.0	0.0
	0.0	0.0	0.0	1.0
	1.0	0.0	0.0	0.0
	0.0	1.0	0.0	0.0
	0.0	1.0	0.0	0.0
	0.0	0.0	0.0	1.0
	0.0	0.0	1.0	0.0
	0.0	0.0	1.0	0.0
	0.0	0.0	1.0	0.0
	0.0	1.0	0.0	0.0
	0.0	0.0	1.0	0.0
	0.0	1.0	0.0	0.0
	0.0	1.0	0.0	0.0

MEME version 4

ALPHABET= ACGT

MOTIF chr7:143012352-143012362

letter-probability matrix: alength= 4 w= 10
	0.0	1.0	0.0	0.0
	0.0	0.0	0.0	1.0
	0.0	0.25	0.75	0.0
	0.0	1.0	0.0	0.0
	0.5	0.5	0.0	0.0
	1.0	0.0	0.0	0.0
	0.0	0.75	0.25	0.0
	0.0	1.0	0.0	0.0
	0.0	0.0	0.0	1.0
	0.0	1.0	0.0	0.0

MEME version 4

ALPHABET= ACGT

MOTIF chr7:143004052-143004077

letter-probability matrix: alength= 4 w= 25
	0.0	0.0	1.0	0.0
	1.0	0.0	0.0	0.0
	0.0	0.0	1.0	0.0
	0.0	1.0	0.0	0.0
	0.0	1.0	0.0	0.0
	0.0	0.0	0.0	1.0
	0.0	0.0	1.0	0.0
	0.0	0.0	1.0	0.0
	0.0	1.0	0.0	0.0
	0.0	0.0	0.0	1.0
	0.0	0.0	1.0	0.0
	0.0	0.0	1.0	0.0
	0.0	1.0	0.0	0.0
	0.0	0.0	0.0	1.0
	1.0	0.0	0.0	0.0
	0.0	1.0	0.0	0.0
	0.0	1.0	0.0	0.0
	0.0	0.0	0.0	1.0
	0.0	0.0	1.0	0.0
	0.0	0.0	1.0	0.0
	0.0	0.0	1.0	0.0
	0.0	1.0	0.0	0.0
	0.0	0.0	1.0	0.0
	0.0	1.0	0.0	0.0
	0.0	1.0	0.0	0.0

MEME version 4

ALPHABET= ACGT

MOTIF chr2:136288124-136288134

letter-probability matrix: alength= 4 w= 10
	0.0	1.0	0.0	0.0
	0.0	0.0	0.0	1.0
	0.0	0.25	0.75	0.0
	0.0	1.0	0.0	0.0
	0.5	0.5	0.0	0.0
	1.0	0.0	0.0	0.0
	0.0	0.75	0.25	0.0
	0.0	1.0	0.0	0.0
	0.0	0.0	0.0	1.0
	0.0	1.0	0.0	0.0

MEME version 4

ALPHABET= ACGT

MOTIF chr2:136303315-136303340

letter-probability matrix: alength= 4 w= 25
	0.0	0.0	1.0	0.0
	1.0	0.0	0.0	0.0
	0.0	0.0	1.0	0.0
	0.0	1.0	0.0	0.0
	0.0	1.0	0.0	0.0
	0.0	0.0	0.0	1.0
	0.0	0.0	1.0	0.0
	0.0	0.0	1.0	0.0
	0.0	1.0	0.0	0.0
	0.0	0.0	0.0	1.0
	0.0	0.0	1.0	0.0
	0.0	0.0	1.0	0.0
	0.0	1.0	0.0	0.0
	0.0	0.0	0.0	1.0
	1.0	0.0	0.0	0.0
	0.0	1.0	0.0	0.0
	0.0	1.0	0.0	0.0
	0.0	0.0	0.0	1.0
	0.0	0.0	1.0	0.0
	0.0	0.0	1.0	0.0
	0.0	0.0	1.0	0.0
	0.0	1.0	0.0	0.0
	0.0	0.0	1.0	0.0
	0.0	1.0	0.0	0.0
	0.0	1.0	0.0	0.0

MEME version 4

ALPHABET= ACGT

MOTIF chr6:31550852-31550862

letter-probability matrix: alength= 4 w= 10
	0.0	1.0	0.0	0.0
	0.0	0.0	0.0	1.0
	0.0	0.25	0.75	0.0
	0.0	1.0	0.0	0.0
	0.5	0.5	0.0	0.0
	1.0	0.0	0.0	0.0
	0.0	0.75	0.25	0.0
	0.0	1.0	0.0	0.0
	0.0	0.0	0.0	1.0
	0.0	1.0	0.0	0.0

MEME version 4

ALPHABET= ACGT

MOTIF chr6:31567509-31567534

letter-probability matrix: alength= 4 w= 25
	0.0	0.0	1.0	0.0
	1.0	0.0	0.0	0.0
	0.0	0.0	1.0	0.0
	0.0	1.0	0.0	0.0
	0.0	1.0	0.0	0.0
	0.0	0.0	0.0	1.0
	0.0	0.0	1.0	0.0
	0.0	0.0	1.0	0.0
	0.0	1.0	0.0	0.0
	0.0	0.0	0.0	1.0
	0.0	0.0	1.0	0.0
	0.0	0.0	1.0	0.0
	0.0	1.0	0.0	0.0
	0.0	0.0	0.0	1.0
	1.0	0.0	0.0	0.0
	0.0	1.0	0.0	0.0
	0.0	1.0	0.0	0.0
	0.0	0.0	0.0	1.0
	0.0	0.0	1.0	0.0
	0.0	0.0	1.0	0.0
	0.0	0.0	1.0	0.0
	0.0	1.0	0.0	0.0
	0.0	0.0	1.0	0.0
	0.0	1.0	0.0	0.0
	0.0	1.0	0.0	0.0

MEME version 4

ALPHABET= ACGT

MOTIF chr22:50945768-50945778

letter-probability matrix: alength= 4 w= 10
	0.0	1.0	0.0	0.0
	0.0	0.0	0.0	1.0
	0.0	0.25	0.75	0.0
	0.0	1.0	0.0	0.0
	0.5	0.5	0.0	0.0
	1.0	0.0	0.0	0.0
	0.0	0.75	0.25	0.0
	0.0	1.0	0.0	0.0
	0.0	0.0	0.0	1.0
	0.0	1.0	0.0	0.0

MEME version 4

ALPHABET= ACGT

MOTIF chr22:50935975-50936000

letter-probability matrix: alength= 4 w= 25
	0.0	0.0	1.0	0.0
	1.0	0.0	0.0	0.0
	0.0	0.0	1.0	0.0
	0.0	1.0	0.0	0.0
	0.0	1.0	0.0	0.0
	0.0	0.0	0.0	1.0
	0.0	0.0	1.0	0.0
	0.0	0.0	1.0	0.0
	0.0	1.0	0.0	0.0
	0.0	0.0	0.0	1.0
	0.0	0.0	1.0	0.0
	0.0	0.0	1.0	0.0
	0.0	1.0	0.0	0.0
	0.0	0.0	0.0	1.0
	1.0	0.0	0.0	0.0
	0.0	1.0	0.0	0.0
	0.0	1.0	0.0	0.0
	0.0	0.0	0.0	1.0
	0.0	0.0	1.0	0.0
	0.0	0.0	1.0	0.0
	0.0	0.0	1.0	0.0
	0.0	1.0	0.0	0.0
	0.0	0.0	1.0	0.0
	0.0	1.0	0.0	0.0
	0.0	1.0	0.0	0.0

MEME version 4

ALPHABET= ACGT

MOTIF chr6:112408648-112408658

letter-probability matrix: alength= 4 w= 10
	0.0	1.0	0.0	0.0
	0.0	0.0	0.0	1.0
	0.0	0.25	0.75	0.0
	0.0	1.0	0.0	0.0
	0.5	0.5	0.0	0.0
	1.0	0.0	0.0	0.0
	0.0	0.75	0.25	0.0
	0.0	1.0	0.0	0.0
	0.0	0.0	0.0	1.0
	0.0	1.0	0.0	0.0

MEME version 4

ALPHABET= ACGT

MOTIF chr6:112439250-112439275

letter-probability matrix: alength= 4 w= 25
	0.0	0.0	1.0	0.0
	1.0	0.0	0.0	0.0
	0.0	0.0	1.0	0.0
	0.0	1.0	0.0	0.0
	0.0	1.0	0.0	0.0
	0.0	0.0	0.0	1.0
	0.0	0.0	1.0	0.0
	0.0	0.0	1.0	0.0
	0.0	1.0	0.0	0.0
	0.0	0.0	0.0	1.0
	0.0	0.0	1.0	0.0
	0.0	0.0	1.0	0.0
	0.0	1.0	0.0	0.0
	0.0	0.0	0.0	1.0
	1.0	0.0	0.0	0.0
	0.0	1.0	0.0	0.0
	0.0	1.0	0.0	0.0
	0.0	0.0	0.0	1.0
	0.0	0.0	1.0	0.0
	0.0	0.0	1.0	0.0
	0.0	0.0	1.0	0.0
	0.0	1.0	0.0	0.0
	0.0	0.0	1.0	0.0
	0.0	1.0	0.0	0.0
	0.0	1.0	0.0	0.0

MEME version 4

ALPHABET= ACGT

MOTIF chr16:28833830-28833840

letter-probability matrix: alength= 4 w= 10
	0.0	1.0	0.0	0.0
	0.0	0.0	0.0	1.0
	0.0	0.25	0.75	0.0
	0.0	1.0	0.0	0.0
	0.5	0.5	0.0	0.0
	1.0	0.0	0.0	0.0
	0.0	0.75	0.25	0.0
	0.0	1.0	0.0	0.0
	0.0	0.0	0.0	1.0
	0.0	1.0	0.0	0.0

MEME version 4

ALPHABET= ACGT

MOTIF chr16:28814703-28814728

letter-probability matrix: alength= 4 w= 25
	0.0	0.0	1.0	0.0
	1.0	0.0	0.0	0.0
	0.0	0.0	1.0	0.0
	0.0	1.0	0.0	0.0
	0.0	1.0	0.0	0.0
	0.0	0.0	0.0	1.0
	0.0	0.0	1.0	0.0
	0.0	0.0	1.0	0.0
	0.0	1.0	0.0	0.0
	0.0	0.0	0.0	1.0
	0.0	0.0	1.0	0.0
	0.0	0.0	1.0	0.0
	0.0	1.0	0.0	0.0
	0.0	0.0	0.0	1.0
	1.0	0.0	0.0	0.0
	0.0	1.0	0.0	0.0
	0.0	1.0	0.0	0.0
	0.0	0.0	0.0	1.0
	0.0	0.0	1.0	0.0
	0.0	0.0	1.0	0.0
	0.0	0.0	1.0	0.0
	0.0	1.0	0.0	0.0
	0.0	0.0	1.0	0.0
	0.0	1.0	0.0	0.0
	0.0	1.0	0.0	0.0

MEME version 4

ALPHABET= ACGT

MOTIF chr19:14163862-14163872

letter-probability matrix: alength= 4 w= 10
	0.0	1.0	0.0	0.0
	0.0	0.0	0.0	1.0
	0.0	0.25	0.75	0.0
	0.0	1.0	0.0	0.0
	0.5	0.5	0.0	0.0
	1.0	0.0	0.0	0.0
	0.0	0.75	0.25	0.0
	0.0	1.0	0.0	0.0
	0.0	0.0	0.0	1.0
	0.0	1.0	0.0	0.0

MEME version 4

ALPHABET= ACGT

MOTIF chr19:14177476-14177501

letter-probability matrix: alength= 4 w= 25
	0.0	0.0	1.0	0.0
	1.0	0.0	0.0	0.0
	0.0	0.0	1.0	0.0
	0.0	1.0	0.0	0.0
	0.0	1.0	0.0	0.0
	0.0	0.0	0.0	1.0
	0.0	0.0	1.0	0.0
	0.0	0.0	1.0	0.0
	0.0	1.0	0.0	0.0
	0.0	0.0	0.0	1.0
	0.0	0.0	1.0	0.0
	0.0	0.0	1.0	0.0
	0.0	1.0	0.0	0.0
	0.0	0.0	0.0	1.0
	1.0	0.0	0.0	0.0
	0.0	1.0	0.0	0.0
	0.0	1.0	0.0	0.0
	0.0	0.0	0.0	1.0
	0.0	0.0	1.0	0.0
	0.0	0.0	1.0	0.0
	0.0	0.0	1.0	0.0
	0.0	1.0	0.0	0.0
	0.0	0.0	1.0	0.0
	0.0	1.0	0.0	0.0
	0.0	1.0	0.0	0.0

MEME version 4

ALPHABET= ACGT

MOTIF chr16:4523965-4523975

letter-probability matrix: alength= 4 w= 10
	0.0	1.0	0.0	0.0
	0.0	0.0	0.0	1.0
	0.0	0.25	0.75	0.0
	0.0	1.0	0.0	0.0
	0.5	0.5	0.0	0.0
	1.0	0.0	0.0	0.0
	0.0	0.75	0.25	0.0
	0.0	1.0	0.0	0.0
	0.0	0.0	0.0	1.0
	0.0	1.0	0.0	0.0

MEME version 4

ALPHABET= ACGT

MOTIF chr16:4478311-4478336

letter-probability matrix: alength= 4 w= 25
	0.0	0.0	1.0	0.0
	1.0	0.0	0.0	0.0
	0.0	0.0	1.0	0.0
	0.0	1.0	0.0	0.0
	0.0	1.0	0.0	0.0
	0.0	0.0	0.0	1.0
	0.0	0.0	1.0	0.0
	0.0	0.0	1.0	0.0
	0.0	1.0	0.0	0.0
	0.0	0.0	0.0	1.0
	0.0	0.0	1.0	0.0
	0.0	0.0	1.0	0.0
	0.0	1.0	0.0	0.0
	0.0	0.0	0.0	1.0
	1.0	0.0	0.0	0.0
	0.0	1.0	0.0	0.0
	0.0	1.0	0.0	0.0
	0.0	0.0	0.0	1.0
	0.0	0.0	1.0	0.0
	0.0	0.0	1.0	0.0
	0.0	0.0	1.0	0.0
	0.0	1.0	0.0	0.0
	0.0	0.0	1.0	0.0
	0.0	1.0	0.0	0.0
	0.0	1.0	0.0	0.0

MEME version 4

ALPHABET= ACGT

MOTIF chr10:126481341-126481351

letter-probability matrix: alength= 4 w= 10
	0.0	1.0	0.0	0.0
	0.0	0.0	0.0	1.0
	0.0	0.25	0.75	0.0
	0.0	1.0	0.0	0.0
	0.5	0.5	0.0	0.0
	1.0	0.0	0.0	0.0
	0.0	0.75	0.25	0.0
	0.0	1.0	0.0	0.0
	0.0	0.0	0.0	1.0
	0.0	1.0	0.0	0.0

MEME version 4

ALPHABET= ACGT

MOTIF chr10:126503803-126503828

letter-probability matrix: alength= 4 w= 25
	0.0	0.0	1.0	0.0
	1.0	0.0	0.0	0.0
	0.0	0.0	1.0	0.0
	0.0	1.0	0.0	0.0
	0.0	1.0	0.0	0.0
	0.0	0.0	0.0	1.0
	0.0	0.0	1.0	0.0
	0.0	0.0	1.0	0.0
	0.0	1.0	0.0	0.0
	0.0	0.0	0.0	1.0
	0.0	0.0	1.0	0.0
	0.0	0.0	1.0	0.0
	0.0	1.0	0.0	0.0
	0.0	0.0	0.0	1.0
	1.0	0.0	0.0	0.0
	0.0	1.0	0.0	0.0
	0.0	1.0	0.0	0.0
	0.0	0.0	0.0	1.0
	0.0	0.0	1.0	0.0
	0.0	0.0	1.0	0.0
	0.0	0.0	1.0	0.0
	0.0	1.0	0.0	0.0
	0.0	0.0	1.0	0.0
	0.0	1.0	0.0	0.0
	0.0	1.0	0.0	0.0

MEME version 4

ALPHABET= ACGT

MOTIF chr17:79641366-79641376

letter-probability matrix: alength= 4 w= 10
	0.0	1.0	0.0	0.0
	0.0	0.0	0.0	1.0
	0.0	0.25	0.75	0.0
	0.0	1.0	0.0	0.0
	0.5	0.5	0.0	0.0
	1.0	0.0	0.0	0.0
	0.0	0.75	0.25	0.0
	0.0	1.0	0.0	0.0
	0.0	0.0	0.0	1.0
	0.0	1.0	0.0	0.0

MEME version 4

ALPHABET= ACGT

MOTIF chr17:79612384-79612409

letter-probability matrix: alength= 4 w= 25
	0.0	0.0	1.0	0.0
	1.0	0.0	0.0	0.0
	0.0	0.0	1.0	0.0
	0.0	1.0	0.0	0.0
	0.0	1.0	0.0	0.0
	0.0	0.0	0.0	1.0
	0.0	0.0	1.0	0.0
	0.0	0.0	1.0	0.0
	0.0	1.0	0.0	0.0
	0.0	0.0	0.0	1.0
	0.0	0.0	1.0	0.0
	0.0	0.0	1.0	0.0
	0.0	1.0	0.0	0.0
	0.0	0.0	0.0	1.0
	1.0	0.0	0.0	0.0
	0.0	1.0	0.0	0.0
	0.0	1.0	0.0	0.0
	0.0	0.0	0.0	1.0
	0.0	0.0	1.0	0.0
	0.0	0.0	1.0	0.0
	0.0	0.0	1.0	0.0
	0.0	1.0	0.0	0.0
	0.0	0.0	1.0	0.0
	0.0	1.0	0.0	0.0
	0.0	1.0	0.0	0.0

MEME version 4

ALPHABET= ACGT

MOTIF chr10:43905201-43905211

letter-probability matrix: alength= 4 w= 10
	0.0	1.0	0.0	0.0
	0.0	0.0	0.0	1.0
	0.0	0.25	0.75	0.0
	0.0	1.0	0.0	0.0
	0.5	0.5	0.0	0.0
	1.0	0.0	0.0	0.0
	0.0	0.75	0.25	0.0
	0.0	1.0	0.0	0.0
	0.0	0.0	0.0	1.0
	0.0	1.0	0.0	0.0

MEME version 4

ALPHABET= ACGT

MOTIF chr10:43908822-43908847

letter-probability matrix: alength= 4 w= 25
	0.0	0.0	1.0	0.0
	1.0	0.0	0.0	0.0
	0.0	0.0	1.0	0.0
	0.0	1.0	0.0	0.0
	0.0	1.0	0.0	0.0
	0.0	0.0	0.0	1.0
	0.0	0.0	1.0	0.0
	0.0	0.0	1.0	0.0
	0.0	1.0	0.0	0.0
	0.0	0.0	0.0	1.0
	0.0	0.0	1.0	0.0
	0.0	0.0	1.0	0.0
	0.0	1.0	0.0	0.0
	0.0	0.0	0.0	1.0
	1.0	0.0	0.0	0.0
	0.0	1.0	0.0	0.0
	0.0	1.0	0.0	0.0
	0.0	0.0	0.0	1.0
	0.0	0.0	1.0	0.0
	0.0	0.0	1.0	0.0
	0.0	0.0	1.0	0.0
	0.0	1.0	0.0	0.0
	0.0	0.0	1.0	0.0
	0.0	1.0	0.0	0.0
	0.0	1.0	0.0	0.0

MEME version 4

ALPHABET= ACGT

MOTIF chr22:42017508-42017518

letter-probability matrix: alength= 4 w= 10
	0.0	1.0	0.0	0.0
	0.0	0.0	0.0	1.0
	0.0	0.25	0.75	0.0
	0.0	1.0	0.0	0.0
	0.5	0.5	0.0	0.0
	1.0	0.0	0.0	0.0
	0.0	0.75	0.25	0.0
	0.0	1.0	0.0	0.0
	0.0	0.0	0.0	1.0
	0.0	1.0	0.0	0.0

MEME version 4

ALPHABET= ACGT

MOTIF chr22:42076156-42076181

letter-probability matrix: alength= 4 w= 25
	0.0	0.0	1.0	0.0
	1.0	0.0	0.0	0.0
	0.0	0.0	1.0	0.0
	0.0	1.0	0.0	0.0
	0.0	1.0	0.0	0.0
	0.0	0.0	0.0	1.0
	0.0	0.0	1.0	0.0
	0.0	0.0	1.0	0.0
	0.0	1.0	0.0	0.0
	0.0	0.0	0.0	1.0
	0.0	0.0	1.0	0.0
	0.0	0.0	1.0	0.0
	0.0	1.0	0.0	0.0
	0.0	0.0	0.0	1.0
	1.0	0.0	0.0	0.0
	0.0	1.0	0.0	0.0
	0.0	1.0	0.0	0.0
	0.0	0.0	0.0	1.0
	0.0	0.0	1.0	0.0
	0.0	0.0	1.0	0.0
	0.0	0.0	1.0	0.0
	0.0	1.0	0.0	0.0
	0.0	0.0	1.0	0.0
	0.0	1.0	0.0	0.0
	0.0	1.0	0.0	0.0

MEME version 4

ALPHABET= ACGT

MOTIF chr19:40854204-40854214

letter-probability matrix: alength= 4 w= 10
	0.0	1.0	0.0	0.0
	0.0	0.0	0.0	1.0
	0.0	0.25	0.75	0.0
	0.0	1.0	0.0	0.0
	0.5	0.5	0.0	0.0
	1.0	0.0	0.0	0.0
	0.0	0.75	0.25	0.0
	0.0	1.0	0.0	0.0
	0.0	0.0	0.0	1.0
	0.0	1.0	0.0	0.0

MEME version 4

ALPHABET= ACGT

MOTIF chr19:40879337-40879362

letter-probability matrix: alength= 4 w= 25
	0.0	0.0	1.0	0.0
	1.0	0.0	0.0	0.0
	0.0	0.0	1.0	0.0
	0.0	1.0	0.0	0.0
	0.0	1.0	0.0	0.0
	0.0	0.0	0.0	1.0
	0.0	0.0	1.0	0.0
	0.0	0.0	1.0	0.0
	0.0	1.0	0.0	0.0
	0.0	0.0	0.0	1.0
	0.0	0.0	1.0	0.0
	0.0	0.0	1.0	0.0
	0.0	1.0	0.0	0.0
	0.0	0.0	0.0	1.0
	1.0	0.0	0.0	0.0
	0.0	1.0	0.0	0.0
	0.0	1.0	0.0	0.0
	0.0	0.0	0.0	1.0
	0.0	0.0	1.0	0.0
	0.0	0.0	1.0	0.0
	0.0	0.0	1.0	0.0
	0.0	1.0	0.0	0.0
	0.0	0.0	1.0	0.0
	0.0	1.0	0.0	0.0
	0.0	1.0	0.0	0.0

MEME version 4

ALPHABET= ACGT

MOTIF chr14:24711963-24711973

letter-probability matrix: alength= 4 w= 10
	0.0	1.0	0.0	0.0
	0.0	0.0	0.0	1.0
	0.0	0.25	0.75	0.0
	0.0	1.0	0.0	0.0
	0.5	0.5	0.0	0.0
	1.0	0.0	0.0	0.0
	0.0	0.75	0.25	0.0
	0.0	1.0	0.0	0.0
	0.0	0.0	0.0	1.0
	0.0	1.0	0.0	0.0

MEME version 4

ALPHABET= ACGT

MOTIF chr14:24684331-24684356

letter-probability matrix: alength= 4 w= 25
	0.0	0.0	1.0	0.0
	1.0	0.0	0.0	0.0
	0.0	0.0	1.0	0.0
	0.0	1.0	0.0	0.0
	0.0	1.0	0.0	0.0
	0.0	0.0	0.0	1.0
	0.0	0.0	1.0	0.0
	0.0	0.0	1.0	0.0
	0.0	1.0	0.0	0.0
	0.0	0.0	0.0	1.0
	0.0	0.0	1.0	0.0
	0.0	0.0	1.0	0.0
	0.0	1.0	0.0	0.0
	0.0	0.0	0.0	1.0
	1.0	0.0	0.0	0.0
	0.0	1.0	0.0	0.0
	0.0	1.0	0.0	0.0
	0.0	0.0	0.0	1.0
	0.0	0.0	1.0	0.0
	0.0	0.0	1.0	0.0
	0.0	0.0	1.0	0.0
	0.0	1.0	0.0	0.0
	0.0	0.0	1.0	0.0
	0.0	1.0	0.0	0.0
	0.0	1.0	0.0	0.0

MEME version 4

ALPHABET= ACGT

MOTIF chr19:40886906-40886916

letter-probability matrix: alength= 4 w= 10
	0.0	1.0	0.0	0.0
	0.0	0.0	0.0	1.0
	0.0	0.25	0.75	0.0
	0.0	1.0	0.0	0.0
	0.5	0.5	0.0	0.0
	1.0	0.0	0.0	0.0
	0.0	0.75	0.25	0.0
	0.0	1.0	0.0	0.0
	0.0	0.0	0.0	1.0
	0.0	1.0	0.0	0.0

MEME version 4

ALPHABET= ACGT

MOTIF chr19:40880346-40880371

letter-probability matrix: alength= 4 w= 25
	0.0	0.0	1.0	0.0
	1.0	0.0	0.0	0.0
	0.0	0.0	1.0	0.0
	0.0	1.0	0.0	0.0
	0.0	1.0	0.0	0.0
	0.0	0.0	0.0	1.0
	0.0	0.0	1.0	0.0
	0.0	0.0	1.0	0.0
	0.0	1.0	0.0	0.0
	0.0	0.0	0.0	1.0
	0.0	0.0	1.0	0.0
	0.0	0.0	1.0	0.0
	0.0	1.0	0.0	0.0
	0.0	0.0	0.0	1.0
	1.0	0.0	0.0	0.0
	0.0	1.0	0.0	0.0
	0.0	1.0	0.0	0.0
	0.0	0.0	0.0	1.0
	0.0	0.0	1.0	0.0
	0.0	0.0	1.0	0.0
	0.0	0.0	1.0	0.0
	0.0	1.0	0.0	0.0
	0.0	0.0	1.0	0.0
	0.0	1.0	0.0	0.0
	0.0	1.0	0.0	0.0

MEME version 4

ALPHABET= ACGT

MOTIF chr4:108510862-108510872

letter-probability matrix: alength= 4 w= 10
	0.0	1.0	0.0	0.0
	0.0	0.0	0.0	1.0
	0.0	0.25	0.75	0.0
	0.0	1.0	0.0	0.0
	0.5	0.5	0.0	0.0
	1.0	0.0	0.0	0.0
	0.0	0.75	0.25	0.0
	0.0	1.0	0.0	0.0
	0.0	0.0	0.0	1.0
	0.0	1.0	0.0	0.0

MEME version 4

ALPHABET= ACGT

MOTIF chr4:108615262-108615287

letter-probability matrix: alength= 4 w= 25
	0.0	0.0	1.0	0.0
	1.0	0.0	0.0	0.0
	0.0	0.0	1.0	0.0
	0.0	1.0	0.0	0.0
	0.0	1.0	0.0	0.0
	0.0	0.0	0.0	1.0
	0.0	0.0	1.0	0.0
	0.0	0.0	1.0	0.0
	0.0	1.0	0.0	0.0
	0.0	0.0	0.0	1.0
	0.0	0.0	1.0	0.0
	0.0	0.0	1.0	0.0
	0.0	1.0	0.0	0.0
	0.0	0.0	0.0	1.0
	1.0	0.0	0.0	0.0
	0.0	1.0	0.0	0.0
	0.0	1.0	0.0	0.0
	0.0	0.0	0.0	1.0
	0.0	0.0	1.0	0.0
	0.0	0.0	1.0	0.0
	0.0	0.0	1.0	0.0
	0.0	1.0	0.0	0.0
	0.0	0.0	1.0	0.0
	0.0	1.0	0.0	0.0
	0.0	1.0	0.0	0.0

MEME version 4

ALPHABET= ACGT

MOTIF chr10:32296963-32296973

letter-probability matrix: alength= 4 w= 10
	0.0	1.0	0.0	0.0
	0.0	0.0	0.0	1.0
	0.0	0.25	0.75	0.0
	0.0	1.0	0.0	0.0
	0.5	0.5	0.0	0.0
	1.0	0.0	0.0	0.0
	0.0	0.75	0.25	0.0
	0.0	1.0	0.0	0.0
	0.0	0.0	0.0	1.0
	0.0	1.0	0.0	0.0

MEME version 4

ALPHABET= ACGT

MOTIF chr10:32355489-32355514

letter-probability matrix: alength= 4 w= 25
	0.0	0.0	1.0	0.0
	1.0	0.0	0.0	0.0
	0.0	0.0	1.0	0.0
	0.0	1.0	0.0	0.0
	0.0	1.0	0.0	0.0
	0.0	0.0	0.0	1.0
	0.0	0.0	1.0	0.0
	0.0	0.0	1.0	0.0
	0.0	1.0	0.0	0.0
	0.0	0.0	0.0	1.0
	0.0	0.0	1.0	0.0
	0.0	0.0	1.0	0.0
	0.0	1.0	0.0	0.0
	0.0	0.0	0.0	1.0
	1.0	0.0	0.0	0.0
	0.0	1.0	0.0	0.0
	0.0	1.0	0.0	0.0
	0.0	0.0	0.0	1.0
	0.0	0.0	1.0	0.0
	0.0	0.0	1.0	0.0
	0.0	0.0	1.0	0.0
	0.0	1.0	0.0	0.0
	0.0	0.0	1.0	0.0
	0.0	1.0	0.0	0.0
	0.0	1.0	0.0	0.0

MEME version 4

ALPHABET= ACGT

MOTIF chr22:50962584-50962594

letter-probability matrix: alength= 4 w= 10
	0.0	1.0	0.0	0.0
	0.0	0.0	0.0	1.0
	0.0	0.25	0.75	0.0
	0.0	1.0	0.0	0.0
	0.5	0.5	0.0	0.0
	1.0	0.0	0.0	0.0
	0.0	0.75	0.25	0.0
	0.0	1.0	0.0	0.0
	0.0	0.0	0.0	1.0
	0.0	1.0	0.0	0.0

MEME version 4

ALPHABET= ACGT

MOTIF chr22:50935975-50936000

letter-probability matrix: alength= 4 w= 25
	0.0	0.0	1.0	0.0
	1.0	0.0	0.0	0.0
	0.0	0.0	1.0	0.0
	0.0	1.0	0.0	0.0
	0.0	1.0	0.0	0.0
	0.0	0.0	0.0	1.0
	0.0	0.0	1.0	0.0
	0.0	0.0	1.0	0.0
	0.0	1.0	0.0	0.0
	0.0	0.0	0.0	1.0
	0.0	0.0	1.0	0.0
	0.0	0.0	1.0	0.0
	0.0	1.0	0.0	0.0
	0.0	0.0	0.0	1.0
	1.0	0.0	0.0	0.0
	0.0	1.0	0.0	0.0
	0.0	1.0	0.0	0.0
	0.0	0.0	0.0	1.0
	0.0	0.0	1.0	0.0
	0.0	0.0	1.0	0.0
	0.0	0.0	1.0	0.0
	0.0	1.0	0.0	0.0
	0.0	0.0	1.0	0.0
	0.0	1.0	0.0	0.0
	0.0	1.0	0.0	0.0

MEME version 4

ALPHABET= ACGT

MOTIF chr17:79634434-79634444

letter-probability matrix: alength= 4 w= 10
	0.0	1.0	0.0	0.0
	0.0	0.0	0.0	1.0
	0.0	0.25	0.75	0.0
	0.0	1.0	0.0	0.0
	0.5	0.5	0.0	0.0
	1.0	0.0	0.0	0.0
	0.0	0.75	0.25	0.0
	0.0	1.0	0.0	0.0
	0.0	0.0	0.0	1.0
	0.0	1.0	0.0	0.0

MEME version 4

ALPHABET= ACGT

MOTIF chr17:79612384-79612409

letter-probability matrix: alength= 4 w= 25
	0.0	0.0	1.0	0.0
	1.0	0.0	0.0	0.0
	0.0	0.0	1.0	0.0
	0.0	1.0	0.0	0.0
	0.0	1.0	0.0	0.0
	0.0	0.0	0.0	1.0
	0.0	0.0	1.0	0.0
	0.0	0.0	1.0	0.0
	0.0	1.0	0.0	0.0
	0.0	0.0	0.0	1.0
	0.0	0.0	1.0	0.0
	0.0	0.0	1.0	0.0
	0.0	1.0	0.0	0.0
	0.0	0.0	0.0	1.0
	1.0	0.0	0.0	0.0
	0.0	1.0	0.0	0.0
	0.0	1.0	0.0	0.0
	0.0	0.0	0.0	1.0
	0.0	0.0	1.0	0.0
	0.0	0.0	1.0	0.0
	0.0	0.0	1.0	0.0
	0.0	1.0	0.0	0.0
	0.0	0.0	1.0	0.0
	0.0	1.0	0.0	0.0
	0.0	1.0	0.0	0.0

MEME version 4

ALPHABET= ACGT

MOTIF chr20:30312726-30312736

letter-probability matrix: alength= 4 w= 10
	0.0	1.0	0.0	0.0
	0.0	0.0	0.0	1.0
	0.0	0.25	0.75	0.0
	0.0	1.0	0.0	0.0
	0.5	0.5	0.0	0.0
	1.0	0.0	0.0	0.0
	0.0	0.75	0.25	0.0
	0.0	1.0	0.0	0.0
	0.0	0.0	0.0	1.0
	0.0	1.0	0.0	0.0

MEME version 4

ALPHABET= ACGT

MOTIF chr20:30325892-30325917

letter-probability matrix: alength= 4 w= 25
	0.0	0.0	1.0	0.0
	1.0	0.0	0.0	0.0
	0.0	0.0	1.0	0.0
	0.0	1.0	0.0	0.0
	0.0	1.0	0.0	0.0
	0.0	0.0	0.0	1.0
	0.0	0.0	1.0	0.0
	0.0	0.0	1.0	0.0
	0.0	1.0	0.0	0.0
	0.0	0.0	0.0	1.0
	0.0	0.0	1.0	0.0
	0.0	0.0	1.0	0.0
	0.0	1.0	0.0	0.0
	0.0	0.0	0.0	1.0
	1.0	0.0	0.0	0.0
	0.0	1.0	0.0	0.0
	0.0	1.0	0.0	0.0
	0.0	0.0	0.0	1.0
	0.0	0.0	1.0	0.0
	0.0	0.0	1.0	0.0
	0.0	0.0	1.0	0.0
	0.0	1.0	0.0	0.0
	0.0	0.0	1.0	0.0
	0.0	1.0	0.0	0.0
	0.0	1.0	0.0	0.0

MEME version 4

ALPHABET= ACGT

MOTIF chr3:138372669-138372679

letter-probability matrix: alength= 4 w= 10
	0.0	1.0	0.0	0.0
	0.0	0.0	0.0	1.0
	0.0	0.25	0.75	0.0
	0.0	1.0	0.0	0.0
	0.5	0.5	0.0	0.0
	1.0	0.0	0.0	0.0
	0.0	0.75	0.25	0.0
	0.0	1.0	0.0	0.0
	0.0	0.0	0.0	1.0
	0.0	1.0	0.0	0.0

MEME version 4

ALPHABET= ACGT

MOTIF chr3:138533927-138533952

letter-probability matrix: alength= 4 w= 25
	0.0	0.0	1.0	0.0
	1.0	0.0	0.0	0.0
	0.0	0.0	1.0	0.0
	0.0	1.0	0.0	0.0
	0.0	1.0	0.0	0.0
	0.0	0.0	0.0	1.0
	0.0	0.0	1.0	0.0
	0.0	0.0	1.0	0.0
	0.0	1.0	0.0	0.0
	0.0	0.0	0.0	1.0
	0.0	0.0	1.0	0.0
	0.0	0.0	1.0	0.0
	0.0	1.0	0.0	0.0
	0.0	0.0	0.0	1.0
	1.0	0.0	0.0	0.0
	0.0	1.0	0.0	0.0
	0.0	1.0	0.0	0.0
	0.0	0.0	0.0	1.0
	0.0	0.0	1.0	0.0
	0.0	0.0	1.0	0.0
	0.0	0.0	1.0	0.0
	0.0	1.0	0.0	0.0
	0.0	0.0	1.0	0.0
	0.0	1.0	0.0	0.0
	0.0	1.0	0.0	0.0

MEME version 4

ALPHABET= ACGT

MOTIF chr1:173577741-173577751

letter-probability matrix: alength= 4 w= 10
	0.0	1.0	0.0	0.0
	0.0	0.0	0.0	1.0
	0.0	0.25	0.75	0.0
	0.0	1.0	0.0	0.0
	0.5	0.5	0.0	0.0
	1.0	0.0	0.0	0.0
	0.0	0.75	0.25	0.0
	0.0	1.0	0.0	0.0
	0.0	0.0	0.0	1.0
	0.0	1.0	0.0	0.0

MEME version 4

ALPHABET= ACGT

MOTIF chr1:173633567-173633592

letter-probability matrix: alength= 4 w= 25
	0.0	0.0	1.0	0.0
	1.0	0.0	0.0	0.0
	0.0	0.0	1.0	0.0
	0.0	1.0	0.0	0.0
	0.0	1.0	0.0	0.0
	0.0	0.0	0.0	1.0
	0.0	0.0	1.0	0.0
	0.0	0.0	1.0	0.0
	0.0	1.0	0.0	0.0
	0.0	0.0	0.0	1.0
	0.0	0.0	1.0	0.0
	0.0	0.0	1.0	0.0
	0.0	1.0	0.0	0.0
	0.0	0.0	0.0	1.0
	1.0	0.0	0.0	0.0
	0.0	1.0	0.0	0.0
	0.0	1.0	0.0	0.0
	0.0	0.0	0.0	1.0
	0.0	0.0	1.0	0.0
	0.0	0.0	1.0	0.0
	0.0	0.0	1.0	0.0
	0.0	1.0	0.0	0.0
	0.0	0.0	1.0	0.0
	0.0	1.0	0.0	0.0
	0.0	1.0	0.0	0.0

MEME version 4

ALPHABET= ACGT

MOTIF chr19:55682306-55682316

letter-probability matrix: alength= 4 w= 10
	0.0	1.0	0.0	0.0
	0.0	0.0	0.0	1.0
	0.0	0.25	0.75	0.0
	0.0	1.0	0.0	0.0
	0.5	0.5	0.0	0.0
	1.0	0.0	0.0	0.0
	0.0	0.75	0.25	0.0
	0.0	1.0	0.0	0.0
	0.0	0.0	0.0	1.0
	0.0	1.0	0.0	0.0

MEME version 4

ALPHABET= ACGT

MOTIF chr19:55696402-55696427

letter-probability matrix: alength= 4 w= 25
	0.0	0.0	1.0	0.0
	1.0	0.0	0.0	0.0
	0.0	0.0	1.0	0.0
	0.0	1.0	0.0	0.0
	0.0	1.0	0.0	0.0
	0.0	0.0	0.0	1.0
	0.0	0.0	1.0	0.0
	0.0	0.0	1.0	0.0
	0.0	1.0	0.0	0.0
	0.0	0.0	0.0	1.0
	0.0	0.0	1.0	0.0
	0.0	0.0	1.0	0.0
	0.0	1.0	0.0	0.0
	0.0	0.0	0.0	1.0
	1.0	0.0	0.0	0.0
	0.0	1.0	0.0	0.0
	0.0	1.0	0.0	0.0
	0.0	0.0	0.0	1.0
	0.0	0.0	1.0	0.0
	0.0	0.0	1.0	0.0
	0.0	0.0	1.0	0.0
	0.0	1.0	0.0	0.0
	0.0	0.0	1.0	0.0
	0.0	1.0	0.0	0.0
	0.0	1.0	0.0	0.0

MEME version 4

ALPHABET= ACGT

MOTIF chr17:79631630-79631640

letter-probability matrix: alength= 4 w= 10
	0.0	1.0	0.0	0.0
	0.0	0.0	0.0	1.0
	0.0	0.25	0.75	0.0
	0.0	1.0	0.0	0.0
	0.5	0.5	0.0	0.0
	1.0	0.0	0.0	0.0
	0.0	0.75	0.25	0.0
	0.0	1.0	0.0	0.0
	0.0	0.0	0.0	1.0
	0.0	1.0	0.0	0.0

MEME version 4

ALPHABET= ACGT

MOTIF chr17:79612384-79612409

letter-probability matrix: alength= 4 w= 25
	0.0	0.0	1.0	0.0
	1.0	0.0	0.0	0.0
	0.0	0.0	1.0	0.0
	0.0	1.0	0.0	0.0
	0.0	1.0	0.0	0.0
	0.0	0.0	0.0	1.0
	0.0	0.0	1.0	0.0
	0.0	0.0	1.0	0.0
	0.0	1.0	0.0	0.0
	0.0	0.0	0.0	1.0
	0.0	0.0	1.0	0.0
	0.0	0.0	1.0	0.0
	0.0	1.0	0.0	0.0
	0.0	0.0	0.0	1.0
	1.0	0.0	0.0	0.0
	0.0	1.0	0.0	0.0
	0.0	1.0	0.0	0.0
	0.0	0.0	0.0	1.0
	0.0	0.0	1.0	0.0
	0.0	0.0	1.0	0.0
	0.0	0.0	1.0	0.0
	0.0	1.0	0.0	0.0
	0.0	0.0	1.0	0.0
	0.0	1.0	0.0	0.0
	0.0	1.0	0.0	0.0

MEME version 4

ALPHABET= ACGT

MOTIF chr1:29190741-29190751

letter-probability matrix: alength= 4 w= 10
	0.0	1.0	0.0	0.0
	0.0	0.0	0.0	1.0
	0.0	0.25	0.75	0.0
	0.0	1.0	0.0	0.0
	0.5	0.5	0.0	0.0
	1.0	0.0	0.0	0.0
	0.0	0.75	0.25	0.0
	0.0	1.0	0.0	0.0
	0.0	0.0	0.0	1.0
	0.0	1.0	0.0	0.0

MEME version 4

ALPHABET= ACGT

MOTIF chr1:29112157-29112182

letter-probability matrix: alength= 4 w= 25
	0.0	0.0	1.0	0.0
	1.0	0.0	0.0	0.0
	0.0	0.0	1.0	0.0
	0.0	1.0	0.0	0.0
	0.0	1.0	0.0	0.0
	0.0	0.0	0.0	1.0
	0.0	0.0	1.0	0.0
	0.0	0.0	1.0	0.0
	0.0	1.0	0.0	0.0
	0.0	0.0	0.0	1.0
	0.0	0.0	1.0	0.0
	0.0	0.0	1.0	0.0
	0.0	1.0	0.0	0.0
	0.0	0.0	0.0	1.0
	1.0	0.0	0.0	0.0
	0.0	1.0	0.0	0.0
	0.0	1.0	0.0	0.0
	0.0	0.0	0.0	1.0
	0.0	0.0	1.0	0.0
	0.0	0.0	1.0	0.0
	0.0	0.0	1.0	0.0
	0.0	1.0	0.0	0.0
	0.0	0.0	1.0	0.0
	0.0	1.0	0.0	0.0
	0.0	1.0	0.0	0.0

MEME version 4

ALPHABET= ACGT

MOTIF chr19:41859460-41859470

letter-probability matrix: alength= 4 w= 10
	0.0	1.0	0.0	0.0
	0.0	0.0	0.0	1.0
	0.0	0.25	0.75	0.0
	0.0	1.0	0.0	0.0
	0.5	0.5	0.0	0.0
	1.0	0.0	0.0	0.0
	0.0	0.75	0.25	0.0
	0.0	1.0	0.0	0.0
	0.0	0.0	0.0	1.0
	0.0	1.0	0.0	0.0

MEME version 4

ALPHABET= ACGT

MOTIF chr19:41901089-41901114

letter-probability matrix: alength= 4 w= 25
	0.0	0.0	1.0	0.0
	1.0	0.0	0.0	0.0
	0.0	0.0	1.0	0.0
	0.0	1.0	0.0	0.0
	0.0	1.0	0.0	0.0
	0.0	0.0	0.0	1.0
	0.0	0.0	1.0	0.0
	0.0	0.0	1.0	0.0
	0.0	1.0	0.0	0.0
	0.0	0.0	0.0	1.0
	0.0	0.0	1.0	0.0
	0.0	0.0	1.0	0.0
	0.0	1.0	0.0	0.0
	0.0	0.0	0.0	1.0
	1.0	0.0	0.0	0.0
	0.0	1.0	0.0	0.0
	0.0	1.0	0.0	0.0
	0.0	0.0	0.0	1.0
	0.0	0.0	1.0	0.0
	0.0	0.0	1.0	0.0
	0.0	0.0	1.0	0.0
	0.0	1.0	0.0	0.0
	0.0	0.0	1.0	0.0
	0.0	1.0	0.0	0.0
	0.0	1.0	0.0	0.0

MEME version 4

ALPHABET= ACGT

MOTIF chr7:5084808-5084818

letter-probability matrix: alength= 4 w= 10
	0.0	1.0	0.0	0.0
	0.0	0.0	0.0	1.0
	0.0	0.25	0.75	0.0
	0.0	1.0	0.0	0.0
	0.5	0.5	0.0	0.0
	1.0	0.0	0.0	0.0
	0.0	0.75	0.25	0.0
	0.0	1.0	0.0	0.0
	0.0	0.0	0.0	1.0
	0.0	1.0	0.0	0.0

MEME version 4

ALPHABET= ACGT

MOTIF chr7:5080041-5080066

letter-probability matrix: alength= 4 w= 25
	0.0	0.0	1.0	0.0
	1.0	0.0	0.0	0.0
	0.0	0.0	1.0	0.0
	0.0	1.0	0.0	0.0
	0.0	1.0	0.0	0.0
	0.0	0.0	0.0	1.0
	0.0	0.0	1.0	0.0
	0.0	0.0	1.0	0.0
	0.0	1.0	0.0	0.0
	0.0	0.0	0.0	1.0
	0.0	0.0	1.0	0.0
	0.0	0.0	1.0	0.0
	0.0	1.0	0.0	0.0
	0.0	0.0	0.0	1.0
	1.0	0.0	0.0	0.0
	0.0	1.0	0.0	0.0
	0.0	1.0	0.0	0.0
	0.0	0.0	0.0	1.0
	0.0	0.0	1.0	0.0
	0.0	0.0	1.0	0.0
	0.0	0.0	1.0	0.0
	0.0	1.0	0.0	0.0
	0.0	0.0	1.0	0.0
	0.0	1.0	0.0	0.0
	0.0	1.0	0.0	0.0

MEME version 4

ALPHABET= ACGT

MOTIF chr12:58176837-58176847

letter-probability matrix: alength= 4 w= 10
	0.0	1.0	0.0	0.0
	0.0	0.0	0.0	1.0
	0.0	0.25	0.75	0.0
	0.0	1.0	0.0	0.0
	0.5	0.5	0.0	0.0
	1.0	0.0	0.0	0.0
	0.0	0.75	0.25	0.0
	0.0	1.0	0.0	0.0
	0.0	0.0	0.0	1.0
	0.0	1.0	0.0	0.0

MEME version 4

ALPHABET= ACGT

MOTIF chr12:58151374-58151399

letter-probability matrix: alength= 4 w= 25
	0.0	0.0	1.0	0.0
	1.0	0.0	0.0	0.0
	0.0	0.0	1.0	0.0
	0.0	1.0	0.0	0.0
	0.0	1.0	0.0	0.0
	0.0	0.0	0.0	1.0
	0.0	0.0	1.0	0.0
	0.0	0.0	1.0	0.0
	0.0	1.0	0.0	0.0
	0.0	0.0	0.0	1.0
	0.0	0.0	1.0	0.0
	0.0	0.0	1.0	0.0
	0.0	1.0	0.0	0.0
	0.0	0.0	0.0	1.0
	1.0	0.0	0.0	0.0
	0.0	1.0	0.0	0.0
	0.0	1.0	0.0	0.0
	0.0	0.0	0.0	1.0
	0.0	0.0	1.0	0.0
	0.0	0.0	1.0	0.0
	0.0	0.0	1.0	0.0
	0.0	1.0	0.0	0.0
	0.0	0.0	1.0	0.0
	0.0	1.0	0.0	0.0
	0.0	1.0	0.0	0.0

MEME version 4

ALPHABET= ACGT

MOTIF chr2:209131271-209131281

letter-probability matrix: alength= 4 w= 10
	0.0	1.0	0.0	0.0
	0.0	0.0	0.0	1.0
	0.0	0.25	0.75	0.0
	0.0	1.0	0.0	0.0
	0.5	0.5	0.0	0.0
	1.0	0.0	0.0	0.0
	0.0	0.75	0.25	0.0
	0.0	1.0	0.0	0.0
	0.0	0.0	0.0	1.0
	0.0	1.0	0.0	0.0

MEME version 4

ALPHABET= ACGT

MOTIF chr2:209149695-209149720

letter-probability matrix: alength= 4 w= 25
	0.0	0.0	1.0	0.0
	1.0	0.0	0.0	0.0
	0.0	0.0	1.0	0.0
	0.0	1.0	0.0	0.0
	0.0	1.0	0.0	0.0
	0.0	0.0	0.0	1.0
	0.0	0.0	1.0	0.0
	0.0	0.0	1.0	0.0
	0.0	1.0	0.0	0.0
	0.0	0.0	0.0	1.0
	0.0	0.0	1.0	0.0
	0.0	0.0	1.0	0.0
	0.0	1.0	0.0	0.0
	0.0	0.0	0.0	1.0
	1.0	0.0	0.0	0.0
	0.0	1.0	0.0	0.0
	0.0	1.0	0.0	0.0
	0.0	0.0	0.0	1.0
	0.0	0.0	1.0	0.0
	0.0	0.0	1.0	0.0
	0.0	0.0	1.0	0.0
	0.0	1.0	0.0	0.0
	0.0	0.0	1.0	0.0
	0.0	1.0	0.0	0.0
	0.0	1.0	0.0	0.0

MEME version 4

ALPHABET= ACGT

MOTIF chr19:36360256-36360266

letter-probability matrix: alength= 4 w= 10
	0.0	1.0	0.0	0.0
	0.0	0.0	0.0	1.0
	0.0	0.25	0.75	0.0
	0.0	1.0	0.0	0.0
	0.5	0.5	0.0	0.0
	1.0	0.0	0.0	0.0
	0.0	0.75	0.25	0.0
	0.0	1.0	0.0	0.0
	0.0	0.0	0.0	1.0
	0.0	1.0	0.0	0.0

MEME version 4

ALPHABET= ACGT

MOTIF chr19:36370821-36370846

letter-probability matrix: alength= 4 w= 25
	0.0	0.0	1.0	0.0
	1.0	0.0	0.0	0.0
	0.0	0.0	1.0	0.0
	0.0	1.0	0.0	0.0
	0.0	1.0	0.0	0.0
	0.0	0.0	0.0	1.0
	0.0	0.0	1.0	0.0
	0.0	0.0	1.0	0.0
	0.0	1.0	0.0	0.0
	0.0	0.0	0.0	1.0
	0.0	0.0	1.0	0.0
	0.0	0.0	1.0	0.0
	0.0	1.0	0.0	0.0
	0.0	0.0	0.0	1.0
	1.0	0.0	0.0	0.0
	0.0	1.0	0.0	0.0
	0.0	1.0	0.0	0.0
	0.0	0.0	0.0	1.0
	0.0	0.0	1.0	0.0
	0.0	0.0	1.0	0.0
	0.0	0.0	1.0	0.0
	0.0	1.0	0.0	0.0
	0.0	0.0	1.0	0.0
	0.0	1.0	0.0	0.0
	0.0	1.0	0.0	0.0

MEME version 4

ALPHABET= ACGT

MOTIF chr2:68685784-68685794

letter-probability matrix: alength= 4 w= 10
	0.0	1.0	0.0	0.0
	0.0	0.0	0.0	1.0
	0.0	0.25	0.75	0.0
	0.0	1.0	0.0	0.0
	0.5	0.5	0.0	0.0
	1.0	0.0	0.0	0.0
	0.0	0.75	0.25	0.0
	0.0	1.0	0.0	0.0
	0.0	0.0	0.0	1.0
	0.0	1.0	0.0	0.0

MEME version 4

ALPHABET= ACGT

MOTIF chr2:68715502-68715527

letter-probability matrix: alength= 4 w= 25
	0.0	0.0	1.0	0.0
	1.0	0.0	0.0	0.0
	0.0	0.0	1.0	0.0
	0.0	1.0	0.0	0.0
	0.0	1.0	0.0	0.0
	0.0	0.0	0.0	1.0
	0.0	0.0	1.0	0.0
	0.0	0.0	1.0	0.0
	0.0	1.0	0.0	0.0
	0.0	0.0	0.0	1.0
	0.0	0.0	1.0	0.0
	0.0	0.0	1.0	0.0
	0.0	1.0	0.0	0.0
	0.0	0.0	0.0	1.0
	1.0	0.0	0.0	0.0
	0.0	1.0	0.0	0.0
	0.0	1.0	0.0	0.0
	0.0	0.0	0.0	1.0
	0.0	0.0	1.0	0.0
	0.0	0.0	1.0	0.0
	0.0	0.0	1.0	0.0
	0.0	1.0	0.0	0.0
	0.0	0.0	1.0	0.0
	0.0	1.0	0.0	0.0
	0.0	1.0	0.0	0.0

MEME version 4

ALPHABET= ACGT

MOTIF chr12:105563483-105563493

letter-probability matrix: alength= 4 w= 10
	0.0	1.0	0.0	0.0
	0.0	0.0	0.0	1.0
	0.0	0.25	0.75	0.0
	0.0	1.0	0.0	0.0
	0.5	0.5	0.0	0.0
	1.0	0.0	0.0	0.0
	0.0	0.75	0.25	0.0
	0.0	1.0	0.0	0.0
	0.0	0.0	0.0	1.0
	0.0	1.0	0.0	0.0

MEME version 4

ALPHABET= ACGT

MOTIF chr12:105493767-105493792

letter-probability matrix: alength= 4 w= 25
	0.0	0.0	1.0	0.0
	1.0	0.0	0.0	0.0
	0.0	0.0	1.0	0.0
	0.0	1.0	0.0	0.0
	0.0	1.0	0.0	0.0
	0.0	0.0	0.0	1.0
	0.0	0.0	1.0	0.0
	0.0	0.0	1.0	0.0
	0.0	1.0	0.0	0.0
	0.0	0.0	0.0	1.0
	0.0	0.0	1.0	0.0
	0.0	0.0	1.0	0.0
	0.0	1.0	0.0	0.0
	0.0	0.0	0.0	1.0
	1.0	0.0	0.0	0.0
	0.0	1.0	0.0	0.0
	0.0	1.0	0.0	0.0
	0.0	0.0	0.0	1.0
	0.0	0.0	1.0	0.0
	0.0	0.0	1.0	0.0
	0.0	0.0	1.0	0.0
	0.0	1.0	0.0	0.0
	0.0	0.0	1.0	0.0
	0.0	1.0	0.0	0.0
	0.0	1.0	0.0	0.0

MEME version 4

ALPHABET= ACGT

MOTIF chr3:15468678-15468688

letter-probability matrix: alength= 4 w= 10
	0.0	1.0	0.0	0.0
	0.0	0.0	0.0	1.0
	0.0	0.25	0.75	0.0
	0.0	1.0	0.0	0.0
	0.5	0.5	0.0	0.0
	1.0	0.0	0.0	0.0
	0.0	0.75	0.25	0.0
	0.0	1.0	0.0	0.0
	0.0	0.0	0.0	1.0
	0.0	1.0	0.0	0.0

MEME version 4

ALPHABET= ACGT

MOTIF chr3:15500158-15500183

letter-probability matrix: alength= 4 w= 25
	0.0	0.0	1.0	0.0
	1.0	0.0	0.0	0.0
	0.0	0.0	1.0	0.0
	0.0	1.0	0.0	0.0
	0.0	1.0	0.0	0.0
	0.0	0.0	0.0	1.0
	0.0	0.0	1.0	0.0
	0.0	0.0	1.0	0.0
	0.0	1.0	0.0	0.0
	0.0	0.0	0.0	1.0
	0.0	0.0	1.0	0.0
	0.0	0.0	1.0	0.0
	0.0	1.0	0.0	0.0
	0.0	0.0	0.0	1.0
	1.0	0.0	0.0	0.0
	0.0	1.0	0.0	0.0
	0.0	1.0	0.0	0.0
	0.0	0.0	0.0	1.0
	0.0	0.0	1.0	0.0
	0.0	0.0	1.0	0.0
	0.0	0.0	1.0	0.0
	0.0	1.0	0.0	0.0
	0.0	0.0	1.0	0.0
	0.0	1.0	0.0	0.0
	0.0	1.0	0.0	0.0

MEME version 4

ALPHABET= ACGT

MOTIF chr4:103790352-103790362

letter-probability matrix: alength= 4 w= 10
	0.0	1.0	0.0	0.0
	0.0	0.0	0.0	1.0
	0.0	0.25	0.75	0.0
	0.0	1.0	0.0	0.0
	0.5	0.5	0.0	0.0
	1.0	0.0	0.0	0.0
	0.0	0.75	0.25	0.0
	0.0	1.0	0.0	0.0
	0.0	0.0	0.0	1.0
	0.0	1.0	0.0	0.0

MEME version 4

ALPHABET= ACGT

MOTIF chr4:103776168-103776193

letter-probability matrix: alength= 4 w= 25
	0.0	0.0	1.0	0.0
	1.0	0.0	0.0	0.0
	0.0	0.0	1.0	0.0
	0.0	1.0	0.0	0.0
	0.0	1.0	0.0	0.0
	0.0	0.0	0.0	1.0
	0.0	0.0	1.0	0.0
	0.0	0.0	1.0	0.0
	0.0	1.0	0.0	0.0
	0.0	0.0	0.0	1.0
	0.0	0.0	1.0	0.0
	0.0	0.0	1.0	0.0
	0.0	1.0	0.0	0.0
	0.0	0.0	0.0	1.0
	1.0	0.0	0.0	0.0
	0.0	1.0	0.0	0.0
	0.0	1.0	0.0	0.0
	0.0	0.0	0.0	1.0
	0.0	0.0	1.0	0.0
	0.0	0.0	1.0	0.0
	0.0	0.0	1.0	0.0
	0.0	1.0	0.0	0.0
	0.0	0.0	1.0	0.0
	0.0	1.0	0.0	0.0
	0.0	1.0	0.0	0.0

MEME version 4

ALPHABET= ACGT

MOTIF chr16:20817396-20817406

letter-probability matrix: alength= 4 w= 10
	0.0	1.0	0.0	0.0
	0.0	0.0	0.0	1.0
	0.0	0.25	0.75	0.0
	0.0	1.0	0.0	0.0
	0.5	0.5	0.0	0.0
	1.0	0.0	0.0	0.0
	0.0	0.75	0.25	0.0
	0.0	1.0	0.0	0.0
	0.0	0.0	0.0	1.0
	0.0	1.0	0.0	0.0

MEME version 4

ALPHABET= ACGT

MOTIF chr16:20851523-20851548

letter-probability matrix: alength= 4 w= 25
	0.0	0.0	1.0	0.0
	1.0	0.0	0.0	0.0
	0.0	0.0	1.0	0.0
	0.0	1.0	0.0	0.0
	0.0	1.0	0.0	0.0
	0.0	0.0	0.0	1.0
	0.0	0.0	1.0	0.0
	0.0	0.0	1.0	0.0
	0.0	1.0	0.0	0.0
	0.0	0.0	0.0	1.0
	0.0	0.0	1.0	0.0
	0.0	0.0	1.0	0.0
	0.0	1.0	0.0	0.0
	0.0	0.0	0.0	1.0
	1.0	0.0	0.0	0.0
	0.0	1.0	0.0	0.0
	0.0	1.0	0.0	0.0
	0.0	0.0	0.0	1.0
	0.0	0.0	1.0	0.0
	0.0	0.0	1.0	0.0
	0.0	0.0	1.0	0.0
	0.0	1.0	0.0	0.0
	0.0	0.0	1.0	0.0
	0.0	1.0	0.0	0.0
	0.0	1.0	0.0	0.0

MEME version 4

ALPHABET= ACGT

MOTIF chr16:67243606-67243616

letter-probability matrix: alength= 4 w= 10
	0.0	1.0	0.0	0.0
	0.0	0.0	0.0	1.0
	0.0	0.25	0.75	0.0
	0.0	1.0	0.0	0.0
	0.5	0.5	0.0	0.0
	1.0	0.0	0.0	0.0
	0.0	0.75	0.25	0.0
	0.0	1.0	0.0	0.0
	0.0	0.0	0.0	1.0
	0.0	1.0	0.0	0.0

MEME version 4

ALPHABET= ACGT

MOTIF chr16:67254229-67254254

letter-probability matrix: alength= 4 w= 25
	0.0	0.0	1.0	0.0
	1.0	0.0	0.0	0.0
	0.0	0.0	1.0	0.0
	0.0	1.0	0.0	0.0
	0.0	1.0	0.0	0.0
	0.0	0.0	0.0	1.0
	0.0	0.0	1.0	0.0
	0.0	0.0	1.0	0.0
	0.0	1.0	0.0	0.0
	0.0	0.0	0.0	1.0
	0.0	0.0	1.0	0.0
	0.0	0.0	1.0	0.0
	0.0	1.0	0.0	0.0
	0.0	0.0	0.0	1.0
	1.0	0.0	0.0	0.0
	0.0	1.0	0.0	0.0
	0.0	1.0	0.0	0.0
	0.0	0.0	0.0	1.0
	0.0	0.0	1.0	0.0
	0.0	0.0	1.0	0.0
	0.0	0.0	1.0	0.0
	0.0	1.0	0.0	0.0
	0.0	0.0	1.0	0.0
	0.0	1.0	0.0	0.0
	0.0	1.0	0.0	0.0

MEME version 4

ALPHABET= ACGT

MOTIF chr4:103789306-103789316

letter-probability matrix: alength= 4 w= 10
	0.0	1.0	0.0	0.0
	0.0	0.0	0.0	1.0
	0.0	0.25	0.75	0.0
	0.0	1.0	0.0	0.0
	0.5	0.5	0.0	0.0
	1.0	0.0	0.0	0.0
	0.0	0.75	0.25	0.0
	0.0	1.0	0.0	0.0
	0.0	0.0	0.0	1.0
	0.0	1.0	0.0	0.0

MEME version 4

ALPHABET= ACGT

MOTIF chr4:103776168-103776193

letter-probability matrix: alength= 4 w= 25
	0.0	0.0	1.0	0.0
	1.0	0.0	0.0	0.0
	0.0	0.0	1.0	0.0
	0.0	1.0	0.0	0.0
	0.0	1.0	0.0	0.0
	0.0	0.0	0.0	1.0
	0.0	0.0	1.0	0.0
	0.0	0.0	1.0	0.0
	0.0	1.0	0.0	0.0
	0.0	0.0	0.0	1.0
	0.0	0.0	1.0	0.0
	0.0	0.0	1.0	0.0
	0.0	1.0	0.0	0.0
	0.0	0.0	0.0	1.0
	1.0	0.0	0.0	0.0
	0.0	1.0	0.0	0.0
	0.0	1.0	0.0	0.0
	0.0	0.0	0.0	1.0
	0.0	0.0	1.0	0.0
	0.0	0.0	1.0	0.0
	0.0	0.0	1.0	0.0
	0.0	1.0	0.0	0.0
	0.0	0.0	1.0	0.0
	0.0	1.0	0.0	0.0
	0.0	1.0	0.0	0.0

MEME version 4

ALPHABET= ACGT

MOTIF chr17:56770259-56770269

letter-probability matrix: alength= 4 w= 10
	0.0	1.0	0.0	0.0
	0.0	0.0	0.0	1.0
	0.0	0.25	0.75	0.0
	0.0	1.0	0.0	0.0
	0.5	0.5	0.0	0.0
	1.0	0.0	0.0	0.0
	0.0	0.75	0.25	0.0
	0.0	1.0	0.0	0.0
	0.0	0.0	0.0	1.0
	0.0	1.0	0.0	0.0

MEME version 4

ALPHABET= ACGT

MOTIF chr17:56774506-56774531

letter-probability matrix: alength= 4 w= 25
	0.0	0.0	1.0	0.0
	1.0	0.0	0.0	0.0
	0.0	0.0	1.0	0.0
	0.0	1.0	0.0	0.0
	0.0	1.0	0.0	0.0
	0.0	0.0	0.0	1.0
	0.0	0.0	1.0	0.0
	0.0	0.0	1.0	0.0
	0.0	1.0	0.0	0.0
	0.0	0.0	0.0	1.0
	0.0	0.0	1.0	0.0
	0.0	0.0	1.0	0.0
	0.0	1.0	0.0	0.0
	0.0	0.0	0.0	1.0
	1.0	0.0	0.0	0.0
	0.0	1.0	0.0	0.0
	0.0	1.0	0.0	0.0
	0.0	0.0	0.0	1.0
	0.0	0.0	1.0	0.0
	0.0	0.0	1.0	0.0
	0.0	0.0	1.0	0.0
	0.0	1.0	0.0	0.0
	0.0	0.0	1.0	0.0
	0.0	1.0	0.0	0.0
	0.0	1.0	0.0	0.0

