MEME version 4

ALPHABET= ACGT

MOTIF chr2:69665388-69665398

letter-probability matrix: alength= 4 w= 10
	0.0	0.0	0.0	1.0
	0.0	0.0	0.0	1.0
	0.0	0.0	0.0	1.0
	0.0	0.0	0.0	1.0
	0.0	0.0	0.25	0.75
	0.0	0.0	0.75	0.25
	0.0	0.0	0.0	1.0
	0.25	0.25	0.25	0.25
	0.0	0.0	0.0	1.0
	0.0	0.0	0.0	1.0

MEME version 4

ALPHABET= ACGT

MOTIF chr2:69684558-69684583

letter-probability matrix: alength= 4 w= 25
	0.0	0.5	0.0	0.5
	0.0	0.0	0.0	1.0
	0.0	1.0	0.0	0.0
	1.0	0.0	0.0	0.0
	0.0	0.5	0.5	0.0
	0.5	0.0	0.0	0.5
	0.0	1.0	0.0	0.0
	0.0	1.0	0.0	0.0
	0.0	1.0	0.0	0.0
	0.5	0.5	0.0	0.0
	1.0	0.0	0.0	0.0
	0.5	0.5	0.0	0.0
	0.5	0.0	0.0	0.5
	0.5	0.0	0.0	0.5
	0.5	0.0	0.5	0.0
	1.0	0.0	0.0	0.0
	1.0	0.0	0.0	0.0
	0.0	0.0	1.0	0.0
	0.0	0.0	1.0	0.0
	0.0	0.0	0.5	0.5
	0.5	0.0	0.0	0.5
	0.0	0.0	0.0	1.0
	0.0	0.0	0.0	1.0
	0.0	0.0	0.5	0.5
	0.0	0.0	1.0	0.0

MEME version 4

ALPHABET= ACGT

MOTIF chr7:66461030-66461040

letter-probability matrix: alength= 4 w= 10
	0.0	0.0	0.0	1.0
	0.0	0.0	0.0	1.0
	0.0	0.0	0.0	1.0
	0.0	0.0	0.0	1.0
	0.0	0.0	0.25	0.75
	0.0	0.0	0.75	0.25
	0.0	0.0	0.0	1.0
	0.25	0.25	0.25	0.25
	0.0	0.0	0.0	1.0
	0.0	0.0	0.0	1.0

MEME version 4

ALPHABET= ACGT

MOTIF chr7:66429254-66429279

letter-probability matrix: alength= 4 w= 25
	0.0	0.5	0.0	0.5
	0.0	0.0	0.0	1.0
	0.0	1.0	0.0	0.0
	1.0	0.0	0.0	0.0
	0.0	0.5	0.5	0.0
	0.5	0.0	0.0	0.5
	0.0	1.0	0.0	0.0
	0.0	1.0	0.0	0.0
	0.0	1.0	0.0	0.0
	0.5	0.5	0.0	0.0
	1.0	0.0	0.0	0.0
	0.5	0.5	0.0	0.0
	0.5	0.0	0.0	0.5
	0.5	0.0	0.0	0.5
	0.5	0.0	0.5	0.0
	1.0	0.0	0.0	0.0
	1.0	0.0	0.0	0.0
	0.0	0.0	1.0	0.0
	0.0	0.0	1.0	0.0
	0.0	0.0	0.5	0.5
	0.5	0.0	0.0	0.5
	0.0	0.0	0.0	1.0
	0.0	0.0	0.0	1.0
	0.0	0.0	0.5	0.5
	0.0	0.0	1.0	0.0

MEME version 4

ALPHABET= ACGT

MOTIF chr17:59942180-59942190

letter-probability matrix: alength= 4 w= 10
	0.0	0.0	0.0	1.0
	0.0	0.0	0.0	1.0
	0.0	0.0	0.0	1.0
	0.0	0.0	0.0	1.0
	0.0	0.0	0.25	0.75
	0.0	0.0	0.75	0.25
	0.0	0.0	0.0	1.0
	0.25	0.25	0.25	0.25
	0.0	0.0	0.0	1.0
	0.0	0.0	0.0	1.0

MEME version 4

ALPHABET= ACGT

MOTIF chr17:60018574-60018599

letter-probability matrix: alength= 4 w= 25
	0.0	0.5	0.0	0.5
	0.0	0.0	0.0	1.0
	0.0	1.0	0.0	0.0
	1.0	0.0	0.0	0.0
	0.0	0.5	0.5	0.0
	0.5	0.0	0.0	0.5
	0.0	1.0	0.0	0.0
	0.0	1.0	0.0	0.0
	0.0	1.0	0.0	0.0
	0.5	0.5	0.0	0.0
	1.0	0.0	0.0	0.0
	0.5	0.5	0.0	0.0
	0.5	0.0	0.0	0.5
	0.5	0.0	0.0	0.5
	0.5	0.0	0.5	0.0
	1.0	0.0	0.0	0.0
	1.0	0.0	0.0	0.0
	0.0	0.0	1.0	0.0
	0.0	0.0	1.0	0.0
	0.0	0.0	0.5	0.5
	0.5	0.0	0.0	0.5
	0.0	0.0	0.0	1.0
	0.0	0.0	0.0	1.0
	0.0	0.0	0.5	0.5
	0.0	0.0	1.0	0.0

MEME version 4

ALPHABET= ACGT

MOTIF chr14:24612467-24612477

letter-probability matrix: alength= 4 w= 10
	0.0	0.0	0.0	1.0
	0.0	0.0	0.0	1.0
	0.0	0.0	0.0	1.0
	0.0	0.0	0.0	1.0
	0.0	0.0	0.25	0.75
	0.0	0.0	0.75	0.25
	0.0	0.0	0.0	1.0
	0.25	0.25	0.25	0.25
	0.0	0.0	0.0	1.0
	0.0	0.0	0.0	1.0

MEME version 4

ALPHABET= ACGT

MOTIF chr14:24629837-24629862

letter-probability matrix: alength= 4 w= 25
	0.0	0.5	0.0	0.5
	0.0	0.0	0.0	1.0
	0.0	1.0	0.0	0.0
	1.0	0.0	0.0	0.0
	0.0	0.5	0.5	0.0
	0.5	0.0	0.0	0.5
	0.0	1.0	0.0	0.0
	0.0	1.0	0.0	0.0
	0.0	1.0	0.0	0.0
	0.5	0.5	0.0	0.0
	1.0	0.0	0.0	0.0
	0.5	0.5	0.0	0.0
	0.5	0.0	0.0	0.5
	0.5	0.0	0.0	0.5
	0.5	0.0	0.5	0.0
	1.0	0.0	0.0	0.0
	1.0	0.0	0.0	0.0
	0.0	0.0	1.0	0.0
	0.0	0.0	1.0	0.0
	0.0	0.0	0.5	0.5
	0.5	0.0	0.0	0.5
	0.0	0.0	0.0	1.0
	0.0	0.0	0.0	1.0
	0.0	0.0	0.5	0.5
	0.0	0.0	1.0	0.0

MEME version 4

ALPHABET= ACGT

MOTIF chr2:209130493-209130503

letter-probability matrix: alength= 4 w= 10
	0.0	0.0	0.0	1.0
	0.0	0.0	0.0	1.0
	0.0	0.0	0.0	1.0
	0.0	0.0	0.0	1.0
	0.0	0.0	0.25	0.75
	0.0	0.0	0.75	0.25
	0.0	0.0	0.0	1.0
	0.25	0.25	0.25	0.25
	0.0	0.0	0.0	1.0
	0.0	0.0	0.0	1.0

MEME version 4

ALPHABET= ACGT

MOTIF chr2:209150133-209150158

letter-probability matrix: alength= 4 w= 25
	0.0	0.5	0.0	0.5
	0.0	0.0	0.0	1.0
	0.0	1.0	0.0	0.0
	1.0	0.0	0.0	0.0
	0.0	0.5	0.5	0.0
	0.5	0.0	0.0	0.5
	0.0	1.0	0.0	0.0
	0.0	1.0	0.0	0.0
	0.0	1.0	0.0	0.0
	0.5	0.5	0.0	0.0
	1.0	0.0	0.0	0.0
	0.5	0.5	0.0	0.0
	0.5	0.0	0.0	0.5
	0.5	0.0	0.0	0.5
	0.5	0.0	0.5	0.0
	1.0	0.0	0.0	0.0
	1.0	0.0	0.0	0.0
	0.0	0.0	1.0	0.0
	0.0	0.0	1.0	0.0
	0.0	0.0	0.5	0.5
	0.5	0.0	0.0	0.5
	0.0	0.0	0.0	1.0
	0.0	0.0	0.0	1.0
	0.0	0.0	0.5	0.5
	0.0	0.0	1.0	0.0

MEME version 4

ALPHABET= ACGT

MOTIF chr15:64656875-64656885

letter-probability matrix: alength= 4 w= 10
	0.0	0.0	0.0	1.0
	0.0	0.0	0.0	1.0
	0.0	0.0	0.0	1.0
	0.0	0.0	0.0	1.0
	0.0	0.0	0.25	0.75
	0.0	0.0	0.75	0.25
	0.0	0.0	0.0	1.0
	0.25	0.25	0.25	0.25
	0.0	0.0	0.0	1.0
	0.0	0.0	0.0	1.0

MEME version 4

ALPHABET= ACGT

MOTIF chr15:64697177-64697202

letter-probability matrix: alength= 4 w= 25
	0.0	0.5	0.0	0.5
	0.0	0.0	0.0	1.0
	0.0	1.0	0.0	0.0
	1.0	0.0	0.0	0.0
	0.0	0.5	0.5	0.0
	0.5	0.0	0.0	0.5
	0.0	1.0	0.0	0.0
	0.0	1.0	0.0	0.0
	0.0	1.0	0.0	0.0
	0.5	0.5	0.0	0.0
	1.0	0.0	0.0	0.0
	0.5	0.5	0.0	0.0
	0.5	0.0	0.0	0.5
	0.5	0.0	0.0	0.5
	0.5	0.0	0.5	0.0
	1.0	0.0	0.0	0.0
	1.0	0.0	0.0	0.0
	0.0	0.0	1.0	0.0
	0.0	0.0	1.0	0.0
	0.0	0.0	0.5	0.5
	0.5	0.0	0.0	0.5
	0.0	0.0	0.0	1.0
	0.0	0.0	0.0	1.0
	0.0	0.0	0.5	0.5
	0.0	0.0	1.0	0.0

MEME version 4

ALPHABET= ACGT

MOTIF chr19:12793003-12793013

letter-probability matrix: alength= 4 w= 10
	0.0	0.0	0.0	1.0
	0.0	0.0	0.0	1.0
	0.0	0.0	0.0	1.0
	0.0	0.0	0.0	1.0
	0.0	0.0	0.25	0.75
	0.0	0.0	0.75	0.25
	0.0	0.0	0.0	1.0
	0.25	0.25	0.25	0.25
	0.0	0.0	0.0	1.0
	0.0	0.0	0.0	1.0

MEME version 4

ALPHABET= ACGT

MOTIF chr19:12802558-12802583

letter-probability matrix: alength= 4 w= 25
	0.0	0.5	0.0	0.5
	0.0	0.0	0.0	1.0
	0.0	1.0	0.0	0.0
	1.0	0.0	0.0	0.0
	0.0	0.5	0.5	0.0
	0.5	0.0	0.0	0.5
	0.0	1.0	0.0	0.0
	0.0	1.0	0.0	0.0
	0.0	1.0	0.0	0.0
	0.5	0.5	0.0	0.0
	1.0	0.0	0.0	0.0
	0.5	0.5	0.0	0.0
	0.5	0.0	0.0	0.5
	0.5	0.0	0.0	0.5
	0.5	0.0	0.5	0.0
	1.0	0.0	0.0	0.0
	1.0	0.0	0.0	0.0
	0.0	0.0	1.0	0.0
	0.0	0.0	1.0	0.0
	0.0	0.0	0.5	0.5
	0.5	0.0	0.0	0.5
	0.0	0.0	0.0	1.0
	0.0	0.0	0.0	1.0
	0.0	0.0	0.5	0.5
	0.0	0.0	1.0	0.0

MEME version 4

ALPHABET= ACGT

MOTIF chrX:129305451-129305461

letter-probability matrix: alength= 4 w= 10
	0.0	0.0	0.0	1.0
	0.0	0.0	0.0	1.0
	0.0	0.0	0.0	1.0
	0.0	0.0	0.0	1.0
	0.0	0.0	0.25	0.75
	0.0	0.0	0.75	0.25
	0.0	0.0	0.0	1.0
	0.25	0.25	0.25	0.25
	0.0	0.0	0.0	1.0
	0.0	0.0	0.0	1.0

MEME version 4

ALPHABET= ACGT

MOTIF chrX:129273299-129273324

letter-probability matrix: alength= 4 w= 25
	0.0	0.5	0.0	0.5
	0.0	0.0	0.0	1.0
	0.0	1.0	0.0	0.0
	1.0	0.0	0.0	0.0
	0.0	0.5	0.5	0.0
	0.5	0.0	0.0	0.5
	0.0	1.0	0.0	0.0
	0.0	1.0	0.0	0.0
	0.0	1.0	0.0	0.0
	0.5	0.5	0.0	0.0
	1.0	0.0	0.0	0.0
	0.5	0.5	0.0	0.0
	0.5	0.0	0.0	0.5
	0.5	0.0	0.0	0.5
	0.5	0.0	0.5	0.0
	1.0	0.0	0.0	0.0
	1.0	0.0	0.0	0.0
	0.0	0.0	1.0	0.0
	0.0	0.0	1.0	0.0
	0.0	0.0	0.5	0.5
	0.5	0.0	0.0	0.5
	0.0	0.0	0.0	1.0
	0.0	0.0	0.0	1.0
	0.0	0.0	0.5	0.5
	0.0	0.0	1.0	0.0

MEME version 4

ALPHABET= ACGT

MOTIF chr19:40853619-40853629

letter-probability matrix: alength= 4 w= 10
	0.0	0.0	0.0	1.0
	0.0	0.0	0.0	1.0
	0.0	0.0	0.0	1.0
	0.0	0.0	0.0	1.0
	0.0	0.0	0.25	0.75
	0.0	0.0	0.75	0.25
	0.0	0.0	0.0	1.0
	0.25	0.25	0.25	0.25
	0.0	0.0	0.0	1.0
	0.0	0.0	0.0	1.0

MEME version 4

ALPHABET= ACGT

MOTIF chr19:40880419-40880444

letter-probability matrix: alength= 4 w= 25
	0.0	0.5	0.0	0.5
	0.0	0.0	0.0	1.0
	0.0	1.0	0.0	0.0
	1.0	0.0	0.0	0.0
	0.0	0.5	0.5	0.0
	0.5	0.0	0.0	0.5
	0.0	1.0	0.0	0.0
	0.0	1.0	0.0	0.0
	0.0	1.0	0.0	0.0
	0.5	0.5	0.0	0.0
	1.0	0.0	0.0	0.0
	0.5	0.5	0.0	0.0
	0.5	0.0	0.0	0.5
	0.5	0.0	0.0	0.5
	0.5	0.0	0.5	0.0
	1.0	0.0	0.0	0.0
	1.0	0.0	0.0	0.0
	0.0	0.0	1.0	0.0
	0.0	0.0	1.0	0.0
	0.0	0.0	0.5	0.5
	0.5	0.0	0.0	0.5
	0.0	0.0	0.0	1.0
	0.0	0.0	0.0	1.0
	0.0	0.0	0.5	0.5
	0.0	0.0	1.0	0.0

MEME version 4

ALPHABET= ACGT

MOTIF chr7:108194739-108194749

letter-probability matrix: alength= 4 w= 10
	0.0	0.0	0.0	1.0
	0.0	0.0	0.0	1.0
	0.0	0.0	0.0	1.0
	0.0	0.0	0.0	1.0
	0.0	0.0	0.25	0.75
	0.0	0.0	0.75	0.25
	0.0	0.0	0.0	1.0
	0.25	0.25	0.25	0.25
	0.0	0.0	0.0	1.0
	0.0	0.0	0.0	1.0

MEME version 4

ALPHABET= ACGT

MOTIF chr7:108191671-108191696

letter-probability matrix: alength= 4 w= 25
	0.0	0.5	0.0	0.5
	0.0	0.0	0.0	1.0
	0.0	1.0	0.0	0.0
	1.0	0.0	0.0	0.0
	0.0	0.5	0.5	0.0
	0.5	0.0	0.0	0.5
	0.0	1.0	0.0	0.0
	0.0	1.0	0.0	0.0
	0.0	1.0	0.0	0.0
	0.5	0.5	0.0	0.0
	1.0	0.0	0.0	0.0
	0.5	0.5	0.0	0.0
	0.5	0.0	0.0	0.5
	0.5	0.0	0.0	0.5
	0.5	0.0	0.5	0.0
	1.0	0.0	0.0	0.0
	1.0	0.0	0.0	0.0
	0.0	0.0	1.0	0.0
	0.0	0.0	1.0	0.0
	0.0	0.0	0.5	0.5
	0.5	0.0	0.0	0.5
	0.0	0.0	0.0	1.0
	0.0	0.0	0.0	1.0
	0.0	0.0	0.5	0.5
	0.0	0.0	1.0	0.0

MEME version 4

ALPHABET= ACGT

MOTIF chr12:58164938-58164948

letter-probability matrix: alength= 4 w= 10
	0.0	0.0	0.0	1.0
	0.0	0.0	0.0	1.0
	0.0	0.0	0.0	1.0
	0.0	0.0	0.0	1.0
	0.0	0.0	0.25	0.75
	0.0	0.0	0.75	0.25
	0.0	0.0	0.0	1.0
	0.25	0.25	0.25	0.25
	0.0	0.0	0.0	1.0
	0.0	0.0	0.0	1.0

MEME version 4

ALPHABET= ACGT

MOTIF chr12:58150010-58150035

letter-probability matrix: alength= 4 w= 25
	0.0	0.5	0.0	0.5
	0.0	0.0	0.0	1.0
	0.0	1.0	0.0	0.0
	1.0	0.0	0.0	0.0
	0.0	0.5	0.5	0.0
	0.5	0.0	0.0	0.5
	0.0	1.0	0.0	0.0
	0.0	1.0	0.0	0.0
	0.0	1.0	0.0	0.0
	0.5	0.5	0.0	0.0
	1.0	0.0	0.0	0.0
	0.5	0.5	0.0	0.0
	0.5	0.0	0.0	0.5
	0.5	0.0	0.0	0.5
	0.5	0.0	0.5	0.0
	1.0	0.0	0.0	0.0
	1.0	0.0	0.0	0.0
	0.0	0.0	1.0	0.0
	0.0	0.0	1.0	0.0
	0.0	0.0	0.5	0.5
	0.5	0.0	0.0	0.5
	0.0	0.0	0.0	1.0
	0.0	0.0	0.0	1.0
	0.0	0.0	0.5	0.5
	0.0	0.0	1.0	0.0

MEME version 4

ALPHABET= ACGT

MOTIF chr6:4065232-4065242

letter-probability matrix: alength= 4 w= 10
	0.0	0.0	0.0	1.0
	0.0	0.0	0.0	1.0
	0.0	0.0	0.0	1.0
	0.0	0.0	0.0	1.0
	0.0	0.0	0.25	0.75
	0.0	0.0	0.75	0.25
	0.0	0.0	0.0	1.0
	0.25	0.25	0.25	0.25
	0.0	0.0	0.0	1.0
	0.0	0.0	0.0	1.0

MEME version 4

ALPHABET= ACGT

MOTIF chr6:4003419-4003444

letter-probability matrix: alength= 4 w= 25
	0.0	0.5	0.0	0.5
	0.0	0.0	0.0	1.0
	0.0	1.0	0.0	0.0
	1.0	0.0	0.0	0.0
	0.0	0.5	0.5	0.0
	0.5	0.0	0.0	0.5
	0.0	1.0	0.0	0.0
	0.0	1.0	0.0	0.0
	0.0	1.0	0.0	0.0
	0.5	0.5	0.0	0.0
	1.0	0.0	0.0	0.0
	0.5	0.5	0.0	0.0
	0.5	0.0	0.0	0.5
	0.5	0.0	0.0	0.5
	0.5	0.0	0.5	0.0
	1.0	0.0	0.0	0.0
	1.0	0.0	0.0	0.0
	0.0	0.0	1.0	0.0
	0.0	0.0	1.0	0.0
	0.0	0.0	0.5	0.5
	0.5	0.0	0.0	0.5
	0.0	0.0	0.0	1.0
	0.0	0.0	0.0	1.0
	0.0	0.0	0.5	0.5
	0.0	0.0	1.0	0.0

MEME version 4

ALPHABET= ACGT

MOTIF chr17:41837073-41837083

letter-probability matrix: alength= 4 w= 10
	0.0	0.0	0.0	1.0
	0.0	0.0	0.0	1.0
	0.0	0.0	0.0	1.0
	0.0	0.0	0.0	1.0
	0.0	0.0	0.25	0.75
	0.0	0.0	0.75	0.25
	0.0	0.0	0.0	1.0
	0.25	0.25	0.25	0.25
	0.0	0.0	0.0	1.0
	0.0	0.0	0.0	1.0

MEME version 4

ALPHABET= ACGT

MOTIF chr17:41840303-41840328

letter-probability matrix: alength= 4 w= 25
	0.0	0.5	0.0	0.5
	0.0	0.0	0.0	1.0
	0.0	1.0	0.0	0.0
	1.0	0.0	0.0	0.0
	0.0	0.5	0.5	0.0
	0.5	0.0	0.0	0.5
	0.0	1.0	0.0	0.0
	0.0	1.0	0.0	0.0
	0.0	1.0	0.0	0.0
	0.5	0.5	0.0	0.0
	1.0	0.0	0.0	0.0
	0.5	0.5	0.0	0.0
	0.5	0.0	0.0	0.5
	0.5	0.0	0.0	0.5
	0.5	0.0	0.5	0.0
	1.0	0.0	0.0	0.0
	1.0	0.0	0.0	0.0
	0.0	0.0	1.0	0.0
	0.0	0.0	1.0	0.0
	0.0	0.0	0.5	0.5
	0.5	0.0	0.0	0.5
	0.0	0.0	0.0	1.0
	0.0	0.0	0.0	1.0
	0.0	0.0	0.5	0.5
	0.0	0.0	1.0	0.0

MEME version 4

ALPHABET= ACGT

MOTIF chr22:21142025-21142035

letter-probability matrix: alength= 4 w= 10
	0.0	0.0	0.0	1.0
	0.0	0.0	0.0	1.0
	0.0	0.0	0.0	1.0
	0.0	0.0	0.0	1.0
	0.0	0.0	0.25	0.75
	0.0	0.0	0.75	0.25
	0.0	0.0	0.0	1.0
	0.25	0.25	0.25	0.25
	0.0	0.0	0.0	1.0
	0.0	0.0	0.0	1.0

MEME version 4

ALPHABET= ACGT

MOTIF chr22:21123300-21123325

letter-probability matrix: alength= 4 w= 25
	0.0	0.5	0.0	0.5
	0.0	0.0	0.0	1.0
	0.0	1.0	0.0	0.0
	1.0	0.0	0.0	0.0
	0.0	0.5	0.5	0.0
	0.5	0.0	0.0	0.5
	0.0	1.0	0.0	0.0
	0.0	1.0	0.0	0.0
	0.0	1.0	0.0	0.0
	0.5	0.5	0.0	0.0
	1.0	0.0	0.0	0.0
	0.5	0.5	0.0	0.0
	0.5	0.0	0.0	0.5
	0.5	0.0	0.0	0.5
	0.5	0.0	0.5	0.0
	1.0	0.0	0.0	0.0
	1.0	0.0	0.0	0.0
	0.0	0.0	1.0	0.0
	0.0	0.0	1.0	0.0
	0.0	0.0	0.5	0.5
	0.5	0.0	0.0	0.5
	0.0	0.0	0.0	1.0
	0.0	0.0	0.0	1.0
	0.0	0.0	0.5	0.5
	0.0	0.0	1.0	0.0

MEME version 4

ALPHABET= ACGT

MOTIF chr10:126435855-126435865

letter-probability matrix: alength= 4 w= 10
	0.0	0.0	0.0	1.0
	0.0	0.0	0.0	1.0
	0.0	0.0	0.0	1.0
	0.0	0.0	0.0	1.0
	0.0	0.0	0.25	0.75
	0.0	0.0	0.75	0.25
	0.0	0.0	0.0	1.0
	0.25	0.25	0.25	0.25
	0.0	0.0	0.0	1.0
	0.0	0.0	0.0	1.0

MEME version 4

ALPHABET= ACGT

MOTIF chr10:126503709-126503734

letter-probability matrix: alength= 4 w= 25
	0.0	0.5	0.0	0.5
	0.0	0.0	0.0	1.0
	0.0	1.0	0.0	0.0
	1.0	0.0	0.0	0.0
	0.0	0.5	0.5	0.0
	0.5	0.0	0.0	0.5
	0.0	1.0	0.0	0.0
	0.0	1.0	0.0	0.0
	0.0	1.0	0.0	0.0
	0.5	0.5	0.0	0.0
	1.0	0.0	0.0	0.0
	0.5	0.5	0.0	0.0
	0.5	0.0	0.0	0.5
	0.5	0.0	0.0	0.5
	0.5	0.0	0.5	0.0
	1.0	0.0	0.0	0.0
	1.0	0.0	0.0	0.0
	0.0	0.0	1.0	0.0
	0.0	0.0	1.0	0.0
	0.0	0.0	0.5	0.5
	0.5	0.0	0.0	0.5
	0.0	0.0	0.0	1.0
	0.0	0.0	0.0	1.0
	0.0	0.0	0.5	0.5
	0.0	0.0	1.0	0.0

MEME version 4

ALPHABET= ACGT

MOTIF chr6:31547729-31547739

letter-probability matrix: alength= 4 w= 10
	0.0	0.0	0.0	1.0
	0.0	0.0	0.0	1.0
	0.0	0.0	0.0	1.0
	0.0	0.0	0.0	1.0
	0.0	0.0	0.25	0.75
	0.0	0.0	0.75	0.25
	0.0	0.0	0.0	1.0
	0.25	0.25	0.25	0.25
	0.0	0.0	0.0	1.0
	0.0	0.0	0.0	1.0

MEME version 4

ALPHABET= ACGT

MOTIF chr6:31567548-31567573

letter-probability matrix: alength= 4 w= 25
	0.0	0.5	0.0	0.5
	0.0	0.0	0.0	1.0
	0.0	1.0	0.0	0.0
	1.0	0.0	0.0	0.0
	0.0	0.5	0.5	0.0
	0.5	0.0	0.0	0.5
	0.0	1.0	0.0	0.0
	0.0	1.0	0.0	0.0
	0.0	1.0	0.0	0.0
	0.5	0.5	0.0	0.0
	1.0	0.0	0.0	0.0
	0.5	0.5	0.0	0.0
	0.5	0.0	0.0	0.5
	0.5	0.0	0.0	0.5
	0.5	0.0	0.5	0.0
	1.0	0.0	0.0	0.0
	1.0	0.0	0.0	0.0
	0.0	0.0	1.0	0.0
	0.0	0.0	1.0	0.0
	0.0	0.0	0.5	0.5
	0.5	0.0	0.0	0.5
	0.0	0.0	0.0	1.0
	0.0	0.0	0.0	1.0
	0.0	0.0	0.5	0.5
	0.0	0.0	1.0	0.0

MEME version 4

ALPHABET= ACGT

MOTIF chr15:91259775-91259785

letter-probability matrix: alength= 4 w= 10
	0.0	0.0	0.0	1.0
	0.0	0.0	0.0	1.0
	0.0	0.0	0.0	1.0
	0.0	0.0	0.0	1.0
	0.0	0.0	0.25	0.75
	0.0	0.0	0.75	0.25
	0.0	0.0	0.0	1.0
	0.25	0.25	0.25	0.25
	0.0	0.0	0.0	1.0
	0.0	0.0	0.0	1.0

MEME version 4

ALPHABET= ACGT

MOTIF chr15:91240324-91240349

letter-probability matrix: alength= 4 w= 25
	0.0	0.5	0.0	0.5
	0.0	0.0	0.0	1.0
	0.0	1.0	0.0	0.0
	1.0	0.0	0.0	0.0
	0.0	0.5	0.5	0.0
	0.5	0.0	0.0	0.5
	0.0	1.0	0.0	0.0
	0.0	1.0	0.0	0.0
	0.0	1.0	0.0	0.0
	0.5	0.5	0.0	0.0
	1.0	0.0	0.0	0.0
	0.5	0.5	0.0	0.0
	0.5	0.0	0.0	0.5
	0.5	0.0	0.0	0.5
	0.5	0.0	0.5	0.0
	1.0	0.0	0.0	0.0
	1.0	0.0	0.0	0.0
	0.0	0.0	1.0	0.0
	0.0	0.0	1.0	0.0
	0.0	0.0	0.5	0.5
	0.5	0.0	0.0	0.5
	0.0	0.0	0.0	1.0
	0.0	0.0	0.0	1.0
	0.0	0.0	0.5	0.5
	0.0	0.0	1.0	0.0

MEME version 4

ALPHABET= ACGT

MOTIF chr2:136288855-136288865

letter-probability matrix: alength= 4 w= 10
	0.0	0.0	0.0	1.0
	0.0	0.0	0.0	1.0
	0.0	0.0	0.0	1.0
	0.0	0.0	0.0	1.0
	0.0	0.0	0.25	0.75
	0.0	0.0	0.75	0.25
	0.0	0.0	0.0	1.0
	0.25	0.25	0.25	0.25
	0.0	0.0	0.0	1.0
	0.0	0.0	0.0	1.0

MEME version 4

ALPHABET= ACGT

MOTIF chr2:136303297-136303322

letter-probability matrix: alength= 4 w= 25
	0.0	0.5	0.0	0.5
	0.0	0.0	0.0	1.0
	0.0	1.0	0.0	0.0
	1.0	0.0	0.0	0.0
	0.0	0.5	0.5	0.0
	0.5	0.0	0.0	0.5
	0.0	1.0	0.0	0.0
	0.0	1.0	0.0	0.0
	0.0	1.0	0.0	0.0
	0.5	0.5	0.0	0.0
	1.0	0.0	0.0	0.0
	0.5	0.5	0.0	0.0
	0.5	0.0	0.0	0.5
	0.5	0.0	0.0	0.5
	0.5	0.0	0.5	0.0
	1.0	0.0	0.0	0.0
	1.0	0.0	0.0	0.0
	0.0	0.0	1.0	0.0
	0.0	0.0	1.0	0.0
	0.0	0.0	0.5	0.5
	0.5	0.0	0.0	0.5
	0.0	0.0	0.0	1.0
	0.0	0.0	0.0	1.0
	0.0	0.0	0.5	0.5
	0.0	0.0	1.0	0.0

MEME version 4

ALPHABET= ACGT

MOTIF chr19:36316838-36316848

letter-probability matrix: alength= 4 w= 10
	0.0	0.0	0.0	1.0
	0.0	0.0	0.0	1.0
	0.0	0.0	0.0	1.0
	0.0	0.0	0.0	1.0
	0.0	0.0	0.25	0.75
	0.0	0.0	0.75	0.25
	0.0	0.0	0.0	1.0
	0.25	0.25	0.25	0.25
	0.0	0.0	0.0	1.0
	0.0	0.0	0.0	1.0

MEME version 4

ALPHABET= ACGT

MOTIF chr19:36369142-36369167

letter-probability matrix: alength= 4 w= 25
	0.0	0.5	0.0	0.5
	0.0	0.0	0.0	1.0
	0.0	1.0	0.0	0.0
	1.0	0.0	0.0	0.0
	0.0	0.5	0.5	0.0
	0.5	0.0	0.0	0.5
	0.0	1.0	0.0	0.0
	0.0	1.0	0.0	0.0
	0.0	1.0	0.0	0.0
	0.5	0.5	0.0	0.0
	1.0	0.0	0.0	0.0
	0.5	0.5	0.0	0.0
	0.5	0.0	0.0	0.5
	0.5	0.0	0.0	0.5
	0.5	0.0	0.5	0.0
	1.0	0.0	0.0	0.0
	1.0	0.0	0.0	0.0
	0.0	0.0	1.0	0.0
	0.0	0.0	1.0	0.0
	0.0	0.0	0.5	0.5
	0.5	0.0	0.0	0.5
	0.0	0.0	0.0	1.0
	0.0	0.0	0.0	1.0
	0.0	0.0	0.5	0.5
	0.0	0.0	1.0	0.0

MEME version 4

ALPHABET= ACGT

MOTIF chr12:58028071-58028081

letter-probability matrix: alength= 4 w= 10
	0.0	0.0	0.0	1.0
	0.0	0.0	0.0	1.0
	0.0	0.0	0.0	1.0
	0.0	0.0	0.0	1.0
	0.0	0.0	0.25	0.75
	0.0	0.0	0.75	0.25
	0.0	0.0	0.0	1.0
	0.25	0.25	0.25	0.25
	0.0	0.0	0.0	1.0
	0.0	0.0	0.0	1.0

MEME version 4

ALPHABET= ACGT

MOTIF chr12:58017939-58017964

letter-probability matrix: alength= 4 w= 25
	0.0	0.5	0.0	0.5
	0.0	0.0	0.0	1.0
	0.0	1.0	0.0	0.0
	1.0	0.0	0.0	0.0
	0.0	0.5	0.5	0.0
	0.5	0.0	0.0	0.5
	0.0	1.0	0.0	0.0
	0.0	1.0	0.0	0.0
	0.0	1.0	0.0	0.0
	0.5	0.5	0.0	0.0
	1.0	0.0	0.0	0.0
	0.5	0.5	0.0	0.0
	0.5	0.0	0.0	0.5
	0.5	0.0	0.0	0.5
	0.5	0.0	0.5	0.0
	1.0	0.0	0.0	0.0
	1.0	0.0	0.0	0.0
	0.0	0.0	1.0	0.0
	0.0	0.0	1.0	0.0
	0.0	0.0	0.5	0.5
	0.5	0.0	0.0	0.5
	0.0	0.0	0.0	1.0
	0.0	0.0	0.0	1.0
	0.0	0.0	0.5	0.5
	0.0	0.0	1.0	0.0

MEME version 4

ALPHABET= ACGT

MOTIF chr4:108642176-108642186

letter-probability matrix: alength= 4 w= 10
	0.0	0.0	0.0	1.0
	0.0	0.0	0.0	1.0
	0.0	0.0	0.0	1.0
	0.0	0.0	0.0	1.0
	0.0	0.0	0.25	0.75
	0.0	0.0	0.75	0.25
	0.0	0.0	0.0	1.0
	0.25	0.25	0.25	0.25
	0.0	0.0	0.0	1.0
	0.0	0.0	0.0	1.0

MEME version 4

ALPHABET= ACGT

MOTIF chr4:108615231-108615256

letter-probability matrix: alength= 4 w= 25
	0.0	0.5	0.0	0.5
	0.0	0.0	0.0	1.0
	0.0	1.0	0.0	0.0
	1.0	0.0	0.0	0.0
	0.0	0.5	0.5	0.0
	0.5	0.0	0.0	0.5
	0.0	1.0	0.0	0.0
	0.0	1.0	0.0	0.0
	0.0	1.0	0.0	0.0
	0.5	0.5	0.0	0.0
	1.0	0.0	0.0	0.0
	0.5	0.5	0.0	0.0
	0.5	0.0	0.0	0.5
	0.5	0.0	0.0	0.5
	0.5	0.0	0.5	0.0
	1.0	0.0	0.0	0.0
	1.0	0.0	0.0	0.0
	0.0	0.0	1.0	0.0
	0.0	0.0	1.0	0.0
	0.0	0.0	0.5	0.5
	0.5	0.0	0.0	0.5
	0.0	0.0	0.0	1.0
	0.0	0.0	0.0	1.0
	0.0	0.0	0.5	0.5
	0.0	0.0	1.0	0.0

MEME version 4

ALPHABET= ACGT

MOTIF chr19:39875760-39875770

letter-probability matrix: alength= 4 w= 10
	0.0	0.0	0.0	1.0
	0.0	0.0	0.0	1.0
	0.0	0.0	0.0	1.0
	0.0	0.0	0.0	1.0
	0.0	0.0	0.25	0.75
	0.0	0.0	0.75	0.25
	0.0	0.0	0.0	1.0
	0.25	0.25	0.25	0.25
	0.0	0.0	0.0	1.0
	0.0	0.0	0.0	1.0

MEME version 4

ALPHABET= ACGT

MOTIF chr19:39876561-39876586

letter-probability matrix: alength= 4 w= 25
	0.0	0.5	0.0	0.5
	0.0	0.0	0.0	1.0
	0.0	1.0	0.0	0.0
	1.0	0.0	0.0	0.0
	0.0	0.5	0.5	0.0
	0.5	0.0	0.0	0.5
	0.0	1.0	0.0	0.0
	0.0	1.0	0.0	0.0
	0.0	1.0	0.0	0.0
	0.5	0.5	0.0	0.0
	1.0	0.0	0.0	0.0
	0.5	0.5	0.0	0.0
	0.5	0.0	0.0	0.5
	0.5	0.0	0.0	0.5
	0.5	0.0	0.5	0.0
	1.0	0.0	0.0	0.0
	1.0	0.0	0.0	0.0
	0.0	0.0	1.0	0.0
	0.0	0.0	1.0	0.0
	0.0	0.0	0.5	0.5
	0.5	0.0	0.0	0.5
	0.0	0.0	0.0	1.0
	0.0	0.0	0.0	1.0
	0.0	0.0	0.5	0.5
	0.0	0.0	1.0	0.0

MEME version 4

ALPHABET= ACGT

MOTIF chr20:43934613-43934623

letter-probability matrix: alength= 4 w= 10
	0.0	0.0	0.0	1.0
	0.0	0.0	0.0	1.0
	0.0	0.0	0.0	1.0
	0.0	0.0	0.0	1.0
	0.0	0.0	0.25	0.75
	0.0	0.0	0.75	0.25
	0.0	0.0	0.0	1.0
	0.25	0.25	0.25	0.25
	0.0	0.0	0.0	1.0
	0.0	0.0	0.0	1.0

MEME version 4

ALPHABET= ACGT

MOTIF chr20:43946031-43946056

letter-probability matrix: alength= 4 w= 25
	0.0	0.5	0.0	0.5
	0.0	0.0	0.0	1.0
	0.0	1.0	0.0	0.0
	1.0	0.0	0.0	0.0
	0.0	0.5	0.5	0.0
	0.5	0.0	0.0	0.5
	0.0	1.0	0.0	0.0
	0.0	1.0	0.0	0.0
	0.0	1.0	0.0	0.0
	0.5	0.5	0.0	0.0
	1.0	0.0	0.0	0.0
	0.5	0.5	0.0	0.0
	0.5	0.0	0.0	0.5
	0.5	0.0	0.0	0.5
	0.5	0.0	0.5	0.0
	1.0	0.0	0.0	0.0
	1.0	0.0	0.0	0.0
	0.0	0.0	1.0	0.0
	0.0	0.0	1.0	0.0
	0.0	0.0	0.5	0.5
	0.5	0.0	0.0	0.5
	0.0	0.0	0.0	1.0
	0.0	0.0	0.0	1.0
	0.0	0.0	0.5	0.5
	0.0	0.0	1.0	0.0

MEME version 4

ALPHABET= ACGT

MOTIF chr7:2393089-2393099

letter-probability matrix: alength= 4 w= 10
	0.0	0.0	0.0	1.0
	0.0	0.0	0.0	1.0
	0.0	0.0	0.0	1.0
	0.0	0.0	0.0	1.0
	0.0	0.0	0.25	0.75
	0.0	0.0	0.75	0.25
	0.0	0.0	0.0	1.0
	0.25	0.25	0.25	0.25
	0.0	0.0	0.0	1.0
	0.0	0.0	0.0	1.0

MEME version 4

ALPHABET= ACGT

MOTIF chr7:2423912-2423937

letter-probability matrix: alength= 4 w= 25
	0.0	0.5	0.0	0.5
	0.0	0.0	0.0	1.0
	0.0	1.0	0.0	0.0
	1.0	0.0	0.0	0.0
	0.0	0.5	0.5	0.0
	0.5	0.0	0.0	0.5
	0.0	1.0	0.0	0.0
	0.0	1.0	0.0	0.0
	0.0	1.0	0.0	0.0
	0.5	0.5	0.0	0.0
	1.0	0.0	0.0	0.0
	0.5	0.5	0.0	0.0
	0.5	0.0	0.0	0.5
	0.5	0.0	0.0	0.5
	0.5	0.0	0.5	0.0
	1.0	0.0	0.0	0.0
	1.0	0.0	0.0	0.0
	0.0	0.0	1.0	0.0
	0.0	0.0	1.0	0.0
	0.0	0.0	0.5	0.5
	0.5	0.0	0.0	0.5
	0.0	0.0	0.0	1.0
	0.0	0.0	0.0	1.0
	0.0	0.0	0.5	0.5
	0.0	0.0	1.0	0.0

MEME version 4

ALPHABET= ACGT

MOTIF chr2:68695099-68695109

letter-probability matrix: alength= 4 w= 10
	0.0	0.0	0.0	1.0
	0.0	0.0	0.0	1.0
	0.0	0.0	0.0	1.0
	0.0	0.0	0.0	1.0
	0.0	0.0	0.25	0.75
	0.0	0.0	0.75	0.25
	0.0	0.0	0.0	1.0
	0.25	0.25	0.25	0.25
	0.0	0.0	0.0	1.0
	0.0	0.0	0.0	1.0

MEME version 4

ALPHABET= ACGT

MOTIF chr2:68715720-68715745

letter-probability matrix: alength= 4 w= 25
	0.0	0.5	0.0	0.5
	0.0	0.0	0.0	1.0
	0.0	1.0	0.0	0.0
	1.0	0.0	0.0	0.0
	0.0	0.5	0.5	0.0
	0.5	0.0	0.0	0.5
	0.0	1.0	0.0	0.0
	0.0	1.0	0.0	0.0
	0.0	1.0	0.0	0.0
	0.5	0.5	0.0	0.0
	1.0	0.0	0.0	0.0
	0.5	0.5	0.0	0.0
	0.5	0.0	0.0	0.5
	0.5	0.0	0.0	0.5
	0.5	0.0	0.5	0.0
	1.0	0.0	0.0	0.0
	1.0	0.0	0.0	0.0
	0.0	0.0	1.0	0.0
	0.0	0.0	1.0	0.0
	0.0	0.0	0.5	0.5
	0.5	0.0	0.0	0.5
	0.0	0.0	0.0	1.0
	0.0	0.0	0.0	1.0
	0.0	0.0	0.5	0.5
	0.0	0.0	1.0	0.0

MEME version 4

ALPHABET= ACGT

MOTIF chr7:75696936-75696946

letter-probability matrix: alength= 4 w= 10
	0.0	0.0	0.0	1.0
	0.0	0.0	0.0	1.0
	0.0	0.0	0.0	1.0
	0.0	0.0	0.0	1.0
	0.0	0.0	0.25	0.75
	0.0	0.0	0.75	0.25
	0.0	0.0	0.0	1.0
	0.25	0.25	0.25	0.25
	0.0	0.0	0.0	1.0
	0.0	0.0	0.0	1.0

MEME version 4

ALPHABET= ACGT

MOTIF chr7:75649169-75649194

letter-probability matrix: alength= 4 w= 25
	0.0	0.5	0.0	0.5
	0.0	0.0	0.0	1.0
	0.0	1.0	0.0	0.0
	1.0	0.0	0.0	0.0
	0.0	0.5	0.5	0.0
	0.5	0.0	0.0	0.5
	0.0	1.0	0.0	0.0
	0.0	1.0	0.0	0.0
	0.0	1.0	0.0	0.0
	0.5	0.5	0.0	0.0
	1.0	0.0	0.0	0.0
	0.5	0.5	0.0	0.0
	0.5	0.0	0.0	0.5
	0.5	0.0	0.0	0.5
	0.5	0.0	0.5	0.0
	1.0	0.0	0.0	0.0
	1.0	0.0	0.0	0.0
	0.0	0.0	1.0	0.0
	0.0	0.0	1.0	0.0
	0.0	0.0	0.5	0.5
	0.5	0.0	0.0	0.5
	0.0	0.0	0.0	1.0
	0.0	0.0	0.0	1.0
	0.0	0.0	0.5	0.5
	0.0	0.0	1.0	0.0

MEME version 4

ALPHABET= ACGT

MOTIF chr7:5109470-5109480

letter-probability matrix: alength= 4 w= 10
	0.0	0.0	0.0	1.0
	0.0	0.0	0.0	1.0
	0.0	0.0	0.0	1.0
	0.0	0.0	0.0	1.0
	0.0	0.0	0.25	0.75
	0.0	0.0	0.75	0.25
	0.0	0.0	0.0	1.0
	0.25	0.25	0.25	0.25
	0.0	0.0	0.0	1.0
	0.0	0.0	0.0	1.0

MEME version 4

ALPHABET= ACGT

MOTIF chr7:5080107-5080132

letter-probability matrix: alength= 4 w= 25
	0.0	0.5	0.0	0.5
	0.0	0.0	0.0	1.0
	0.0	1.0	0.0	0.0
	1.0	0.0	0.0	0.0
	0.0	0.5	0.5	0.0
	0.5	0.0	0.0	0.5
	0.0	1.0	0.0	0.0
	0.0	1.0	0.0	0.0
	0.0	1.0	0.0	0.0
	0.5	0.5	0.0	0.0
	1.0	0.0	0.0	0.0
	0.5	0.5	0.0	0.0
	0.5	0.0	0.0	0.5
	0.5	0.0	0.0	0.5
	0.5	0.0	0.5	0.0
	1.0	0.0	0.0	0.0
	1.0	0.0	0.0	0.0
	0.0	0.0	1.0	0.0
	0.0	0.0	1.0	0.0
	0.0	0.0	0.5	0.5
	0.5	0.0	0.0	0.5
	0.0	0.0	0.0	1.0
	0.0	0.0	0.0	1.0
	0.0	0.0	0.5	0.5
	0.0	0.0	1.0	0.0

MEME version 4

ALPHABET= ACGT

MOTIF chr1:22004781-22004791

letter-probability matrix: alength= 4 w= 10
	0.0	0.0	0.0	1.0
	0.0	0.0	0.0	1.0
	0.0	0.0	0.0	1.0
	0.0	0.0	0.0	1.0
	0.0	0.0	0.25	0.75
	0.0	0.0	0.75	0.25
	0.0	0.0	0.0	1.0
	0.25	0.25	0.25	0.25
	0.0	0.0	0.0	1.0
	0.0	0.0	0.0	1.0

MEME version 4

ALPHABET= ACGT

MOTIF chr1:22138757-22138782

letter-probability matrix: alength= 4 w= 25
	0.0	0.5	0.0	0.5
	0.0	0.0	0.0	1.0
	0.0	1.0	0.0	0.0
	1.0	0.0	0.0	0.0
	0.0	0.5	0.5	0.0
	0.5	0.0	0.0	0.5
	0.0	1.0	0.0	0.0
	0.0	1.0	0.0	0.0
	0.0	1.0	0.0	0.0
	0.5	0.5	0.0	0.0
	1.0	0.0	0.0	0.0
	0.5	0.5	0.0	0.0
	0.5	0.0	0.0	0.5
	0.5	0.0	0.0	0.5
	0.5	0.0	0.5	0.0
	1.0	0.0	0.0	0.0
	1.0	0.0	0.0	0.0
	0.0	0.0	1.0	0.0
	0.0	0.0	1.0	0.0
	0.0	0.0	0.5	0.5
	0.5	0.0	0.0	0.5
	0.0	0.0	0.0	1.0
	0.0	0.0	0.0	1.0
	0.0	0.0	0.5	0.5
	0.0	0.0	1.0	0.0

MEME version 4

ALPHABET= ACGT

MOTIF chr16:4560669-4560679

letter-probability matrix: alength= 4 w= 10
	0.0	0.0	0.0	1.0
	0.0	0.0	0.0	1.0
	0.0	0.0	0.0	1.0
	0.0	0.0	0.0	1.0
	0.0	0.0	0.25	0.75
	0.0	0.0	0.75	0.25
	0.0	0.0	0.0	1.0
	0.25	0.25	0.25	0.25
	0.0	0.0	0.0	1.0
	0.0	0.0	0.0	1.0

MEME version 4

ALPHABET= ACGT

MOTIF chr16:4477036-4477061

letter-probability matrix: alength= 4 w= 25
	0.0	0.5	0.0	0.5
	0.0	0.0	0.0	1.0
	0.0	1.0	0.0	0.0
	1.0	0.0	0.0	0.0
	0.0	0.5	0.5	0.0
	0.5	0.0	0.0	0.5
	0.0	1.0	0.0	0.0
	0.0	1.0	0.0	0.0
	0.0	1.0	0.0	0.0
	0.5	0.5	0.0	0.0
	1.0	0.0	0.0	0.0
	0.5	0.5	0.0	0.0
	0.5	0.0	0.0	0.5
	0.5	0.0	0.0	0.5
	0.5	0.0	0.5	0.0
	1.0	0.0	0.0	0.0
	1.0	0.0	0.0	0.0
	0.0	0.0	1.0	0.0
	0.0	0.0	1.0	0.0
	0.0	0.0	0.5	0.5
	0.5	0.0	0.0	0.5
	0.0	0.0	0.0	1.0
	0.0	0.0	0.0	1.0
	0.0	0.0	0.5	0.5
	0.0	0.0	1.0	0.0

MEME version 4

ALPHABET= ACGT

MOTIF chr1:22110205-22110215

letter-probability matrix: alength= 4 w= 10
	0.0	0.0	0.0	1.0
	0.0	0.0	0.0	1.0
	0.0	0.0	0.0	1.0
	0.0	0.0	0.0	1.0
	0.0	0.0	0.25	0.75
	0.0	0.0	0.75	0.25
	0.0	0.0	0.0	1.0
	0.25	0.25	0.25	0.25
	0.0	0.0	0.0	1.0
	0.0	0.0	0.0	1.0

MEME version 4

ALPHABET= ACGT

MOTIF chr1:22138757-22138782

letter-probability matrix: alength= 4 w= 25
	0.0	0.5	0.0	0.5
	0.0	0.0	0.0	1.0
	0.0	1.0	0.0	0.0
	1.0	0.0	0.0	0.0
	0.0	0.5	0.5	0.0
	0.5	0.0	0.0	0.5
	0.0	1.0	0.0	0.0
	0.0	1.0	0.0	0.0
	0.0	1.0	0.0	0.0
	0.5	0.5	0.0	0.0
	1.0	0.0	0.0	0.0
	0.5	0.5	0.0	0.0
	0.5	0.0	0.0	0.5
	0.5	0.0	0.0	0.5
	0.5	0.0	0.5	0.0
	1.0	0.0	0.0	0.0
	1.0	0.0	0.0	0.0
	0.0	0.0	1.0	0.0
	0.0	0.0	1.0	0.0
	0.0	0.0	0.5	0.5
	0.5	0.0	0.0	0.5
	0.0	0.0	0.0	1.0
	0.0	0.0	0.0	1.0
	0.0	0.0	0.5	0.5
	0.0	0.0	1.0	0.0

MEME version 4

ALPHABET= ACGT

MOTIF chr20:30251785-30251795

letter-probability matrix: alength= 4 w= 10
	0.0	0.0	0.0	1.0
	0.0	0.0	0.0	1.0
	0.0	0.0	0.0	1.0
	0.0	0.0	0.0	1.0
	0.0	0.0	0.25	0.75
	0.0	0.0	0.75	0.25
	0.0	0.0	0.0	1.0
	0.25	0.25	0.25	0.25
	0.0	0.0	0.0	1.0
	0.0	0.0	0.0	1.0

MEME version 4

ALPHABET= ACGT

MOTIF chr20:30326110-30326135

letter-probability matrix: alength= 4 w= 25
	0.0	0.5	0.0	0.5
	0.0	0.0	0.0	1.0
	0.0	1.0	0.0	0.0
	1.0	0.0	0.0	0.0
	0.0	0.5	0.5	0.0
	0.5	0.0	0.0	0.5
	0.0	1.0	0.0	0.0
	0.0	1.0	0.0	0.0
	0.0	1.0	0.0	0.0
	0.5	0.5	0.0	0.0
	1.0	0.0	0.0	0.0
	0.5	0.5	0.0	0.0
	0.5	0.0	0.0	0.5
	0.5	0.0	0.0	0.5
	0.5	0.0	0.5	0.0
	1.0	0.0	0.0	0.0
	1.0	0.0	0.0	0.0
	0.0	0.0	1.0	0.0
	0.0	0.0	1.0	0.0
	0.0	0.0	0.5	0.5
	0.5	0.0	0.0	0.5
	0.0	0.0	0.0	1.0
	0.0	0.0	0.0	1.0
	0.0	0.0	0.5	0.5
	0.0	0.0	1.0	0.0

MEME version 4

ALPHABET= ACGT

MOTIF chr1:204543534-204543544

letter-probability matrix: alength= 4 w= 10
	0.0	0.0	0.0	1.0
	0.0	0.0	0.0	1.0
	0.0	0.0	0.0	1.0
	0.0	0.0	0.0	1.0
	0.0	0.0	0.25	0.75
	0.0	0.0	0.75	0.25
	0.0	0.0	0.0	1.0
	0.25	0.25	0.25	0.25
	0.0	0.0	0.0	1.0
	0.0	0.0	0.0	1.0

MEME version 4

ALPHABET= ACGT

MOTIF chr1:204477832-204477857

letter-probability matrix: alength= 4 w= 25
	0.0	0.5	0.0	0.5
	0.0	0.0	0.0	1.0
	0.0	1.0	0.0	0.0
	1.0	0.0	0.0	0.0
	0.0	0.5	0.5	0.0
	0.5	0.0	0.0	0.5
	0.0	1.0	0.0	0.0
	0.0	1.0	0.0	0.0
	0.0	1.0	0.0	0.0
	0.5	0.5	0.0	0.0
	1.0	0.0	0.0	0.0
	0.5	0.5	0.0	0.0
	0.5	0.0	0.0	0.5
	0.5	0.0	0.0	0.5
	0.5	0.0	0.5	0.0
	1.0	0.0	0.0	0.0
	1.0	0.0	0.0	0.0
	0.0	0.0	1.0	0.0
	0.0	0.0	1.0	0.0
	0.0	0.0	0.5	0.5
	0.5	0.0	0.0	0.5
	0.0	0.0	0.0	1.0
	0.0	0.0	0.0	1.0
	0.0	0.0	0.5	0.5
	0.0	0.0	1.0	0.0

MEME version 4

ALPHABET= ACGT

MOTIF chr22:41993899-41993909

letter-probability matrix: alength= 4 w= 10
	0.0	0.0	0.0	1.0
	0.0	0.0	0.0	1.0
	0.0	0.0	0.0	1.0
	0.0	0.0	0.0	1.0
	0.0	0.0	0.25	0.75
	0.0	0.0	0.75	0.25
	0.0	0.0	0.0	1.0
	0.25	0.25	0.25	0.25
	0.0	0.0	0.0	1.0
	0.0	0.0	0.0	1.0

MEME version 4

ALPHABET= ACGT

MOTIF chr22:42075830-42075855

letter-probability matrix: alength= 4 w= 25
	0.0	0.5	0.0	0.5
	0.0	0.0	0.0	1.0
	0.0	1.0	0.0	0.0
	1.0	0.0	0.0	0.0
	0.0	0.5	0.5	0.0
	0.5	0.0	0.0	0.5
	0.0	1.0	0.0	0.0
	0.0	1.0	0.0	0.0
	0.0	1.0	0.0	0.0
	0.5	0.5	0.0	0.0
	1.0	0.0	0.0	0.0
	0.5	0.5	0.0	0.0
	0.5	0.0	0.0	0.5
	0.5	0.0	0.0	0.5
	0.5	0.0	0.5	0.0
	1.0	0.0	0.0	0.0
	1.0	0.0	0.0	0.0
	0.0	0.0	1.0	0.0
	0.0	0.0	1.0	0.0
	0.0	0.0	0.5	0.5
	0.5	0.0	0.0	0.5
	0.0	0.0	0.0	1.0
	0.0	0.0	0.0	1.0
	0.0	0.0	0.5	0.5
	0.0	0.0	1.0	0.0

MEME version 4

ALPHABET= ACGT

MOTIF chr1:23695129-23695139

letter-probability matrix: alength= 4 w= 10
	0.0	0.0	0.0	1.0
	0.0	0.0	0.0	1.0
	0.0	0.0	0.0	1.0
	0.0	0.0	0.0	1.0
	0.0	0.0	0.25	0.75
	0.0	0.0	0.75	0.25
	0.0	0.0	0.0	1.0
	0.25	0.25	0.25	0.25
	0.0	0.0	0.0	1.0
	0.0	0.0	0.0	1.0

MEME version 4

ALPHABET= ACGT

MOTIF chr1:23708533-23708558

letter-probability matrix: alength= 4 w= 25
	0.0	0.5	0.0	0.5
	0.0	0.0	0.0	1.0
	0.0	1.0	0.0	0.0
	1.0	0.0	0.0	0.0
	0.0	0.5	0.5	0.0
	0.5	0.0	0.0	0.5
	0.0	1.0	0.0	0.0
	0.0	1.0	0.0	0.0
	0.0	1.0	0.0	0.0
	0.5	0.5	0.0	0.0
	1.0	0.0	0.0	0.0
	0.5	0.5	0.0	0.0
	0.5	0.0	0.0	0.5
	0.5	0.0	0.0	0.5
	0.5	0.0	0.5	0.0
	1.0	0.0	0.0	0.0
	1.0	0.0	0.0	0.0
	0.0	0.0	1.0	0.0
	0.0	0.0	1.0	0.0
	0.0	0.0	0.5	0.5
	0.5	0.0	0.0	0.5
	0.0	0.0	0.0	1.0
	0.0	0.0	0.0	1.0
	0.0	0.0	0.5	0.5
	0.0	0.0	1.0	0.0

MEME version 4

ALPHABET= ACGT

MOTIF chr20:44576622-44576632

letter-probability matrix: alength= 4 w= 10
	0.0	0.0	0.0	1.0
	0.0	0.0	0.0	1.0
	0.0	0.0	0.0	1.0
	0.0	0.0	0.0	1.0
	0.0	0.0	0.25	0.75
	0.0	0.0	0.75	0.25
	0.0	0.0	0.0	1.0
	0.25	0.25	0.25	0.25
	0.0	0.0	0.0	1.0
	0.0	0.0	0.0	1.0

MEME version 4

ALPHABET= ACGT

MOTIF chr20:44611785-44611810

letter-probability matrix: alength= 4 w= 25
	0.0	0.5	0.0	0.5
	0.0	0.0	0.0	1.0
	0.0	1.0	0.0	0.0
	1.0	0.0	0.0	0.0
	0.0	0.5	0.5	0.0
	0.5	0.0	0.0	0.5
	0.0	1.0	0.0	0.0
	0.0	1.0	0.0	0.0
	0.0	1.0	0.0	0.0
	0.5	0.5	0.0	0.0
	1.0	0.0	0.0	0.0
	0.5	0.5	0.0	0.0
	0.5	0.0	0.0	0.5
	0.5	0.0	0.0	0.5
	0.5	0.0	0.5	0.0
	1.0	0.0	0.0	0.0
	1.0	0.0	0.0	0.0
	0.0	0.0	1.0	0.0
	0.0	0.0	1.0	0.0
	0.0	0.0	0.5	0.5
	0.5	0.0	0.0	0.5
	0.0	0.0	0.0	1.0
	0.0	0.0	0.0	1.0
	0.0	0.0	0.5	0.5
	0.0	0.0	1.0	0.0

MEME version 4

ALPHABET= ACGT

MOTIF chr1:38146998-38147008

letter-probability matrix: alength= 4 w= 10
	0.0	0.0	0.0	1.0
	0.0	0.0	0.0	1.0
	0.0	0.0	0.0	1.0
	0.0	0.0	0.0	1.0
	0.0	0.0	0.25	0.75
	0.0	0.0	0.75	0.25
	0.0	0.0	0.0	1.0
	0.25	0.25	0.25	0.25
	0.0	0.0	0.0	1.0
	0.0	0.0	0.0	1.0

MEME version 4

ALPHABET= ACGT

MOTIF chr1:38148064-38148089

letter-probability matrix: alength= 4 w= 25
	0.0	0.5	0.0	0.5
	0.0	0.0	0.0	1.0
	0.0	1.0	0.0	0.0
	1.0	0.0	0.0	0.0
	0.0	0.5	0.5	0.0
	0.5	0.0	0.0	0.5
	0.0	1.0	0.0	0.0
	0.0	1.0	0.0	0.0
	0.0	1.0	0.0	0.0
	0.5	0.5	0.0	0.0
	1.0	0.0	0.0	0.0
	0.5	0.5	0.0	0.0
	0.5	0.0	0.0	0.5
	0.5	0.0	0.0	0.5
	0.5	0.0	0.5	0.0
	1.0	0.0	0.0	0.0
	1.0	0.0	0.0	0.0
	0.0	0.0	1.0	0.0
	0.0	0.0	1.0	0.0
	0.0	0.0	0.5	0.5
	0.5	0.0	0.0	0.5
	0.0	0.0	0.0	1.0
	0.0	0.0	0.0	1.0
	0.0	0.0	0.5	0.5
	0.0	0.0	1.0	0.0

MEME version 4

ALPHABET= ACGT

MOTIF chr17:40087136-40087146

letter-probability matrix: alength= 4 w= 10
	0.0	0.0	0.0	1.0
	0.0	0.0	0.0	1.0
	0.0	0.0	0.0	1.0
	0.0	0.0	0.0	1.0
	0.0	0.0	0.25	0.75
	0.0	0.0	0.75	0.25
	0.0	0.0	0.0	1.0
	0.25	0.25	0.25	0.25
	0.0	0.0	0.0	1.0
	0.0	0.0	0.0	1.0

MEME version 4

ALPHABET= ACGT

MOTIF chr17:40101817-40101842

letter-probability matrix: alength= 4 w= 25
	0.0	0.5	0.0	0.5
	0.0	0.0	0.0	1.0
	0.0	1.0	0.0	0.0
	1.0	0.0	0.0	0.0
	0.0	0.5	0.5	0.0
	0.5	0.0	0.0	0.5
	0.0	1.0	0.0	0.0
	0.0	1.0	0.0	0.0
	0.0	1.0	0.0	0.0
	0.5	0.5	0.0	0.0
	1.0	0.0	0.0	0.0
	0.5	0.5	0.0	0.0
	0.5	0.0	0.0	0.5
	0.5	0.0	0.0	0.5
	0.5	0.0	0.5	0.0
	1.0	0.0	0.0	0.0
	1.0	0.0	0.0	0.0
	0.0	0.0	1.0	0.0
	0.0	0.0	1.0	0.0
	0.0	0.0	0.5	0.5
	0.5	0.0	0.0	0.5
	0.0	0.0	0.0	1.0
	0.0	0.0	0.0	1.0
	0.0	0.0	0.5	0.5
	0.0	0.0	1.0	0.0

MEME version 4

ALPHABET= ACGT

MOTIF chr17:40022642-40022652

letter-probability matrix: alength= 4 w= 10
	0.0	0.0	0.0	1.0
	0.0	0.0	0.0	1.0
	0.0	0.0	0.0	1.0
	0.0	0.0	0.0	1.0
	0.0	0.0	0.25	0.75
	0.0	0.0	0.75	0.25
	0.0	0.0	0.0	1.0
	0.25	0.25	0.25	0.25
	0.0	0.0	0.0	1.0
	0.0	0.0	0.0	1.0

MEME version 4

ALPHABET= ACGT

MOTIF chr17:40101817-40101842

letter-probability matrix: alength= 4 w= 25
	0.0	0.5	0.0	0.5
	0.0	0.0	0.0	1.0
	0.0	1.0	0.0	0.0
	1.0	0.0	0.0	0.0
	0.0	0.5	0.5	0.0
	0.5	0.0	0.0	0.5
	0.0	1.0	0.0	0.0
	0.0	1.0	0.0	0.0
	0.0	1.0	0.0	0.0
	0.5	0.5	0.0	0.0
	1.0	0.0	0.0	0.0
	0.5	0.5	0.0	0.0
	0.5	0.0	0.0	0.5
	0.5	0.0	0.0	0.5
	0.5	0.0	0.5	0.0
	1.0	0.0	0.0	0.0
	1.0	0.0	0.0	0.0
	0.0	0.0	1.0	0.0
	0.0	0.0	1.0	0.0
	0.0	0.0	0.5	0.5
	0.5	0.0	0.0	0.5
	0.0	0.0	0.0	1.0
	0.0	0.0	0.0	1.0
	0.0	0.0	0.5	0.5
	0.0	0.0	1.0	0.0

MEME version 4

ALPHABET= ACGT

MOTIF chr9:140063212-140063222

letter-probability matrix: alength= 4 w= 10
	0.0	0.0	0.0	1.0
	0.0	0.0	0.0	1.0
	0.0	0.0	0.0	1.0
	0.0	0.0	0.0	1.0
	0.0	0.0	0.25	0.75
	0.0	0.0	0.75	0.25
	0.0	0.0	0.0	1.0
	0.25	0.25	0.25	0.25
	0.0	0.0	0.0	1.0
	0.0	0.0	0.0	1.0

MEME version 4

ALPHABET= ACGT

MOTIF chr9:140026169-140026194

letter-probability matrix: alength= 4 w= 25
	0.0	0.5	0.0	0.5
	0.0	0.0	0.0	1.0
	0.0	1.0	0.0	0.0
	1.0	0.0	0.0	0.0
	0.0	0.5	0.5	0.0
	0.5	0.0	0.0	0.5
	0.0	1.0	0.0	0.0
	0.0	1.0	0.0	0.0
	0.0	1.0	0.0	0.0
	0.5	0.5	0.0	0.0
	1.0	0.0	0.0	0.0
	0.5	0.5	0.0	0.0
	0.5	0.0	0.0	0.5
	0.5	0.0	0.0	0.5
	0.5	0.0	0.5	0.0
	1.0	0.0	0.0	0.0
	1.0	0.0	0.0	0.0
	0.0	0.0	1.0	0.0
	0.0	0.0	1.0	0.0
	0.0	0.0	0.5	0.5
	0.5	0.0	0.0	0.5
	0.0	0.0	0.0	1.0
	0.0	0.0	0.0	1.0
	0.0	0.0	0.5	0.5
	0.0	0.0	1.0	0.0

MEME version 4

ALPHABET= ACGT

MOTIF chr10:115593957-115593967

letter-probability matrix: alength= 4 w= 10
	0.0	0.0	0.0	1.0
	0.0	0.0	0.0	1.0
	0.0	0.0	0.0	1.0
	0.0	0.0	0.0	1.0
	0.0	0.0	0.25	0.75
	0.0	0.0	0.75	0.25
	0.0	0.0	0.0	1.0
	0.25	0.25	0.25	0.25
	0.0	0.0	0.0	1.0
	0.0	0.0	0.0	1.0

MEME version 4

ALPHABET= ACGT

MOTIF chr10:115627865-115627890

letter-probability matrix: alength= 4 w= 25
	0.0	0.5	0.0	0.5
	0.0	0.0	0.0	1.0
	0.0	1.0	0.0	0.0
	1.0	0.0	0.0	0.0
	0.0	0.5	0.5	0.0
	0.5	0.0	0.0	0.5
	0.0	1.0	0.0	0.0
	0.0	1.0	0.0	0.0
	0.0	1.0	0.0	0.0
	0.5	0.5	0.0	0.0
	1.0	0.0	0.0	0.0
	0.5	0.5	0.0	0.0
	0.5	0.0	0.0	0.5
	0.5	0.0	0.0	0.5
	0.5	0.0	0.5	0.0
	1.0	0.0	0.0	0.0
	1.0	0.0	0.0	0.0
	0.0	0.0	1.0	0.0
	0.0	0.0	1.0	0.0
	0.0	0.0	0.5	0.5
	0.5	0.0	0.0	0.5
	0.0	0.0	0.0	1.0
	0.0	0.0	0.0	1.0
	0.0	0.0	0.5	0.5
	0.0	0.0	1.0	0.0

MEME version 4

ALPHABET= ACGT

MOTIF chr3:42588688-42588698

letter-probability matrix: alength= 4 w= 10
	0.0	0.0	0.0	1.0
	0.0	0.0	0.0	1.0
	0.0	0.0	0.0	1.0
	0.0	0.0	0.0	1.0
	0.0	0.0	0.25	0.75
	0.0	0.0	0.75	0.25
	0.0	0.0	0.0	1.0
	0.25	0.25	0.25	0.25
	0.0	0.0	0.0	1.0
	0.0	0.0	0.0	1.0

MEME version 4

ALPHABET= ACGT

MOTIF chr3:42632144-42632169

letter-probability matrix: alength= 4 w= 25
	0.0	0.5	0.0	0.5
	0.0	0.0	0.0	1.0
	0.0	1.0	0.0	0.0
	1.0	0.0	0.0	0.0
	0.0	0.5	0.5	0.0
	0.5	0.0	0.0	0.5
	0.0	1.0	0.0	0.0
	0.0	1.0	0.0	0.0
	0.0	1.0	0.0	0.0
	0.5	0.5	0.0	0.0
	1.0	0.0	0.0	0.0
	0.5	0.5	0.0	0.0
	0.5	0.0	0.0	0.5
	0.5	0.0	0.0	0.5
	0.5	0.0	0.5	0.0
	1.0	0.0	0.0	0.0
	1.0	0.0	0.0	0.0
	0.0	0.0	1.0	0.0
	0.0	0.0	1.0	0.0
	0.0	0.0	0.5	0.5
	0.5	0.0	0.0	0.5
	0.0	0.0	0.0	1.0
	0.0	0.0	0.0	1.0
	0.0	0.0	0.5	0.5
	0.0	0.0	1.0	0.0

MEME version 4

ALPHABET= ACGT

MOTIF chr17:79201499-79201509

letter-probability matrix: alength= 4 w= 10
	0.0	0.0	0.0	1.0
	0.0	0.0	0.0	1.0
	0.0	0.0	0.0	1.0
	0.0	0.0	0.0	1.0
	0.0	0.0	0.25	0.75
	0.0	0.0	0.75	0.25
	0.0	0.0	0.0	1.0
	0.25	0.25	0.25	0.25
	0.0	0.0	0.0	1.0
	0.0	0.0	0.0	1.0

MEME version 4

ALPHABET= ACGT

MOTIF chr17:79184805-79184830

letter-probability matrix: alength= 4 w= 25
	0.0	0.5	0.0	0.5
	0.0	0.0	0.0	1.0
	0.0	1.0	0.0	0.0
	1.0	0.0	0.0	0.0
	0.0	0.5	0.5	0.0
	0.5	0.0	0.0	0.5
	0.0	1.0	0.0	0.0
	0.0	1.0	0.0	0.0
	0.0	1.0	0.0	0.0
	0.5	0.5	0.0	0.0
	1.0	0.0	0.0	0.0
	0.5	0.5	0.0	0.0
	0.5	0.0	0.0	0.5
	0.5	0.0	0.0	0.5
	0.5	0.0	0.5	0.0
	1.0	0.0	0.0	0.0
	1.0	0.0	0.0	0.0
	0.0	0.0	1.0	0.0
	0.0	0.0	1.0	0.0
	0.0	0.0	0.5	0.5
	0.5	0.0	0.0	0.5
	0.0	0.0	0.0	1.0
	0.0	0.0	0.0	1.0
	0.0	0.0	0.5	0.5
	0.0	0.0	1.0	0.0

MEME version 4

ALPHABET= ACGT

MOTIF chr7:66452313-66452323

letter-probability matrix: alength= 4 w= 10
	0.0	0.0	0.0	1.0
	0.0	0.0	0.0	1.0
	0.0	0.0	0.0	1.0
	0.0	0.0	0.0	1.0
	0.0	0.0	0.25	0.75
	0.0	0.0	0.75	0.25
	0.0	0.0	0.0	1.0
	0.25	0.25	0.25	0.25
	0.0	0.0	0.0	1.0
	0.0	0.0	0.0	1.0

MEME version 4

ALPHABET= ACGT

MOTIF chr7:66429254-66429279

letter-probability matrix: alength= 4 w= 25
	0.0	0.5	0.0	0.5
	0.0	0.0	0.0	1.0
	0.0	1.0	0.0	0.0
	1.0	0.0	0.0	0.0
	0.0	0.5	0.5	0.0
	0.5	0.0	0.0	0.5
	0.0	1.0	0.0	0.0
	0.0	1.0	0.0	0.0
	0.0	1.0	0.0	0.0
	0.5	0.5	0.0	0.0
	1.0	0.0	0.0	0.0
	0.5	0.5	0.0	0.0
	0.5	0.0	0.0	0.5
	0.5	0.0	0.0	0.5
	0.5	0.0	0.5	0.0
	1.0	0.0	0.0	0.0
	1.0	0.0	0.0	0.0
	0.0	0.0	1.0	0.0
	0.0	0.0	1.0	0.0
	0.0	0.0	0.5	0.5
	0.5	0.0	0.0	0.5
	0.0	0.0	0.0	1.0
	0.0	0.0	0.0	1.0
	0.0	0.0	0.5	0.5
	0.0	0.0	1.0	0.0

MEME version 4

ALPHABET= ACGT

MOTIF chr20:44600899-44600909

letter-probability matrix: alength= 4 w= 10
	0.0	0.0	0.0	1.0
	0.0	0.0	0.0	1.0
	0.0	0.0	0.0	1.0
	0.0	0.0	0.0	1.0
	0.0	0.0	0.25	0.75
	0.0	0.0	0.75	0.25
	0.0	0.0	0.0	1.0
	0.25	0.25	0.25	0.25
	0.0	0.0	0.0	1.0
	0.0	0.0	0.0	1.0

MEME version 4

ALPHABET= ACGT

MOTIF chr20:44611785-44611810

letter-probability matrix: alength= 4 w= 25
	0.0	0.5	0.0	0.5
	0.0	0.0	0.0	1.0
	0.0	1.0	0.0	0.0
	1.0	0.0	0.0	0.0
	0.0	0.5	0.5	0.0
	0.5	0.0	0.0	0.5
	0.0	1.0	0.0	0.0
	0.0	1.0	0.0	0.0
	0.0	1.0	0.0	0.0
	0.5	0.5	0.0	0.0
	1.0	0.0	0.0	0.0
	0.5	0.5	0.0	0.0
	0.5	0.0	0.0	0.5
	0.5	0.0	0.0	0.5
	0.5	0.0	0.5	0.0
	1.0	0.0	0.0	0.0
	1.0	0.0	0.0	0.0
	0.0	0.0	1.0	0.0
	0.0	0.0	1.0	0.0
	0.0	0.0	0.5	0.5
	0.5	0.0	0.0	0.5
	0.0	0.0	0.0	1.0
	0.0	0.0	0.0	1.0
	0.0	0.0	0.5	0.5
	0.0	0.0	1.0	0.0

MEME version 4

ALPHABET= ACGT

MOTIF chr20:32238341-32238351

letter-probability matrix: alength= 4 w= 10
	0.0	0.0	0.0	1.0
	0.0	0.0	0.0	1.0
	0.0	0.0	0.0	1.0
	0.0	0.0	0.0	1.0
	0.0	0.0	0.25	0.75
	0.0	0.0	0.75	0.25
	0.0	0.0	0.0	1.0
	0.25	0.25	0.25	0.25
	0.0	0.0	0.0	1.0
	0.0	0.0	0.0	1.0

MEME version 4

ALPHABET= ACGT

MOTIF chr20:32114278-32114303

letter-probability matrix: alength= 4 w= 25
	0.0	0.5	0.0	0.5
	0.0	0.0	0.0	1.0
	0.0	1.0	0.0	0.0
	1.0	0.0	0.0	0.0
	0.0	0.5	0.5	0.0
	0.5	0.0	0.0	0.5
	0.0	1.0	0.0	0.0
	0.0	1.0	0.0	0.0
	0.0	1.0	0.0	0.0
	0.5	0.5	0.0	0.0
	1.0	0.0	0.0	0.0
	0.5	0.5	0.0	0.0
	0.5	0.0	0.0	0.5
	0.5	0.0	0.0	0.5
	0.5	0.0	0.5	0.0
	1.0	0.0	0.0	0.0
	1.0	0.0	0.0	0.0
	0.0	0.0	1.0	0.0
	0.0	0.0	1.0	0.0
	0.0	0.0	0.5	0.5
	0.5	0.0	0.0	0.5
	0.0	0.0	0.0	1.0
	0.0	0.0	0.0	1.0
	0.0	0.0	0.5	0.5
	0.0	0.0	1.0	0.0

MEME version 4

ALPHABET= ACGT

MOTIF chr2:69622749-69622759

letter-probability matrix: alength= 4 w= 10
	0.0	0.0	0.0	1.0
	0.0	0.0	0.0	1.0
	0.0	0.0	0.0	1.0
	0.0	0.0	0.0	1.0
	0.0	0.0	0.25	0.75
	0.0	0.0	0.75	0.25
	0.0	0.0	0.0	1.0
	0.25	0.25	0.25	0.25
	0.0	0.0	0.0	1.0
	0.0	0.0	0.0	1.0

MEME version 4

ALPHABET= ACGT

MOTIF chr2:69684558-69684583

letter-probability matrix: alength= 4 w= 25
	0.0	0.5	0.0	0.5
	0.0	0.0	0.0	1.0
	0.0	1.0	0.0	0.0
	1.0	0.0	0.0	0.0
	0.0	0.5	0.5	0.0
	0.5	0.0	0.0	0.5
	0.0	1.0	0.0	0.0
	0.0	1.0	0.0	0.0
	0.0	1.0	0.0	0.0
	0.5	0.5	0.0	0.0
	1.0	0.0	0.0	0.0
	0.5	0.5	0.0	0.0
	0.5	0.0	0.0	0.5
	0.5	0.0	0.0	0.5
	0.5	0.0	0.5	0.0
	1.0	0.0	0.0	0.0
	1.0	0.0	0.0	0.0
	0.0	0.0	1.0	0.0
	0.0	0.0	1.0	0.0
	0.0	0.0	0.5	0.5
	0.5	0.0	0.0	0.5
	0.0	0.0	0.0	1.0
	0.0	0.0	0.0	1.0
	0.0	0.0	0.5	0.5
	0.0	0.0	1.0	0.0

MEME version 4

ALPHABET= ACGT

MOTIF chr7:143050010-143050020

letter-probability matrix: alength= 4 w= 10
	0.0	0.0	0.0	1.0
	0.0	0.0	0.0	1.0
	0.0	0.0	0.0	1.0
	0.0	0.0	0.0	1.0
	0.0	0.0	0.25	0.75
	0.0	0.0	0.75	0.25
	0.0	0.0	0.0	1.0
	0.25	0.25	0.25	0.25
	0.0	0.0	0.0	1.0
	0.0	0.0	0.0	1.0

MEME version 4

ALPHABET= ACGT

MOTIF chr7:143004015-143004040

letter-probability matrix: alength= 4 w= 25
	0.0	0.5	0.0	0.5
	0.0	0.0	0.0	1.0
	0.0	1.0	0.0	0.0
	1.0	0.0	0.0	0.0
	0.0	0.5	0.5	0.0
	0.5	0.0	0.0	0.5
	0.0	1.0	0.0	0.0
	0.0	1.0	0.0	0.0
	0.0	1.0	0.0	0.0
	0.5	0.5	0.0	0.0
	1.0	0.0	0.0	0.0
	0.5	0.5	0.0	0.0
	0.5	0.0	0.0	0.5
	0.5	0.0	0.0	0.5
	0.5	0.0	0.5	0.0
	1.0	0.0	0.0	0.0
	1.0	0.0	0.0	0.0
	0.0	0.0	1.0	0.0
	0.0	0.0	1.0	0.0
	0.0	0.0	0.5	0.5
	0.5	0.0	0.0	0.5
	0.0	0.0	0.0	1.0
	0.0	0.0	0.0	1.0
	0.0	0.0	0.5	0.5
	0.0	0.0	1.0	0.0

MEME version 4

ALPHABET= ACGT

MOTIF chr14:31568432-31568442

letter-probability matrix: alength= 4 w= 10
	0.0	0.0	0.0	1.0
	0.0	0.0	0.0	1.0
	0.0	0.0	0.0	1.0
	0.0	0.0	0.0	1.0
	0.0	0.0	0.25	0.75
	0.0	0.0	0.75	0.25
	0.0	0.0	0.0	1.0
	0.25	0.25	0.25	0.25
	0.0	0.0	0.0	1.0
	0.0	0.0	0.0	1.0

MEME version 4

ALPHABET= ACGT

MOTIF chr14:31682519-31682544

letter-probability matrix: alength= 4 w= 25
	0.0	0.5	0.0	0.5
	0.0	0.0	0.0	1.0
	0.0	1.0	0.0	0.0
	1.0	0.0	0.0	0.0
	0.0	0.5	0.5	0.0
	0.5	0.0	0.0	0.5
	0.0	1.0	0.0	0.0
	0.0	1.0	0.0	0.0
	0.0	1.0	0.0	0.0
	0.5	0.5	0.0	0.0
	1.0	0.0	0.0	0.0
	0.5	0.5	0.0	0.0
	0.5	0.0	0.0	0.5
	0.5	0.0	0.0	0.5
	0.5	0.0	0.5	0.0
	1.0	0.0	0.0	0.0
	1.0	0.0	0.0	0.0
	0.0	0.0	1.0	0.0
	0.0	0.0	1.0	0.0
	0.0	0.0	0.5	0.5
	0.5	0.0	0.0	0.5
	0.0	0.0	0.0	1.0
	0.0	0.0	0.0	1.0
	0.0	0.0	0.5	0.5
	0.0	0.0	1.0	0.0

MEME version 4

ALPHABET= ACGT

MOTIF chr12:133298183-133298193

letter-probability matrix: alength= 4 w= 10
	0.0	0.0	0.0	1.0
	0.0	0.0	0.0	1.0
	0.0	0.0	0.0	1.0
	0.0	0.0	0.0	1.0
	0.0	0.0	0.25	0.75
	0.0	0.0	0.75	0.25
	0.0	0.0	0.0	1.0
	0.25	0.25	0.25	0.25
	0.0	0.0	0.0	1.0
	0.0	0.0	0.0	1.0

MEME version 4

ALPHABET= ACGT

MOTIF chr12:133217092-133217117

letter-probability matrix: alength= 4 w= 25
	0.0	0.5	0.0	0.5
	0.0	0.0	0.0	1.0
	0.0	1.0	0.0	0.0
	1.0	0.0	0.0	0.0
	0.0	0.5	0.5	0.0
	0.5	0.0	0.0	0.5
	0.0	1.0	0.0	0.0
	0.0	1.0	0.0	0.0
	0.0	1.0	0.0	0.0
	0.5	0.5	0.0	0.0
	1.0	0.0	0.0	0.0
	0.5	0.5	0.0	0.0
	0.5	0.0	0.0	0.5
	0.5	0.0	0.0	0.5
	0.5	0.0	0.5	0.0
	1.0	0.0	0.0	0.0
	1.0	0.0	0.0	0.0
	0.0	0.0	1.0	0.0
	0.0	0.0	1.0	0.0
	0.0	0.0	0.5	0.5
	0.5	0.0	0.0	0.5
	0.0	0.0	0.0	1.0
	0.0	0.0	0.0	1.0
	0.0	0.0	0.5	0.5
	0.0	0.0	1.0	0.0

MEME version 4

ALPHABET= ACGT

MOTIF chr3:15484123-15484133

letter-probability matrix: alength= 4 w= 10
	0.0	0.0	0.0	1.0
	0.0	0.0	0.0	1.0
	0.0	0.0	0.0	1.0
	0.0	0.0	0.0	1.0
	0.0	0.0	0.25	0.75
	0.0	0.0	0.75	0.25
	0.0	0.0	0.0	1.0
	0.25	0.25	0.25	0.25
	0.0	0.0	0.0	1.0
	0.0	0.0	0.0	1.0

MEME version 4

ALPHABET= ACGT

MOTIF chr3:15499726-15499751

letter-probability matrix: alength= 4 w= 25
	0.0	0.5	0.0	0.5
	0.0	0.0	0.0	1.0
	0.0	1.0	0.0	0.0
	1.0	0.0	0.0	0.0
	0.0	0.5	0.5	0.0
	0.5	0.0	0.0	0.5
	0.0	1.0	0.0	0.0
	0.0	1.0	0.0	0.0
	0.0	1.0	0.0	0.0
	0.5	0.5	0.0	0.0
	1.0	0.0	0.0	0.0
	0.5	0.5	0.0	0.0
	0.5	0.0	0.0	0.5
	0.5	0.0	0.0	0.5
	0.5	0.0	0.5	0.0
	1.0	0.0	0.0	0.0
	1.0	0.0	0.0	0.0
	0.0	0.0	1.0	0.0
	0.0	0.0	1.0	0.0
	0.0	0.0	0.5	0.5
	0.5	0.0	0.0	0.5
	0.0	0.0	0.0	1.0
	0.0	0.0	0.0	1.0
	0.0	0.0	0.5	0.5
	0.0	0.0	1.0	0.0

MEME version 4

ALPHABET= ACGT

MOTIF chr20:32077017-32077027

letter-probability matrix: alength= 4 w= 10
	0.0	0.0	0.0	1.0
	0.0	0.0	0.0	1.0
	0.0	0.0	0.0	1.0
	0.0	0.0	0.0	1.0
	0.0	0.0	0.25	0.75
	0.0	0.0	0.75	0.25
	0.0	0.0	0.0	1.0
	0.25	0.25	0.25	0.25
	0.0	0.0	0.0	1.0
	0.0	0.0	0.0	1.0

MEME version 4

ALPHABET= ACGT

MOTIF chr20:32114278-32114303

letter-probability matrix: alength= 4 w= 25
	0.0	0.5	0.0	0.5
	0.0	0.0	0.0	1.0
	0.0	1.0	0.0	0.0
	1.0	0.0	0.0	0.0
	0.0	0.5	0.5	0.0
	0.5	0.0	0.0	0.5
	0.0	1.0	0.0	0.0
	0.0	1.0	0.0	0.0
	0.0	1.0	0.0	0.0
	0.5	0.5	0.0	0.0
	1.0	0.0	0.0	0.0
	0.5	0.5	0.0	0.0
	0.5	0.0	0.0	0.5
	0.5	0.0	0.0	0.5
	0.5	0.0	0.5	0.0
	1.0	0.0	0.0	0.0
	1.0	0.0	0.0	0.0
	0.0	0.0	1.0	0.0
	0.0	0.0	1.0	0.0
	0.0	0.0	0.5	0.5
	0.5	0.0	0.0	0.5
	0.0	0.0	0.0	1.0
	0.0	0.0	0.0	1.0
	0.0	0.0	0.5	0.5
	0.0	0.0	1.0	0.0

MEME version 4

ALPHABET= ACGT

MOTIF chr2:209223543-209223553

letter-probability matrix: alength= 4 w= 10
	0.0	0.0	0.0	1.0
	0.0	0.0	0.0	1.0
	0.0	0.0	0.0	1.0
	0.0	0.0	0.0	1.0
	0.0	0.0	0.25	0.75
	0.0	0.0	0.75	0.25
	0.0	0.0	0.0	1.0
	0.25	0.25	0.25	0.25
	0.0	0.0	0.0	1.0
	0.0	0.0	0.0	1.0

MEME version 4

ALPHABET= ACGT

MOTIF chr2:209150133-209150158

letter-probability matrix: alength= 4 w= 25
	0.0	0.5	0.0	0.5
	0.0	0.0	0.0	1.0
	0.0	1.0	0.0	0.0
	1.0	0.0	0.0	0.0
	0.0	0.5	0.5	0.0
	0.5	0.0	0.0	0.5
	0.0	1.0	0.0	0.0
	0.0	1.0	0.0	0.0
	0.0	1.0	0.0	0.0
	0.5	0.5	0.0	0.0
	1.0	0.0	0.0	0.0
	0.5	0.5	0.0	0.0
	0.5	0.0	0.0	0.5
	0.5	0.0	0.0	0.5
	0.5	0.0	0.5	0.0
	1.0	0.0	0.0	0.0
	1.0	0.0	0.0	0.0
	0.0	0.0	1.0	0.0
	0.0	0.0	1.0	0.0
	0.0	0.0	0.5	0.5
	0.5	0.0	0.0	0.5
	0.0	0.0	0.0	1.0
	0.0	0.0	0.0	1.0
	0.0	0.0	0.5	0.5
	0.0	0.0	1.0	0.0

MEME version 4

ALPHABET= ACGT

MOTIF chr2:24286864-24286874

letter-probability matrix: alength= 4 w= 10
	0.0	0.0	0.0	1.0
	0.0	0.0	0.0	1.0
	0.0	0.0	0.0	1.0
	0.0	0.0	0.0	1.0
	0.0	0.0	0.25	0.75
	0.0	0.0	0.75	0.25
	0.0	0.0	0.0	1.0
	0.25	0.25	0.25	0.25
	0.0	0.0	0.0	1.0
	0.0	0.0	0.0	1.0

MEME version 4

ALPHABET= ACGT

MOTIF chr2:24282025-24282050

letter-probability matrix: alength= 4 w= 25
	0.0	0.5	0.0	0.5
	0.0	0.0	0.0	1.0
	0.0	1.0	0.0	0.0
	1.0	0.0	0.0	0.0
	0.0	0.5	0.5	0.0
	0.5	0.0	0.0	0.5
	0.0	1.0	0.0	0.0
	0.0	1.0	0.0	0.0
	0.0	1.0	0.0	0.0
	0.5	0.5	0.0	0.0
	1.0	0.0	0.0	0.0
	0.5	0.5	0.0	0.0
	0.5	0.0	0.0	0.5
	0.5	0.0	0.0	0.5
	0.5	0.0	0.5	0.0
	1.0	0.0	0.0	0.0
	1.0	0.0	0.0	0.0
	0.0	0.0	1.0	0.0
	0.0	0.0	1.0	0.0
	0.0	0.0	0.5	0.5
	0.5	0.0	0.0	0.5
	0.0	0.0	0.0	1.0
	0.0	0.0	0.0	1.0
	0.0	0.0	0.5	0.5
	0.0	0.0	1.0	0.0

MEME version 4

ALPHABET= ACGT

MOTIF chr19:55692482-55692492

letter-probability matrix: alength= 4 w= 10
	0.0	0.0	0.0	1.0
	0.0	0.0	0.0	1.0
	0.0	0.0	0.0	1.0
	0.0	0.0	0.0	1.0
	0.0	0.0	0.25	0.75
	0.0	0.0	0.75	0.25
	0.0	0.0	0.0	1.0
	0.25	0.25	0.25	0.25
	0.0	0.0	0.0	1.0
	0.0	0.0	0.0	1.0

MEME version 4

ALPHABET= ACGT

MOTIF chr19:55696613-55696638

letter-probability matrix: alength= 4 w= 25
	0.0	0.5	0.0	0.5
	0.0	0.0	0.0	1.0
	0.0	1.0	0.0	0.0
	1.0	0.0	0.0	0.0
	0.0	0.5	0.5	0.0
	0.5	0.0	0.0	0.5
	0.0	1.0	0.0	0.0
	0.0	1.0	0.0	0.0
	0.0	1.0	0.0	0.0
	0.5	0.5	0.0	0.0
	1.0	0.0	0.0	0.0
	0.5	0.5	0.0	0.0
	0.5	0.0	0.0	0.5
	0.5	0.0	0.0	0.5
	0.5	0.0	0.5	0.0
	1.0	0.0	0.0	0.0
	1.0	0.0	0.0	0.0
	0.0	0.0	1.0	0.0
	0.0	0.0	1.0	0.0
	0.0	0.0	0.5	0.5
	0.5	0.0	0.0	0.5
	0.0	0.0	0.0	1.0
	0.0	0.0	0.0	1.0
	0.0	0.0	0.5	0.5
	0.0	0.0	1.0	0.0

MEME version 4

ALPHABET= ACGT

MOTIF chr1:29138190-29138200

letter-probability matrix: alength= 4 w= 10
	0.0	0.0	0.0	1.0
	0.0	0.0	0.0	1.0
	0.0	0.0	0.0	1.0
	0.0	0.0	0.0	1.0
	0.0	0.0	0.25	0.75
	0.0	0.0	0.75	0.25
	0.0	0.0	0.0	1.0
	0.25	0.25	0.25	0.25
	0.0	0.0	0.0	1.0
	0.0	0.0	0.0	1.0

MEME version 4

ALPHABET= ACGT

MOTIF chr1:29111434-29111459

letter-probability matrix: alength= 4 w= 25
	0.0	0.5	0.0	0.5
	0.0	0.0	0.0	1.0
	0.0	1.0	0.0	0.0
	1.0	0.0	0.0	0.0
	0.0	0.5	0.5	0.0
	0.5	0.0	0.0	0.5
	0.0	1.0	0.0	0.0
	0.0	1.0	0.0	0.0
	0.0	1.0	0.0	0.0
	0.5	0.5	0.0	0.0
	1.0	0.0	0.0	0.0
	0.5	0.5	0.0	0.0
	0.5	0.0	0.0	0.5
	0.5	0.0	0.0	0.5
	0.5	0.0	0.5	0.0
	1.0	0.0	0.0	0.0
	1.0	0.0	0.0	0.0
	0.0	0.0	1.0	0.0
	0.0	0.0	1.0	0.0
	0.0	0.0	0.5	0.5
	0.5	0.0	0.0	0.5
	0.0	0.0	0.0	1.0
	0.0	0.0	0.0	1.0
	0.0	0.0	0.5	0.5
	0.0	0.0	1.0	0.0

MEME version 4

ALPHABET= ACGT

MOTIF chr16:67263310-67263320

letter-probability matrix: alength= 4 w= 10
	0.0	0.0	0.0	1.0
	0.0	0.0	0.0	1.0
	0.0	0.0	0.0	1.0
	0.0	0.0	0.0	1.0
	0.0	0.0	0.25	0.75
	0.0	0.0	0.75	0.25
	0.0	0.0	0.0	1.0
	0.25	0.25	0.25	0.25
	0.0	0.0	0.0	1.0
	0.0	0.0	0.0	1.0

MEME version 4

ALPHABET= ACGT

MOTIF chr16:67254427-67254452

letter-probability matrix: alength= 4 w= 25
	0.0	0.5	0.0	0.5
	0.0	0.0	0.0	1.0
	0.0	1.0	0.0	0.0
	1.0	0.0	0.0	0.0
	0.0	0.5	0.5	0.0
	0.5	0.0	0.0	0.5
	0.0	1.0	0.0	0.0
	0.0	1.0	0.0	0.0
	0.0	1.0	0.0	0.0
	0.5	0.5	0.0	0.0
	1.0	0.0	0.0	0.0
	0.5	0.5	0.0	0.0
	0.5	0.0	0.0	0.5
	0.5	0.0	0.0	0.5
	0.5	0.0	0.5	0.0
	1.0	0.0	0.0	0.0
	1.0	0.0	0.0	0.0
	0.0	0.0	1.0	0.0
	0.0	0.0	1.0	0.0
	0.0	0.0	0.5	0.5
	0.5	0.0	0.0	0.5
	0.0	0.0	0.0	1.0
	0.0	0.0	0.0	1.0
	0.0	0.0	0.5	0.5
	0.0	0.0	1.0	0.0

MEME version 4

ALPHABET= ACGT

MOTIF chr12:58016325-58016335

letter-probability matrix: alength= 4 w= 10
	0.0	0.0	0.0	1.0
	0.0	0.0	0.0	1.0
	0.0	0.0	0.0	1.0
	0.0	0.0	0.0	1.0
	0.0	0.0	0.25	0.75
	0.0	0.0	0.75	0.25
	0.0	0.0	0.0	1.0
	0.25	0.25	0.25	0.25
	0.0	0.0	0.0	1.0
	0.0	0.0	0.0	1.0

MEME version 4

ALPHABET= ACGT

MOTIF chr12:58017939-58017964

letter-probability matrix: alength= 4 w= 25
	0.0	0.5	0.0	0.5
	0.0	0.0	0.0	1.0
	0.0	1.0	0.0	0.0
	1.0	0.0	0.0	0.0
	0.0	0.5	0.5	0.0
	0.5	0.0	0.0	0.5
	0.0	1.0	0.0	0.0
	0.0	1.0	0.0	0.0
	0.0	1.0	0.0	0.0
	0.5	0.5	0.0	0.0
	1.0	0.0	0.0	0.0
	0.5	0.5	0.0	0.0
	0.5	0.0	0.0	0.5
	0.5	0.0	0.0	0.5
	0.5	0.0	0.5	0.0
	1.0	0.0	0.0	0.0
	1.0	0.0	0.0	0.0
	0.0	0.0	1.0	0.0
	0.0	0.0	1.0	0.0
	0.0	0.0	0.5	0.5
	0.5	0.0	0.0	0.5
	0.0	0.0	0.0	1.0
	0.0	0.0	0.0	1.0
	0.0	0.0	0.5	0.5
	0.0	0.0	1.0	0.0

MEME version 4

ALPHABET= ACGT

MOTIF chr16:19533845-19533855

letter-probability matrix: alength= 4 w= 10
	0.0	0.0	0.0	1.0
	0.0	0.0	0.0	1.0
	0.0	0.0	0.0	1.0
	0.0	0.0	0.0	1.0
	0.0	0.0	0.25	0.75
	0.0	0.0	0.75	0.25
	0.0	0.0	0.0	1.0
	0.25	0.25	0.25	0.25
	0.0	0.0	0.0	1.0
	0.0	0.0	0.0	1.0

MEME version 4

ALPHABET= ACGT

MOTIF chr16:19565899-19565924

letter-probability matrix: alength= 4 w= 25
	0.0	0.5	0.0	0.5
	0.0	0.0	0.0	1.0
	0.0	1.0	0.0	0.0
	1.0	0.0	0.0	0.0
	0.0	0.5	0.5	0.0
	0.5	0.0	0.0	0.5
	0.0	1.0	0.0	0.0
	0.0	1.0	0.0	0.0
	0.0	1.0	0.0	0.0
	0.5	0.5	0.0	0.0
	1.0	0.0	0.0	0.0
	0.5	0.5	0.0	0.0
	0.5	0.0	0.0	0.5
	0.5	0.0	0.0	0.5
	0.5	0.0	0.5	0.0
	1.0	0.0	0.0	0.0
	1.0	0.0	0.0	0.0
	0.0	0.0	1.0	0.0
	0.0	0.0	1.0	0.0
	0.0	0.0	0.5	0.5
	0.5	0.0	0.0	0.5
	0.0	0.0	0.0	1.0
	0.0	0.0	0.0	1.0
	0.0	0.0	0.5	0.5
	0.0	0.0	1.0	0.0

MEME version 4

ALPHABET= ACGT

MOTIF chr16:18802038-18802048

letter-probability matrix: alength= 4 w= 10
	0.0	0.0	0.0	1.0
	0.0	0.0	0.0	1.0
	0.0	0.0	0.0	1.0
	0.0	0.0	0.0	1.0
	0.0	0.0	0.25	0.75
	0.0	0.0	0.75	0.25
	0.0	0.0	0.0	1.0
	0.25	0.25	0.25	0.25
	0.0	0.0	0.0	1.0
	0.0	0.0	0.0	1.0

MEME version 4

ALPHABET= ACGT

MOTIF chr16:18828181-18828206

letter-probability matrix: alength= 4 w= 25
	0.0	0.5	0.0	0.5
	0.0	0.0	0.0	1.0
	0.0	1.0	0.0	0.0
	1.0	0.0	0.0	0.0
	0.0	0.5	0.5	0.0
	0.5	0.0	0.0	0.5
	0.0	1.0	0.0	0.0
	0.0	1.0	0.0	0.0
	0.0	1.0	0.0	0.0
	0.5	0.5	0.0	0.0
	1.0	0.0	0.0	0.0
	0.5	0.5	0.0	0.0
	0.5	0.0	0.0	0.5
	0.5	0.0	0.0	0.5
	0.5	0.0	0.5	0.0
	1.0	0.0	0.0	0.0
	1.0	0.0	0.0	0.0
	0.0	0.0	1.0	0.0
	0.0	0.0	1.0	0.0
	0.0	0.0	0.5	0.5
	0.5	0.0	0.0	0.5
	0.0	0.0	0.0	1.0
	0.0	0.0	0.0	1.0
	0.0	0.0	0.5	0.5
	0.0	0.0	1.0	0.0

MEME version 4

ALPHABET= ACGT

MOTIF chr4:103714699-103714709

letter-probability matrix: alength= 4 w= 10
	0.0	0.0	0.0	1.0
	0.0	0.0	0.0	1.0
	0.0	0.0	0.0	1.0
	0.0	0.0	0.0	1.0
	0.0	0.0	0.25	0.75
	0.0	0.0	0.75	0.25
	0.0	0.0	0.0	1.0
	0.25	0.25	0.25	0.25
	0.0	0.0	0.0	1.0
	0.0	0.0	0.0	1.0

MEME version 4

ALPHABET= ACGT

MOTIF chr4:103776213-103776238

letter-probability matrix: alength= 4 w= 25
	0.0	0.5	0.0	0.5
	0.0	0.0	0.0	1.0
	0.0	1.0	0.0	0.0
	1.0	0.0	0.0	0.0
	0.0	0.5	0.5	0.0
	0.5	0.0	0.0	0.5
	0.0	1.0	0.0	0.0
	0.0	1.0	0.0	0.0
	0.0	1.0	0.0	0.0
	0.5	0.5	0.0	0.0
	1.0	0.0	0.0	0.0
	0.5	0.5	0.0	0.0
	0.5	0.0	0.0	0.5
	0.5	0.0	0.0	0.5
	0.5	0.0	0.5	0.0
	1.0	0.0	0.0	0.0
	1.0	0.0	0.0	0.0
	0.0	0.0	1.0	0.0
	0.0	0.0	1.0	0.0
	0.0	0.0	0.5	0.5
	0.5	0.0	0.0	0.5
	0.0	0.0	0.0	1.0
	0.0	0.0	0.0	1.0
	0.0	0.0	0.5	0.5
	0.0	0.0	1.0	0.0

MEME version 4

ALPHABET= ACGT

MOTIF chr19:14170474-14170484

letter-probability matrix: alength= 4 w= 10
	0.0	0.0	0.0	1.0
	0.0	0.0	0.0	1.0
	0.0	0.0	0.0	1.0
	0.0	0.0	0.0	1.0
	0.0	0.0	0.25	0.75
	0.0	0.0	0.75	0.25
	0.0	0.0	0.0	1.0
	0.25	0.25	0.25	0.25
	0.0	0.0	0.0	1.0
	0.0	0.0	0.0	1.0

MEME version 4

ALPHABET= ACGT

MOTIF chr19:14177085-14177110

letter-probability matrix: alength= 4 w= 25
	0.0	0.5	0.0	0.5
	0.0	0.0	0.0	1.0
	0.0	1.0	0.0	0.0
	1.0	0.0	0.0	0.0
	0.0	0.5	0.5	0.0
	0.5	0.0	0.0	0.5
	0.0	1.0	0.0	0.0
	0.0	1.0	0.0	0.0
	0.0	1.0	0.0	0.0
	0.5	0.5	0.0	0.0
	1.0	0.0	0.0	0.0
	0.5	0.5	0.0	0.0
	0.5	0.0	0.0	0.5
	0.5	0.0	0.0	0.5
	0.5	0.0	0.5	0.0
	1.0	0.0	0.0	0.0
	1.0	0.0	0.0	0.0
	0.0	0.0	1.0	0.0
	0.0	0.0	1.0	0.0
	0.0	0.0	0.5	0.5
	0.5	0.0	0.0	0.5
	0.0	0.0	0.0	1.0
	0.0	0.0	0.0	1.0
	0.0	0.0	0.5	0.5
	0.0	0.0	1.0	0.0

MEME version 4

ALPHABET= ACGT

MOTIF chr1:161148467-161148477

letter-probability matrix: alength= 4 w= 10
	0.0	0.0	0.0	1.0
	0.0	0.0	0.0	1.0
	0.0	0.0	0.0	1.0
	0.0	0.0	0.0	1.0
	0.0	0.0	0.25	0.75
	0.0	0.0	0.75	0.25
	0.0	0.0	0.0	1.0
	0.25	0.25	0.25	0.25
	0.0	0.0	0.0	1.0
	0.0	0.0	0.0	1.0

MEME version 4

ALPHABET= ACGT

MOTIF chr1:161124784-161124809

letter-probability matrix: alength= 4 w= 25
	0.0	0.5	0.0	0.5
	0.0	0.0	0.0	1.0
	0.0	1.0	0.0	0.0
	1.0	0.0	0.0	0.0
	0.0	0.5	0.5	0.0
	0.5	0.0	0.0	0.5
	0.0	1.0	0.0	0.0
	0.0	1.0	0.0	0.0
	0.0	1.0	0.0	0.0
	0.5	0.5	0.0	0.0
	1.0	0.0	0.0	0.0
	0.5	0.5	0.0	0.0
	0.5	0.0	0.0	0.5
	0.5	0.0	0.0	0.5
	0.5	0.0	0.5	0.0
	1.0	0.0	0.0	0.0
	1.0	0.0	0.0	0.0
	0.0	0.0	1.0	0.0
	0.0	0.0	1.0	0.0
	0.0	0.0	0.5	0.5
	0.5	0.0	0.0	0.5
	0.0	0.0	0.0	1.0
	0.0	0.0	0.0	1.0
	0.0	0.0	0.5	0.5
	0.0	0.0	1.0	0.0

MEME version 4

ALPHABET= ACGT

MOTIF chr7:75676641-75676651

letter-probability matrix: alength= 4 w= 10
	0.0	0.0	0.0	1.0
	0.0	0.0	0.0	1.0
	0.0	0.0	0.0	1.0
	0.0	0.0	0.0	1.0
	0.0	0.0	0.25	0.75
	0.0	0.0	0.75	0.25
	0.0	0.0	0.0	1.0
	0.25	0.25	0.25	0.25
	0.0	0.0	0.0	1.0
	0.0	0.0	0.0	1.0

MEME version 4

ALPHABET= ACGT

MOTIF chr7:75649169-75649194

letter-probability matrix: alength= 4 w= 25
	0.0	0.5	0.0	0.5
	0.0	0.0	0.0	1.0
	0.0	1.0	0.0	0.0
	1.0	0.0	0.0	0.0
	0.0	0.5	0.5	0.0
	0.5	0.0	0.0	0.5
	0.0	1.0	0.0	0.0
	0.0	1.0	0.0	0.0
	0.0	1.0	0.0	0.0
	0.5	0.5	0.0	0.0
	1.0	0.0	0.0	0.0
	0.5	0.5	0.0	0.0
	0.5	0.0	0.0	0.5
	0.5	0.0	0.0	0.5
	0.5	0.0	0.5	0.0
	1.0	0.0	0.0	0.0
	1.0	0.0	0.0	0.0
	0.0	0.0	1.0	0.0
	0.0	0.0	1.0	0.0
	0.0	0.0	0.5	0.5
	0.5	0.0	0.0	0.5
	0.0	0.0	0.0	1.0
	0.0	0.0	0.0	1.0
	0.0	0.0	0.5	0.5
	0.0	0.0	1.0	0.0

MEME version 4

ALPHABET= ACGT

MOTIF chr5:112211233-112211243

letter-probability matrix: alength= 4 w= 10
	0.0	0.0	0.0	1.0
	0.0	0.0	0.0	1.0
	0.0	0.0	0.0	1.0
	0.0	0.0	0.0	1.0
	0.0	0.0	0.25	0.75
	0.0	0.0	0.75	0.25
	0.0	0.0	0.0	1.0
	0.25	0.25	0.25	0.25
	0.0	0.0	0.0	1.0
	0.0	0.0	0.0	1.0

MEME version 4

ALPHABET= ACGT

MOTIF chr5:112276414-112276439

letter-probability matrix: alength= 4 w= 25
	0.0	0.5	0.0	0.5
	0.0	0.0	0.0	1.0
	0.0	1.0	0.0	0.0
	1.0	0.0	0.0	0.0
	0.0	0.5	0.5	0.0
	0.5	0.0	0.0	0.5
	0.0	1.0	0.0	0.0
	0.0	1.0	0.0	0.0
	0.0	1.0	0.0	0.0
	0.5	0.5	0.0	0.0
	1.0	0.0	0.0	0.0
	0.5	0.5	0.0	0.0
	0.5	0.0	0.0	0.5
	0.5	0.0	0.0	0.5
	0.5	0.0	0.5	0.0
	1.0	0.0	0.0	0.0
	1.0	0.0	0.0	0.0
	0.0	0.0	1.0	0.0
	0.0	0.0	1.0	0.0
	0.0	0.0	0.5	0.5
	0.5	0.0	0.0	0.5
	0.0	0.0	0.0	1.0
	0.0	0.0	0.0	1.0
	0.0	0.0	0.5	0.5
	0.0	0.0	1.0	0.0

MEME version 4

ALPHABET= ACGT

MOTIF chr12:82751539-82751549

letter-probability matrix: alength= 4 w= 10
	0.0	0.0	0.0	1.0
	0.0	0.0	0.0	1.0
	0.0	0.0	0.0	1.0
	0.0	0.0	0.0	1.0
	0.0	0.0	0.25	0.75
	0.0	0.0	0.75	0.25
	0.0	0.0	0.0	1.0
	0.25	0.25	0.25	0.25
	0.0	0.0	0.0	1.0
	0.0	0.0	0.0	1.0

MEME version 4

ALPHABET= ACGT

MOTIF chr12:82744203-82744228

letter-probability matrix: alength= 4 w= 25
	0.0	0.5	0.0	0.5
	0.0	0.0	0.0	1.0
	0.0	1.0	0.0	0.0
	1.0	0.0	0.0	0.0
	0.0	0.5	0.5	0.0
	0.5	0.0	0.0	0.5
	0.0	1.0	0.0	0.0
	0.0	1.0	0.0	0.0
	0.0	1.0	0.0	0.0
	0.5	0.5	0.0	0.0
	1.0	0.0	0.0	0.0
	0.5	0.5	0.0	0.0
	0.5	0.0	0.0	0.5
	0.5	0.0	0.0	0.5
	0.5	0.0	0.5	0.0
	1.0	0.0	0.0	0.0
	1.0	0.0	0.0	0.0
	0.0	0.0	1.0	0.0
	0.0	0.0	1.0	0.0
	0.0	0.0	0.5	0.5
	0.5	0.0	0.0	0.5
	0.0	0.0	0.0	1.0
	0.0	0.0	0.0	1.0
	0.0	0.0	0.5	0.5
	0.0	0.0	1.0	0.0

MEME version 4

ALPHABET= ACGT

MOTIF chr13:31736847-31736857

letter-probability matrix: alength= 4 w= 10
	0.0	0.0	0.0	1.0
	0.0	0.0	0.0	1.0
	0.0	0.0	0.0	1.0
	0.0	0.0	0.0	1.0
	0.0	0.0	0.25	0.75
	0.0	0.0	0.75	0.25
	0.0	0.0	0.0	1.0
	0.25	0.25	0.25	0.25
	0.0	0.0	0.0	1.0
	0.0	0.0	0.0	1.0

MEME version 4

ALPHABET= ACGT

MOTIF chr13:31753694-31753719

letter-probability matrix: alength= 4 w= 25
	0.0	0.5	0.0	0.5
	0.0	0.0	0.0	1.0
	0.0	1.0	0.0	0.0
	1.0	0.0	0.0	0.0
	0.0	0.5	0.5	0.0
	0.5	0.0	0.0	0.5
	0.0	1.0	0.0	0.0
	0.0	1.0	0.0	0.0
	0.0	1.0	0.0	0.0
	0.5	0.5	0.0	0.0
	1.0	0.0	0.0	0.0
	0.5	0.5	0.0	0.0
	0.5	0.0	0.0	0.5
	0.5	0.0	0.0	0.5
	0.5	0.0	0.5	0.0
	1.0	0.0	0.0	0.0
	1.0	0.0	0.0	0.0
	0.0	0.0	1.0	0.0
	0.0	0.0	1.0	0.0
	0.0	0.0	0.5	0.5
	0.5	0.0	0.0	0.5
	0.0	0.0	0.0	1.0
	0.0	0.0	0.0	1.0
	0.0	0.0	0.5	0.5
	0.0	0.0	1.0	0.0

MEME version 4

ALPHABET= ACGT

MOTIF chr19:17434153-17434163

letter-probability matrix: alength= 4 w= 10
	0.0	0.0	0.0	1.0
	0.0	0.0	0.0	1.0
	0.0	0.0	0.0	1.0
	0.0	0.0	0.0	1.0
	0.0	0.0	0.25	0.75
	0.0	0.0	0.75	0.25
	0.0	0.0	0.0	1.0
	0.25	0.25	0.25	0.25
	0.0	0.0	0.0	1.0
	0.0	0.0	0.0	1.0

MEME version 4

ALPHABET= ACGT

MOTIF chr19:17443132-17443157

letter-probability matrix: alength= 4 w= 25
	0.0	0.5	0.0	0.5
	0.0	0.0	0.0	1.0
	0.0	1.0	0.0	0.0
	1.0	0.0	0.0	0.0
	0.0	0.5	0.5	0.0
	0.5	0.0	0.0	0.5
	0.0	1.0	0.0	0.0
	0.0	1.0	0.0	0.0
	0.0	1.0	0.0	0.0
	0.5	0.5	0.0	0.0
	1.0	0.0	0.0	0.0
	0.5	0.5	0.0	0.0
	0.5	0.0	0.0	0.5
	0.5	0.0	0.0	0.5
	0.5	0.0	0.5	0.0
	1.0	0.0	0.0	0.0
	1.0	0.0	0.0	0.0
	0.0	0.0	1.0	0.0
	0.0	0.0	1.0	0.0
	0.0	0.0	0.5	0.5
	0.5	0.0	0.0	0.5
	0.0	0.0	0.0	1.0
	0.0	0.0	0.0	1.0
	0.0	0.0	0.5	0.5
	0.0	0.0	1.0	0.0

MEME version 4

ALPHABET= ACGT

MOTIF chr2:24271601-24271611

letter-probability matrix: alength= 4 w= 10
	0.0	0.0	0.0	1.0
	0.0	0.0	0.0	1.0
	0.0	0.0	0.0	1.0
	0.0	0.0	0.0	1.0
	0.0	0.0	0.25	0.75
	0.0	0.0	0.75	0.25
	0.0	0.0	0.0	1.0
	0.25	0.25	0.25	0.25
	0.0	0.0	0.0	1.0
	0.0	0.0	0.0	1.0

MEME version 4

ALPHABET= ACGT

MOTIF chr2:24282025-24282050

letter-probability matrix: alength= 4 w= 25
	0.0	0.5	0.0	0.5
	0.0	0.0	0.0	1.0
	0.0	1.0	0.0	0.0
	1.0	0.0	0.0	0.0
	0.0	0.5	0.5	0.0
	0.5	0.0	0.0	0.5
	0.0	1.0	0.0	0.0
	0.0	1.0	0.0	0.0
	0.0	1.0	0.0	0.0
	0.5	0.5	0.0	0.0
	1.0	0.0	0.0	0.0
	0.5	0.5	0.0	0.0
	0.5	0.0	0.0	0.5
	0.5	0.0	0.0	0.5
	0.5	0.0	0.5	0.0
	1.0	0.0	0.0	0.0
	1.0	0.0	0.0	0.0
	0.0	0.0	1.0	0.0
	0.0	0.0	1.0	0.0
	0.0	0.0	0.5	0.5
	0.5	0.0	0.0	0.5
	0.0	0.0	0.0	1.0
	0.0	0.0	0.0	1.0
	0.0	0.0	0.5	0.5
	0.0	0.0	1.0	0.0

MEME version 4

ALPHABET= ACGT

MOTIF chr5:112259222-112259232

letter-probability matrix: alength= 4 w= 10
	0.0	0.0	0.0	1.0
	0.0	0.0	0.0	1.0
	0.0	0.0	0.0	1.0
	0.0	0.0	0.0	1.0
	0.0	0.0	0.25	0.75
	0.0	0.0	0.75	0.25
	0.0	0.0	0.0	1.0
	0.25	0.25	0.25	0.25
	0.0	0.0	0.0	1.0
	0.0	0.0	0.0	1.0

MEME version 4

ALPHABET= ACGT

MOTIF chr5:112276414-112276439

letter-probability matrix: alength= 4 w= 25
	0.0	0.5	0.0	0.5
	0.0	0.0	0.0	1.0
	0.0	1.0	0.0	0.0
	1.0	0.0	0.0	0.0
	0.0	0.5	0.5	0.0
	0.5	0.0	0.0	0.5
	0.0	1.0	0.0	0.0
	0.0	1.0	0.0	0.0
	0.0	1.0	0.0	0.0
	0.5	0.5	0.0	0.0
	1.0	0.0	0.0	0.0
	0.5	0.5	0.0	0.0
	0.5	0.0	0.0	0.5
	0.5	0.0	0.0	0.5
	0.5	0.0	0.5	0.0
	1.0	0.0	0.0	0.0
	1.0	0.0	0.0	0.0
	0.0	0.0	1.0	0.0
	0.0	0.0	1.0	0.0
	0.0	0.0	0.5	0.5
	0.5	0.0	0.0	0.5
	0.0	0.0	0.0	1.0
	0.0	0.0	0.0	1.0
	0.0	0.0	0.5	0.5
	0.0	0.0	1.0	0.0

MEME version 4

ALPHABET= ACGT

MOTIF chr9:103064109-103064119

letter-probability matrix: alength= 4 w= 10
	0.0	0.0	0.0	1.0
	0.0	0.0	0.0	1.0
	0.0	0.0	0.0	1.0
	0.0	0.0	0.0	1.0
	0.0	0.0	0.25	0.75
	0.0	0.0	0.75	0.25
	0.0	0.0	0.0	1.0
	0.25	0.25	0.25	0.25
	0.0	0.0	0.0	1.0
	0.0	0.0	0.0	1.0

MEME version 4

ALPHABET= ACGT

MOTIF chr9:103138977-103139002

letter-probability matrix: alength= 4 w= 25
	0.0	0.5	0.0	0.5
	0.0	0.0	0.0	1.0
	0.0	1.0	0.0	0.0
	1.0	0.0	0.0	0.0
	0.0	0.5	0.5	0.0
	0.5	0.0	0.0	0.5
	0.0	1.0	0.0	0.0
	0.0	1.0	0.0	0.0
	0.0	1.0	0.0	0.0
	0.5	0.5	0.0	0.0
	1.0	0.0	0.0	0.0
	0.5	0.5	0.0	0.0
	0.5	0.0	0.0	0.5
	0.5	0.0	0.0	0.5
	0.5	0.0	0.5	0.0
	1.0	0.0	0.0	0.0
	1.0	0.0	0.0	0.0
	0.0	0.0	1.0	0.0
	0.0	0.0	1.0	0.0
	0.0	0.0	0.5	0.5
	0.5	0.0	0.0	0.5
	0.0	0.0	0.0	1.0
	0.0	0.0	0.0	1.0
	0.0	0.0	0.5	0.5
	0.0	0.0	1.0	0.0

MEME version 4

ALPHABET= ACGT

MOTIF chr4:103811380-103811390

letter-probability matrix: alength= 4 w= 10
	0.0	0.0	0.0	1.0
	0.0	0.0	0.0	1.0
	0.0	0.0	0.0	1.0
	0.0	0.0	0.0	1.0
	0.0	0.0	0.25	0.75
	0.0	0.0	0.75	0.25
	0.0	0.0	0.0	1.0
	0.25	0.25	0.25	0.25
	0.0	0.0	0.0	1.0
	0.0	0.0	0.0	1.0

MEME version 4

ALPHABET= ACGT

MOTIF chr4:103776213-103776238

letter-probability matrix: alength= 4 w= 25
	0.0	0.5	0.0	0.5
	0.0	0.0	0.0	1.0
	0.0	1.0	0.0	0.0
	1.0	0.0	0.0	0.0
	0.0	0.5	0.5	0.0
	0.5	0.0	0.0	0.5
	0.0	1.0	0.0	0.0
	0.0	1.0	0.0	0.0
	0.0	1.0	0.0	0.0
	0.5	0.5	0.0	0.0
	1.0	0.0	0.0	0.0
	0.5	0.5	0.0	0.0
	0.5	0.0	0.0	0.5
	0.5	0.0	0.0	0.5
	0.5	0.0	0.5	0.0
	1.0	0.0	0.0	0.0
	1.0	0.0	0.0	0.0
	0.0	0.0	1.0	0.0
	0.0	0.0	1.0	0.0
	0.0	0.0	0.5	0.5
	0.5	0.0	0.0	0.5
	0.0	0.0	0.0	1.0
	0.0	0.0	0.0	1.0
	0.0	0.0	0.5	0.5
	0.0	0.0	1.0	0.0

MEME version 4

ALPHABET= ACGT

MOTIF chr10:43880141-43880151

letter-probability matrix: alength= 4 w= 10
	0.0	0.0	0.0	1.0
	0.0	0.0	0.0	1.0
	0.0	0.0	0.0	1.0
	0.0	0.0	0.0	1.0
	0.0	0.0	0.25	0.75
	0.0	0.0	0.75	0.25
	0.0	0.0	0.0	1.0
	0.25	0.25	0.25	0.25
	0.0	0.0	0.0	1.0
	0.0	0.0	0.0	1.0

MEME version 4

ALPHABET= ACGT

MOTIF chr10:43908472-43908497

letter-probability matrix: alength= 4 w= 25
	0.0	0.5	0.0	0.5
	0.0	0.0	0.0	1.0
	0.0	1.0	0.0	0.0
	1.0	0.0	0.0	0.0
	0.0	0.5	0.5	0.0
	0.5	0.0	0.0	0.5
	0.0	1.0	0.0	0.0
	0.0	1.0	0.0	0.0
	0.0	1.0	0.0	0.0
	0.5	0.5	0.0	0.0
	1.0	0.0	0.0	0.0
	0.5	0.5	0.0	0.0
	0.5	0.0	0.0	0.5
	0.5	0.0	0.0	0.5
	0.5	0.0	0.5	0.0
	1.0	0.0	0.0	0.0
	1.0	0.0	0.0	0.0
	0.0	0.0	1.0	0.0
	0.0	0.0	1.0	0.0
	0.0	0.0	0.5	0.5
	0.5	0.0	0.0	0.5
	0.0	0.0	0.0	1.0
	0.0	0.0	0.0	1.0
	0.0	0.0	0.5	0.5
	0.0	0.0	1.0	0.0

MEME version 4

ALPHABET= ACGT

MOTIF chr2:68685712-68685722

letter-probability matrix: alength= 4 w= 10
	0.0	0.0	0.0	1.0
	0.0	0.0	0.0	1.0
	0.0	0.0	0.0	1.0
	0.0	0.0	0.0	1.0
	0.0	0.0	0.25	0.75
	0.0	0.0	0.75	0.25
	0.0	0.0	0.0	1.0
	0.25	0.25	0.25	0.25
	0.0	0.0	0.0	1.0
	0.0	0.0	0.0	1.0

MEME version 4

ALPHABET= ACGT

MOTIF chr2:68709484-68709509

letter-probability matrix: alength= 4 w= 25
	0.0	0.5	0.0	0.5
	0.0	0.0	0.0	1.0
	0.0	1.0	0.0	0.0
	1.0	0.0	0.0	0.0
	0.0	0.5	0.5	0.0
	0.5	0.0	0.0	0.5
	0.0	1.0	0.0	0.0
	0.0	1.0	0.0	0.0
	0.0	1.0	0.0	0.0
	0.5	0.5	0.0	0.0
	1.0	0.0	0.0	0.0
	0.5	0.5	0.0	0.0
	0.5	0.0	0.0	0.5
	0.5	0.0	0.0	0.5
	0.5	0.0	0.5	0.0
	1.0	0.0	0.0	0.0
	1.0	0.0	0.0	0.0
	0.0	0.0	1.0	0.0
	0.0	0.0	1.0	0.0
	0.0	0.0	0.5	0.5
	0.5	0.0	0.0	0.5
	0.0	0.0	0.0	1.0
	0.0	0.0	0.0	1.0
	0.0	0.0	0.5	0.5
	0.0	0.0	1.0	0.0

MEME version 4

ALPHABET= ACGT

MOTIF chr1:23699066-23699076

letter-probability matrix: alength= 4 w= 10
	0.0	0.0	0.0	1.0
	0.0	0.0	0.0	1.0
	0.0	0.0	0.0	1.0
	0.0	0.0	0.0	1.0
	0.0	0.0	0.25	0.75
	0.0	0.0	0.75	0.25
	0.0	0.0	0.0	1.0
	0.25	0.25	0.25	0.25
	0.0	0.0	0.0	1.0
	0.0	0.0	0.0	1.0

MEME version 4

ALPHABET= ACGT

MOTIF chr1:23708533-23708558

letter-probability matrix: alength= 4 w= 25
	0.0	0.5	0.0	0.5
	0.0	0.0	0.0	1.0
	0.0	1.0	0.0	0.0
	1.0	0.0	0.0	0.0
	0.0	0.5	0.5	0.0
	0.5	0.0	0.0	0.5
	0.0	1.0	0.0	0.0
	0.0	1.0	0.0	0.0
	0.0	1.0	0.0	0.0
	0.5	0.5	0.0	0.0
	1.0	0.0	0.0	0.0
	0.5	0.5	0.0	0.0
	0.5	0.0	0.0	0.5
	0.5	0.0	0.0	0.5
	0.5	0.0	0.5	0.0
	1.0	0.0	0.0	0.0
	1.0	0.0	0.0	0.0
	0.0	0.0	1.0	0.0
	0.0	0.0	1.0	0.0
	0.0	0.0	0.5	0.5
	0.5	0.0	0.0	0.5
	0.0	0.0	0.0	1.0
	0.0	0.0	0.0	1.0
	0.0	0.0	0.5	0.5
	0.0	0.0	1.0	0.0

MEME version 4

ALPHABET= ACGT

MOTIF chr7:25158901-25158911

letter-probability matrix: alength= 4 w= 10
	0.0	0.0	0.0	1.0
	0.0	0.0	0.0	1.0
	0.0	0.0	0.0	1.0
	0.0	0.0	0.0	1.0
	0.0	0.0	0.25	0.75
	0.0	0.0	0.75	0.25
	0.0	0.0	0.0	1.0
	0.25	0.25	0.25	0.25
	0.0	0.0	0.0	1.0
	0.0	0.0	0.0	1.0

MEME version 4

ALPHABET= ACGT

MOTIF chr7:25112478-25112503

letter-probability matrix: alength= 4 w= 25
	0.0	0.5	0.0	0.5
	0.0	0.0	0.0	1.0
	0.0	1.0	0.0	0.0
	1.0	0.0	0.0	0.0
	0.0	0.5	0.5	0.0
	0.5	0.0	0.0	0.5
	0.0	1.0	0.0	0.0
	0.0	1.0	0.0	0.0
	0.0	1.0	0.0	0.0
	0.5	0.5	0.0	0.0
	1.0	0.0	0.0	0.0
	0.5	0.5	0.0	0.0
	0.5	0.0	0.0	0.5
	0.5	0.0	0.0	0.5
	0.5	0.0	0.5	0.0
	1.0	0.0	0.0	0.0
	1.0	0.0	0.0	0.0
	0.0	0.0	1.0	0.0
	0.0	0.0	1.0	0.0
	0.0	0.0	0.5	0.5
	0.5	0.0	0.0	0.5
	0.0	0.0	0.0	1.0
	0.0	0.0	0.0	1.0
	0.0	0.0	0.5	0.5
	0.0	0.0	1.0	0.0

MEME version 4

ALPHABET= ACGT

MOTIF chr20:43945946-43945956

letter-probability matrix: alength= 4 w= 10
	0.0	0.0	0.0	1.0
	0.0	0.0	0.0	1.0
	0.0	0.0	0.0	1.0
	0.0	0.0	0.0	1.0
	0.0	0.0	0.25	0.75
	0.0	0.0	0.75	0.25
	0.0	0.0	0.0	1.0
	0.25	0.25	0.25	0.25
	0.0	0.0	0.0	1.0
	0.0	0.0	0.0	1.0

MEME version 4

ALPHABET= ACGT

MOTIF chr20:43946031-43946056

letter-probability matrix: alength= 4 w= 25
	0.0	0.5	0.0	0.5
	0.0	0.0	0.0	1.0
	0.0	1.0	0.0	0.0
	1.0	0.0	0.0	0.0
	0.0	0.5	0.5	0.0
	0.5	0.0	0.0	0.5
	0.0	1.0	0.0	0.0
	0.0	1.0	0.0	0.0
	0.0	1.0	0.0	0.0
	0.5	0.5	0.0	0.0
	1.0	0.0	0.0	0.0
	0.5	0.5	0.0	0.0
	0.5	0.0	0.0	0.5
	0.5	0.0	0.0	0.5
	0.5	0.0	0.5	0.0
	1.0	0.0	0.0	0.0
	1.0	0.0	0.0	0.0
	0.0	0.0	1.0	0.0
	0.0	0.0	1.0	0.0
	0.0	0.0	0.5	0.5
	0.5	0.0	0.0	0.5
	0.0	0.0	0.0	1.0
	0.0	0.0	0.0	1.0
	0.0	0.0	0.5	0.5
	0.0	0.0	1.0	0.0

MEME version 4

ALPHABET= ACGT

MOTIF chrX:129318855-129318865

letter-probability matrix: alength= 4 w= 10
	0.0	0.0	0.0	1.0
	0.0	0.0	0.0	1.0
	0.0	0.0	0.0	1.0
	0.0	0.0	0.0	1.0
	0.0	0.0	0.25	0.75
	0.0	0.0	0.75	0.25
	0.0	0.0	0.0	1.0
	0.25	0.25	0.25	0.25
	0.0	0.0	0.0	1.0
	0.0	0.0	0.0	1.0

MEME version 4

ALPHABET= ACGT

MOTIF chrX:129273299-129273324

letter-probability matrix: alength= 4 w= 25
	0.0	0.5	0.0	0.5
	0.0	0.0	0.0	1.0
	0.0	1.0	0.0	0.0
	1.0	0.0	0.0	0.0
	0.0	0.5	0.5	0.0
	0.5	0.0	0.0	0.5
	0.0	1.0	0.0	0.0
	0.0	1.0	0.0	0.0
	0.0	1.0	0.0	0.0
	0.5	0.5	0.0	0.0
	1.0	0.0	0.0	0.0
	0.5	0.5	0.0	0.0
	0.5	0.0	0.0	0.5
	0.5	0.0	0.0	0.5
	0.5	0.0	0.5	0.0
	1.0	0.0	0.0	0.0
	1.0	0.0	0.0	0.0
	0.0	0.0	1.0	0.0
	0.0	0.0	1.0	0.0
	0.0	0.0	0.5	0.5
	0.5	0.0	0.0	0.5
	0.0	0.0	0.0	1.0
	0.0	0.0	0.0	1.0
	0.0	0.0	0.5	0.5
	0.0	0.0	1.0	0.0

MEME version 4

ALPHABET= ACGT

MOTIF chr15:91359515-91359525

letter-probability matrix: alength= 4 w= 10
	0.0	0.0	0.0	1.0
	0.0	0.0	0.0	1.0
	0.0	0.0	0.0	1.0
	0.0	0.0	0.0	1.0
	0.0	0.0	0.25	0.75
	0.0	0.0	0.75	0.25
	0.0	0.0	0.0	1.0
	0.25	0.25	0.25	0.25
	0.0	0.0	0.0	1.0
	0.0	0.0	0.0	1.0

MEME version 4

ALPHABET= ACGT

MOTIF chr15:91240324-91240349

letter-probability matrix: alength= 4 w= 25
	0.0	0.5	0.0	0.5
	0.0	0.0	0.0	1.0
	0.0	1.0	0.0	0.0
	1.0	0.0	0.0	0.0
	0.0	0.5	0.5	0.0
	0.5	0.0	0.0	0.5
	0.0	1.0	0.0	0.0
	0.0	1.0	0.0	0.0
	0.0	1.0	0.0	0.0
	0.5	0.5	0.0	0.0
	1.0	0.0	0.0	0.0
	0.5	0.5	0.0	0.0
	0.5	0.0	0.0	0.5
	0.5	0.0	0.0	0.5
	0.5	0.0	0.5	0.0
	1.0	0.0	0.0	0.0
	1.0	0.0	0.0	0.0
	0.0	0.0	1.0	0.0
	0.0	0.0	1.0	0.0
	0.0	0.0	0.5	0.5
	0.5	0.0	0.0	0.5
	0.0	0.0	0.0	1.0
	0.0	0.0	0.0	1.0
	0.0	0.0	0.5	0.5
	0.0	0.0	1.0	0.0

MEME version 4

ALPHABET= ACGT

MOTIF chr20:43151548-43151558

letter-probability matrix: alength= 4 w= 10
	0.0	0.0	0.0	1.0
	0.0	0.0	0.0	1.0
	0.0	0.0	0.0	1.0
	0.0	0.0	0.0	1.0
	0.0	0.0	0.25	0.75
	0.0	0.0	0.75	0.25
	0.0	0.0	0.0	1.0
	0.25	0.25	0.25	0.25
	0.0	0.0	0.0	1.0
	0.0	0.0	0.0	1.0

MEME version 4

ALPHABET= ACGT

MOTIF chr20:43165688-43165713

letter-probability matrix: alength= 4 w= 25
	0.0	0.5	0.0	0.5
	0.0	0.0	0.0	1.0
	0.0	1.0	0.0	0.0
	1.0	0.0	0.0	0.0
	0.0	0.5	0.5	0.0
	0.5	0.0	0.0	0.5
	0.0	1.0	0.0	0.0
	0.0	1.0	0.0	0.0
	0.0	1.0	0.0	0.0
	0.5	0.5	0.0	0.0
	1.0	0.0	0.0	0.0
	0.5	0.5	0.0	0.0
	0.5	0.0	0.0	0.5
	0.5	0.0	0.0	0.5
	0.5	0.0	0.5	0.0
	1.0	0.0	0.0	0.0
	1.0	0.0	0.0	0.0
	0.0	0.0	1.0	0.0
	0.0	0.0	1.0	0.0
	0.0	0.0	0.5	0.5
	0.5	0.0	0.0	0.5
	0.0	0.0	0.0	1.0
	0.0	0.0	0.0	1.0
	0.0	0.0	0.5	0.5
	0.0	0.0	1.0	0.0

MEME version 4

ALPHABET= ACGT

MOTIF chr7:2393089-2393099

letter-probability matrix: alength= 4 w= 10
	0.0	0.0	0.0	1.0
	0.0	0.0	0.0	1.0
	0.0	0.0	0.0	1.0
	0.0	0.0	0.0	1.0
	0.0	0.0	0.25	0.75
	0.0	0.0	0.75	0.25
	0.0	0.0	0.0	1.0
	0.25	0.25	0.25	0.25
	0.0	0.0	0.0	1.0
	0.0	0.0	0.0	1.0

MEME version 4

ALPHABET= ACGT

MOTIF chr7:2370149-2370174

letter-probability matrix: alength= 4 w= 25
	0.0	0.5	0.0	0.5
	0.0	0.0	0.0	1.0
	0.0	1.0	0.0	0.0
	1.0	0.0	0.0	0.0
	0.0	0.5	0.5	0.0
	0.5	0.0	0.0	0.5
	0.0	1.0	0.0	0.0
	0.0	1.0	0.0	0.0
	0.0	1.0	0.0	0.0
	0.5	0.5	0.0	0.0
	1.0	0.0	0.0	0.0
	0.5	0.5	0.0	0.0
	0.5	0.0	0.0	0.5
	0.5	0.0	0.0	0.5
	0.5	0.0	0.5	0.0
	1.0	0.0	0.0	0.0
	1.0	0.0	0.0	0.0
	0.0	0.0	1.0	0.0
	0.0	0.0	1.0	0.0
	0.0	0.0	0.5	0.5
	0.5	0.0	0.0	0.5
	0.0	0.0	0.0	1.0
	0.0	0.0	0.0	1.0
	0.0	0.0	0.5	0.5
	0.0	0.0	1.0	0.0

MEME version 4

ALPHABET= ACGT

MOTIF chr19:33168306-33168316

letter-probability matrix: alength= 4 w= 10
	0.0	0.0	0.0	1.0
	0.0	0.0	0.0	1.0
	0.0	0.0	0.0	1.0
	0.0	0.0	0.0	1.0
	0.0	0.0	0.25	0.75
	0.0	0.0	0.75	0.25
	0.0	0.0	0.0	1.0
	0.25	0.25	0.25	0.25
	0.0	0.0	0.0	1.0
	0.0	0.0	0.0	1.0

MEME version 4

ALPHABET= ACGT

MOTIF chr19:33179476-33179501

letter-probability matrix: alength= 4 w= 25
	0.0	0.5	0.0	0.5
	0.0	0.0	0.0	1.0
	0.0	1.0	0.0	0.0
	1.0	0.0	0.0	0.0
	0.0	0.5	0.5	0.0
	0.5	0.0	0.0	0.5
	0.0	1.0	0.0	0.0
	0.0	1.0	0.0	0.0
	0.0	1.0	0.0	0.0
	0.5	0.5	0.0	0.0
	1.0	0.0	0.0	0.0
	0.5	0.5	0.0	0.0
	0.5	0.0	0.0	0.5
	0.5	0.0	0.0	0.5
	0.5	0.0	0.5	0.0
	1.0	0.0	0.0	0.0
	1.0	0.0	0.0	0.0
	0.0	0.0	1.0	0.0
	0.0	0.0	1.0	0.0
	0.0	0.0	0.5	0.5
	0.5	0.0	0.0	0.5
	0.0	0.0	0.0	1.0
	0.0	0.0	0.0	1.0
	0.0	0.0	0.5	0.5
	0.0	0.0	1.0	0.0

MEME version 4

ALPHABET= ACGT

MOTIF chr16:19512623-19512633

letter-probability matrix: alength= 4 w= 10
	0.0	0.0	0.0	1.0
	0.0	0.0	0.0	1.0
	0.0	0.0	0.0	1.0
	0.0	0.0	0.0	1.0
	0.0	0.0	0.25	0.75
	0.0	0.0	0.75	0.25
	0.0	0.0	0.0	1.0
	0.25	0.25	0.25	0.25
	0.0	0.0	0.0	1.0
	0.0	0.0	0.0	1.0

MEME version 4

ALPHABET= ACGT

MOTIF chr16:19565899-19565924

letter-probability matrix: alength= 4 w= 25
	0.0	0.5	0.0	0.5
	0.0	0.0	0.0	1.0
	0.0	1.0	0.0	0.0
	1.0	0.0	0.0	0.0
	0.0	0.5	0.5	0.0
	0.5	0.0	0.0	0.5
	0.0	1.0	0.0	0.0
	0.0	1.0	0.0	0.0
	0.0	1.0	0.0	0.0
	0.5	0.5	0.0	0.0
	1.0	0.0	0.0	0.0
	0.5	0.5	0.0	0.0
	0.5	0.0	0.0	0.5
	0.5	0.0	0.0	0.5
	0.5	0.0	0.5	0.0
	1.0	0.0	0.0	0.0
	1.0	0.0	0.0	0.0
	0.0	0.0	1.0	0.0
	0.0	0.0	1.0	0.0
	0.0	0.0	0.5	0.5
	0.5	0.0	0.0	0.5
	0.0	0.0	0.0	1.0
	0.0	0.0	0.0	1.0
	0.0	0.0	0.5	0.5
	0.0	0.0	1.0	0.0

MEME version 4

ALPHABET= ACGT

MOTIF chr9:103115470-103115480

letter-probability matrix: alength= 4 w= 10
	0.0	0.0	0.0	1.0
	0.0	0.0	0.0	1.0
	0.0	0.0	0.0	1.0
	0.0	0.0	0.0	1.0
	0.0	0.0	0.25	0.75
	0.0	0.0	0.75	0.25
	0.0	0.0	0.0	1.0
	0.25	0.25	0.25	0.25
	0.0	0.0	0.0	1.0
	0.0	0.0	0.0	1.0

MEME version 4

ALPHABET= ACGT

MOTIF chr9:103138977-103139002

letter-probability matrix: alength= 4 w= 25
	0.0	0.5	0.0	0.5
	0.0	0.0	0.0	1.0
	0.0	1.0	0.0	0.0
	1.0	0.0	0.0	0.0
	0.0	0.5	0.5	0.0
	0.5	0.0	0.0	0.5
	0.0	1.0	0.0	0.0
	0.0	1.0	0.0	0.0
	0.0	1.0	0.0	0.0
	0.5	0.5	0.0	0.0
	1.0	0.0	0.0	0.0
	0.5	0.5	0.0	0.0
	0.5	0.0	0.0	0.5
	0.5	0.0	0.0	0.5
	0.5	0.0	0.5	0.0
	1.0	0.0	0.0	0.0
	1.0	0.0	0.0	0.0
	0.0	0.0	1.0	0.0
	0.0	0.0	1.0	0.0
	0.0	0.0	0.5	0.5
	0.5	0.0	0.0	0.5
	0.0	0.0	0.0	1.0
	0.0	0.0	0.0	1.0
	0.0	0.0	0.5	0.5
	0.0	0.0	1.0	0.0

MEME version 4

ALPHABET= ACGT

MOTIF chr9:79010239-79010249

letter-probability matrix: alength= 4 w= 10
	0.0	0.0	0.0	1.0
	0.0	0.0	0.0	1.0
	0.0	0.0	0.0	1.0
	0.0	0.0	0.0	1.0
	0.0	0.0	0.25	0.75
	0.0	0.0	0.75	0.25
	0.0	0.0	0.0	1.0
	0.25	0.25	0.25	0.25
	0.0	0.0	0.0	1.0
	0.0	0.0	0.0	1.0

MEME version 4

ALPHABET= ACGT

MOTIF chr9:79027786-79027811

letter-probability matrix: alength= 4 w= 25
	0.0	0.5	0.0	0.5
	0.0	0.0	0.0	1.0
	0.0	1.0	0.0	0.0
	1.0	0.0	0.0	0.0
	0.0	0.5	0.5	0.0
	0.5	0.0	0.0	0.5
	0.0	1.0	0.0	0.0
	0.0	1.0	0.0	0.0
	0.0	1.0	0.0	0.0
	0.5	0.5	0.0	0.0
	1.0	0.0	0.0	0.0
	0.5	0.5	0.0	0.0
	0.5	0.0	0.0	0.5
	0.5	0.0	0.0	0.5
	0.5	0.0	0.5	0.0
	1.0	0.0	0.0	0.0
	1.0	0.0	0.0	0.0
	0.0	0.0	1.0	0.0
	0.0	0.0	1.0	0.0
	0.0	0.0	0.5	0.5
	0.5	0.0	0.0	0.5
	0.0	0.0	0.0	1.0
	0.0	0.0	0.0	1.0
	0.0	0.0	0.5	0.5
	0.0	0.0	1.0	0.0

MEME version 4

ALPHABET= ACGT

MOTIF chr16:67260124-67260134

letter-probability matrix: alength= 4 w= 10
	0.0	0.0	0.0	1.0
	0.0	0.0	0.0	1.0
	0.0	0.0	0.0	1.0
	0.0	0.0	0.0	1.0
	0.0	0.0	0.25	0.75
	0.0	0.0	0.75	0.25
	0.0	0.0	0.0	1.0
	0.25	0.25	0.25	0.25
	0.0	0.0	0.0	1.0
	0.0	0.0	0.0	1.0

MEME version 4

ALPHABET= ACGT

MOTIF chr16:67254427-67254452

letter-probability matrix: alength= 4 w= 25
	0.0	0.5	0.0	0.5
	0.0	0.0	0.0	1.0
	0.0	1.0	0.0	0.0
	1.0	0.0	0.0	0.0
	0.0	0.5	0.5	0.0
	0.5	0.0	0.0	0.5
	0.0	1.0	0.0	0.0
	0.0	1.0	0.0	0.0
	0.0	1.0	0.0	0.0
	0.5	0.5	0.0	0.0
	1.0	0.0	0.0	0.0
	0.5	0.5	0.0	0.0
	0.5	0.0	0.0	0.5
	0.5	0.0	0.0	0.5
	0.5	0.0	0.5	0.0
	1.0	0.0	0.0	0.0
	1.0	0.0	0.0	0.0
	0.0	0.0	1.0	0.0
	0.0	0.0	1.0	0.0
	0.0	0.0	0.5	0.5
	0.5	0.0	0.0	0.5
	0.0	0.0	0.0	1.0
	0.0	0.0	0.0	1.0
	0.0	0.0	0.5	0.5
	0.0	0.0	1.0	0.0

MEME version 4

ALPHABET= ACGT

MOTIF chr4:74860800-74860810

letter-probability matrix: alength= 4 w= 10
	0.0	0.0	0.0	1.0
	0.0	0.0	0.0	1.0
	0.0	0.0	0.0	1.0
	0.0	0.0	0.0	1.0
	0.0	0.0	0.25	0.75
	0.0	0.0	0.75	0.25
	0.0	0.0	0.0	1.0
	0.25	0.25	0.25	0.25
	0.0	0.0	0.0	1.0
	0.0	0.0	0.0	1.0

MEME version 4

ALPHABET= ACGT

MOTIF chr4:74855069-74855094

letter-probability matrix: alength= 4 w= 25
	0.0	0.5	0.0	0.5
	0.0	0.0	0.0	1.0
	0.0	1.0	0.0	0.0
	1.0	0.0	0.0	0.0
	0.0	0.5	0.5	0.0
	0.5	0.0	0.0	0.5
	0.0	1.0	0.0	0.0
	0.0	1.0	0.0	0.0
	0.0	1.0	0.0	0.0
	0.5	0.5	0.0	0.0
	1.0	0.0	0.0	0.0
	0.5	0.5	0.0	0.0
	0.5	0.0	0.0	0.5
	0.5	0.0	0.0	0.5
	0.5	0.0	0.5	0.0
	1.0	0.0	0.0	0.0
	1.0	0.0	0.0	0.0
	0.0	0.0	1.0	0.0
	0.0	0.0	1.0	0.0
	0.0	0.0	0.5	0.5
	0.5	0.0	0.0	0.5
	0.0	0.0	0.0	1.0
	0.0	0.0	0.0	1.0
	0.0	0.0	0.5	0.5
	0.0	0.0	1.0	0.0

MEME version 4

ALPHABET= ACGT

MOTIF chr2:209100508-209100518

letter-probability matrix: alength= 4 w= 10
	0.0	0.0	0.0	1.0
	0.0	0.0	0.0	1.0
	0.0	0.0	0.0	1.0
	0.0	0.0	0.0	1.0
	0.0	0.0	0.25	0.75
	0.0	0.0	0.75	0.25
	0.0	0.0	0.0	1.0
	0.25	0.25	0.25	0.25
	0.0	0.0	0.0	1.0
	0.0	0.0	0.0	1.0

MEME version 4

ALPHABET= ACGT

MOTIF chr2:209150133-209150158

letter-probability matrix: alength= 4 w= 25
	0.0	0.5	0.0	0.5
	0.0	0.0	0.0	1.0
	0.0	1.0	0.0	0.0
	1.0	0.0	0.0	0.0
	0.0	0.5	0.5	0.0
	0.5	0.0	0.0	0.5
	0.0	1.0	0.0	0.0
	0.0	1.0	0.0	0.0
	0.0	1.0	0.0	0.0
	0.5	0.5	0.0	0.0
	1.0	0.0	0.0	0.0
	0.5	0.5	0.0	0.0
	0.5	0.0	0.0	0.5
	0.5	0.0	0.0	0.5
	0.5	0.0	0.5	0.0
	1.0	0.0	0.0	0.0
	1.0	0.0	0.0	0.0
	0.0	0.0	1.0	0.0
	0.0	0.0	1.0	0.0
	0.0	0.0	0.5	0.5
	0.5	0.0	0.0	0.5
	0.0	0.0	0.0	1.0
	0.0	0.0	0.0	1.0
	0.0	0.0	0.5	0.5
	0.0	0.0	1.0	0.0

MEME version 4

ALPHABET= ACGT

MOTIF chr16:20861282-20861292

letter-probability matrix: alength= 4 w= 10
	0.0	0.0	0.0	1.0
	0.0	0.0	0.0	1.0
	0.0	0.0	0.0	1.0
	0.0	0.0	0.0	1.0
	0.0	0.0	0.25	0.75
	0.0	0.0	0.75	0.25
	0.0	0.0	0.0	1.0
	0.25	0.25	0.25	0.25
	0.0	0.0	0.0	1.0
	0.0	0.0	0.0	1.0

MEME version 4

ALPHABET= ACGT

MOTIF chr16:20850151-20850176

letter-probability matrix: alength= 4 w= 25
	0.0	0.5	0.0	0.5
	0.0	0.0	0.0	1.0
	0.0	1.0	0.0	0.0
	1.0	0.0	0.0	0.0
	0.0	0.5	0.5	0.0
	0.5	0.0	0.0	0.5
	0.0	1.0	0.0	0.0
	0.0	1.0	0.0	0.0
	0.0	1.0	0.0	0.0
	0.5	0.5	0.0	0.0
	1.0	0.0	0.0	0.0
	0.5	0.5	0.0	0.0
	0.5	0.0	0.0	0.5
	0.5	0.0	0.0	0.5
	0.5	0.0	0.5	0.0
	1.0	0.0	0.0	0.0
	1.0	0.0	0.0	0.0
	0.0	0.0	1.0	0.0
	0.0	0.0	1.0	0.0
	0.0	0.0	0.5	0.5
	0.5	0.0	0.0	0.5
	0.0	0.0	0.0	1.0
	0.0	0.0	0.0	1.0
	0.0	0.0	0.5	0.5
	0.0	0.0	1.0	0.0

MEME version 4

ALPHABET= ACGT

MOTIF chr1:204484625-204484635

letter-probability matrix: alength= 4 w= 10
	0.0	0.0	0.0	1.0
	0.0	0.0	0.0	1.0
	0.0	0.0	0.0	1.0
	0.0	0.0	0.0	1.0
	0.0	0.0	0.25	0.75
	0.0	0.0	0.75	0.25
	0.0	0.0	0.0	1.0
	0.25	0.25	0.25	0.25
	0.0	0.0	0.0	1.0
	0.0	0.0	0.0	1.0

MEME version 4

ALPHABET= ACGT

MOTIF chr1:204477832-204477857

letter-probability matrix: alength= 4 w= 25
	0.0	0.5	0.0	0.5
	0.0	0.0	0.0	1.0
	0.0	1.0	0.0	0.0
	1.0	0.0	0.0	0.0
	0.0	0.5	0.5	0.0
	0.5	0.0	0.0	0.5
	0.0	1.0	0.0	0.0
	0.0	1.0	0.0	0.0
	0.0	1.0	0.0	0.0
	0.5	0.5	0.0	0.0
	1.0	0.0	0.0	0.0
	0.5	0.5	0.0	0.0
	0.5	0.0	0.0	0.5
	0.5	0.0	0.0	0.5
	0.5	0.0	0.5	0.0
	1.0	0.0	0.0	0.0
	1.0	0.0	0.0	0.0
	0.0	0.0	1.0	0.0
	0.0	0.0	1.0	0.0
	0.0	0.0	0.5	0.5
	0.5	0.0	0.0	0.5
	0.0	0.0	0.0	1.0
	0.0	0.0	0.0	1.0
	0.0	0.0	0.5	0.5
	0.0	0.0	1.0	0.0

MEME version 4

ALPHABET= ACGT

MOTIF chr17:79632732-79632742

letter-probability matrix: alength= 4 w= 10
	0.0	0.0	0.0	1.0
	0.0	0.0	0.0	1.0
	0.0	0.0	0.0	1.0
	0.0	0.0	0.0	1.0
	0.0	0.0	0.25	0.75
	0.0	0.0	0.75	0.25
	0.0	0.0	0.0	1.0
	0.25	0.25	0.25	0.25
	0.0	0.0	0.0	1.0
	0.0	0.0	0.0	1.0

MEME version 4

ALPHABET= ACGT

MOTIF chr17:79611681-79611706

letter-probability matrix: alength= 4 w= 25
	0.0	0.5	0.0	0.5
	0.0	0.0	0.0	1.0
	0.0	1.0	0.0	0.0
	1.0	0.0	0.0	0.0
	0.0	0.5	0.5	0.0
	0.5	0.0	0.0	0.5
	0.0	1.0	0.0	0.0
	0.0	1.0	0.0	0.0
	0.0	1.0	0.0	0.0
	0.5	0.5	0.0	0.0
	1.0	0.0	0.0	0.0
	0.5	0.5	0.0	0.0
	0.5	0.0	0.0	0.5
	0.5	0.0	0.0	0.5
	0.5	0.0	0.5	0.0
	1.0	0.0	0.0	0.0
	1.0	0.0	0.0	0.0
	0.0	0.0	1.0	0.0
	0.0	0.0	1.0	0.0
	0.0	0.0	0.5	0.5
	0.5	0.0	0.0	0.5
	0.0	0.0	0.0	1.0
	0.0	0.0	0.0	1.0
	0.0	0.0	0.5	0.5
	0.0	0.0	1.0	0.0

MEME version 4

ALPHABET= ACGT

MOTIF chr15:64679247-64679257

letter-probability matrix: alength= 4 w= 10
	0.0	0.0	0.0	1.0
	0.0	0.0	0.0	1.0
	0.0	0.0	0.0	1.0
	0.0	0.0	0.0	1.0
	0.0	0.0	0.25	0.75
	0.0	0.0	0.75	0.25
	0.0	0.0	0.0	1.0
	0.25	0.25	0.25	0.25
	0.0	0.0	0.0	1.0
	0.0	0.0	0.0	1.0

MEME version 4

ALPHABET= ACGT

MOTIF chr15:64697177-64697202

letter-probability matrix: alength= 4 w= 25
	0.0	0.5	0.0	0.5
	0.0	0.0	0.0	1.0
	0.0	1.0	0.0	0.0
	1.0	0.0	0.0	0.0
	0.0	0.5	0.5	0.0
	0.5	0.0	0.0	0.5
	0.0	1.0	0.0	0.0
	0.0	1.0	0.0	0.0
	0.0	1.0	0.0	0.0
	0.5	0.5	0.0	0.0
	1.0	0.0	0.0	0.0
	0.5	0.5	0.0	0.0
	0.5	0.0	0.0	0.5
	0.5	0.0	0.0	0.5
	0.5	0.0	0.5	0.0
	1.0	0.0	0.0	0.0
	1.0	0.0	0.0	0.0
	0.0	0.0	1.0	0.0
	0.0	0.0	1.0	0.0
	0.0	0.0	0.5	0.5
	0.5	0.0	0.0	0.5
	0.0	0.0	0.0	1.0
	0.0	0.0	0.0	1.0
	0.0	0.0	0.5	0.5
	0.0	0.0	1.0	0.0

MEME version 4

ALPHABET= ACGT

MOTIF chr3:138554652-138554662

letter-probability matrix: alength= 4 w= 10
	0.0	0.0	0.0	1.0
	0.0	0.0	0.0	1.0
	0.0	0.0	0.0	1.0
	0.0	0.0	0.0	1.0
	0.0	0.0	0.25	0.75
	0.0	0.0	0.75	0.25
	0.0	0.0	0.0	1.0
	0.25	0.25	0.25	0.25
	0.0	0.0	0.0	1.0
	0.0	0.0	0.0	1.0

MEME version 4

ALPHABET= ACGT

MOTIF chr3:138534845-138534870

letter-probability matrix: alength= 4 w= 25
	0.0	0.5	0.0	0.5
	0.0	0.0	0.0	1.0
	0.0	1.0	0.0	0.0
	1.0	0.0	0.0	0.0
	0.0	0.5	0.5	0.0
	0.5	0.0	0.0	0.5
	0.0	1.0	0.0	0.0
	0.0	1.0	0.0	0.0
	0.0	1.0	0.0	0.0
	0.5	0.5	0.0	0.0
	1.0	0.0	0.0	0.0
	0.5	0.5	0.0	0.0
	0.5	0.0	0.0	0.5
	0.5	0.0	0.0	0.5
	0.5	0.0	0.5	0.0
	1.0	0.0	0.0	0.0
	1.0	0.0	0.0	0.0
	0.0	0.0	1.0	0.0
	0.0	0.0	1.0	0.0
	0.0	0.0	0.5	0.5
	0.5	0.0	0.0	0.5
	0.0	0.0	0.0	1.0
	0.0	0.0	0.0	1.0
	0.0	0.0	0.5	0.5
	0.0	0.0	1.0	0.0

MEME version 4

ALPHABET= ACGT

MOTIF chr6:26016265-26016275

letter-probability matrix: alength= 4 w= 10
	0.0	0.0	0.0	1.0
	0.0	0.0	0.0	1.0
	0.0	0.0	0.0	1.0
	0.0	0.0	0.0	1.0
	0.0	0.0	0.25	0.75
	0.0	0.0	0.75	0.25
	0.0	0.0	0.0	1.0
	0.25	0.25	0.25	0.25
	0.0	0.0	0.0	1.0
	0.0	0.0	0.0	1.0

MEME version 4

ALPHABET= ACGT

MOTIF chr6:26007907-26007932

letter-probability matrix: alength= 4 w= 25
	0.0	0.5	0.0	0.5
	0.0	0.0	0.0	1.0
	0.0	1.0	0.0	0.0
	1.0	0.0	0.0	0.0
	0.0	0.5	0.5	0.0
	0.5	0.0	0.0	0.5
	0.0	1.0	0.0	0.0
	0.0	1.0	0.0	0.0
	0.0	1.0	0.0	0.0
	0.5	0.5	0.0	0.0
	1.0	0.0	0.0	0.0
	0.5	0.5	0.0	0.0
	0.5	0.0	0.0	0.5
	0.5	0.0	0.0	0.5
	0.5	0.0	0.5	0.0
	1.0	0.0	0.0	0.0
	1.0	0.0	0.0	0.0
	0.0	0.0	1.0	0.0
	0.0	0.0	1.0	0.0
	0.0	0.0	0.5	0.5
	0.5	0.0	0.0	0.5
	0.0	0.0	0.0	1.0
	0.0	0.0	0.0	1.0
	0.0	0.0	0.5	0.5
	0.0	0.0	1.0	0.0

MEME version 4

ALPHABET= ACGT

MOTIF chr8:105479943-105479953

letter-probability matrix: alength= 4 w= 10
	0.0	0.0	0.0	1.0
	0.0	0.0	0.0	1.0
	0.0	0.0	0.0	1.0
	0.0	0.0	0.0	1.0
	0.0	0.0	0.25	0.75
	0.0	0.0	0.75	0.25
	0.0	0.0	0.0	1.0
	0.25	0.25	0.25	0.25
	0.0	0.0	0.0	1.0
	0.0	0.0	0.0	1.0

MEME version 4

ALPHABET= ACGT

MOTIF chr8:105458688-105458713

letter-probability matrix: alength= 4 w= 25
	0.0	0.5	0.0	0.5
	0.0	0.0	0.0	1.0
	0.0	1.0	0.0	0.0
	1.0	0.0	0.0	0.0
	0.0	0.5	0.5	0.0
	0.5	0.0	0.0	0.5
	0.0	1.0	0.0	0.0
	0.0	1.0	0.0	0.0
	0.0	1.0	0.0	0.0
	0.5	0.5	0.0	0.0
	1.0	0.0	0.0	0.0
	0.5	0.5	0.0	0.0
	0.5	0.0	0.0	0.5
	0.5	0.0	0.0	0.5
	0.5	0.0	0.5	0.0
	1.0	0.0	0.0	0.0
	1.0	0.0	0.0	0.0
	0.0	0.0	1.0	0.0
	0.0	0.0	1.0	0.0
	0.0	0.0	0.5	0.5
	0.5	0.0	0.0	0.5
	0.0	0.0	0.0	1.0
	0.0	0.0	0.0	1.0
	0.0	0.0	0.5	0.5
	0.0	0.0	1.0	0.0

MEME version 4

ALPHABET= ACGT

MOTIF chr12:122325979-122325989

letter-probability matrix: alength= 4 w= 10
	0.0	0.0	0.0	1.0
	0.0	0.0	0.0	1.0
	0.0	0.0	0.0	1.0
	0.0	0.0	0.0	1.0
	0.0	0.0	0.25	0.75
	0.0	0.0	0.75	0.25
	0.0	0.0	0.0	1.0
	0.25	0.25	0.25	0.25
	0.0	0.0	0.0	1.0
	0.0	0.0	0.0	1.0

MEME version 4

ALPHABET= ACGT

MOTIF chr12:122319332-122319357

letter-probability matrix: alength= 4 w= 25
	0.0	0.5	0.0	0.5
	0.0	0.0	0.0	1.0
	0.0	1.0	0.0	0.0
	1.0	0.0	0.0	0.0
	0.0	0.5	0.5	0.0
	0.5	0.0	0.0	0.5
	0.0	1.0	0.0	0.0
	0.0	1.0	0.0	0.0
	0.0	1.0	0.0	0.0
	0.5	0.5	0.0	0.0
	1.0	0.0	0.0	0.0
	0.5	0.5	0.0	0.0
	0.5	0.0	0.0	0.5
	0.5	0.0	0.0	0.5
	0.5	0.0	0.5	0.0
	1.0	0.0	0.0	0.0
	1.0	0.0	0.0	0.0
	0.0	0.0	1.0	0.0
	0.0	0.0	1.0	0.0
	0.0	0.0	0.5	0.5
	0.5	0.0	0.0	0.5
	0.0	0.0	0.0	1.0
	0.0	0.0	0.0	1.0
	0.0	0.0	0.5	0.5
	0.0	0.0	1.0	0.0

MEME version 4

ALPHABET= ACGT

MOTIF chr11:63974009-63974019

letter-probability matrix: alength= 4 w= 10
	0.0	0.0	0.0	1.0
	0.0	0.0	0.0	1.0
	0.0	0.0	0.0	1.0
	0.0	0.0	0.0	1.0
	0.0	0.0	0.25	0.75
	0.0	0.0	0.75	0.25
	0.0	0.0	0.0	1.0
	0.25	0.25	0.25	0.25
	0.0	0.0	0.0	1.0
	0.0	0.0	0.0	1.0

MEME version 4

ALPHABET= ACGT

MOTIF chr11:63966182-63966207

letter-probability matrix: alength= 4 w= 25
	0.0	0.5	0.0	0.5
	0.0	0.0	0.0	1.0
	0.0	1.0	0.0	0.0
	1.0	0.0	0.0	0.0
	0.0	0.5	0.5	0.0
	0.5	0.0	0.0	0.5
	0.0	1.0	0.0	0.0
	0.0	1.0	0.0	0.0
	0.0	1.0	0.0	0.0
	0.5	0.5	0.0	0.0
	1.0	0.0	0.0	0.0
	0.5	0.5	0.0	0.0
	0.5	0.0	0.0	0.5
	0.5	0.0	0.0	0.5
	0.5	0.0	0.5	0.0
	1.0	0.0	0.0	0.0
	1.0	0.0	0.0	0.0
	0.0	0.0	1.0	0.0
	0.0	0.0	1.0	0.0
	0.0	0.0	0.5	0.5
	0.5	0.0	0.0	0.5
	0.0	0.0	0.0	1.0
	0.0	0.0	0.0	1.0
	0.0	0.0	0.5	0.5
	0.0	0.0	1.0	0.0

MEME version 4

ALPHABET= ACGT

MOTIF chr17:56633512-56633522

letter-probability matrix: alength= 4 w= 10
	0.0	0.0	0.0	1.0
	0.0	0.0	0.0	1.0
	0.0	0.0	0.0	1.0
	0.0	0.0	0.0	1.0
	0.0	0.0	0.25	0.75
	0.0	0.0	0.75	0.25
	0.0	0.0	0.0	1.0
	0.25	0.25	0.25	0.25
	0.0	0.0	0.0	1.0
	0.0	0.0	0.0	1.0

MEME version 4

ALPHABET= ACGT

MOTIF chr17:56774425-56774450

letter-probability matrix: alength= 4 w= 25
	0.0	0.5	0.0	0.5
	0.0	0.0	0.0	1.0
	0.0	1.0	0.0	0.0
	1.0	0.0	0.0	0.0
	0.0	0.5	0.5	0.0
	0.5	0.0	0.0	0.5
	0.0	1.0	0.0	0.0
	0.0	1.0	0.0	0.0
	0.0	1.0	0.0	0.0
	0.5	0.5	0.0	0.0
	1.0	0.0	0.0	0.0
	0.5	0.5	0.0	0.0
	0.5	0.0	0.0	0.5
	0.5	0.0	0.0	0.5
	0.5	0.0	0.5	0.0
	1.0	0.0	0.0	0.0
	1.0	0.0	0.0	0.0
	0.0	0.0	1.0	0.0
	0.0	0.0	1.0	0.0
	0.0	0.0	0.5	0.5
	0.5	0.0	0.0	0.5
	0.0	0.0	0.0	1.0
	0.0	0.0	0.0	1.0
	0.0	0.0	0.5	0.5
	0.0	0.0	1.0	0.0

MEME version 4

ALPHABET= ACGT

MOTIF chr1:247615479-247615489

letter-probability matrix: alength= 4 w= 10
	0.0	0.0	0.0	1.0
	0.0	0.0	0.0	1.0
	0.0	0.0	0.0	1.0
	0.0	0.0	0.0	1.0
	0.0	0.0	0.25	0.75
	0.0	0.0	0.75	0.25
	0.0	0.0	0.0	1.0
	0.25	0.25	0.25	0.25
	0.0	0.0	0.0	1.0
	0.0	0.0	0.0	1.0

MEME version 4

ALPHABET= ACGT

MOTIF chr1:247632044-247632069

letter-probability matrix: alength= 4 w= 25
	0.0	0.5	0.0	0.5
	0.0	0.0	0.0	1.0
	0.0	1.0	0.0	0.0
	1.0	0.0	0.0	0.0
	0.0	0.5	0.5	0.0
	0.5	0.0	0.0	0.5
	0.0	1.0	0.0	0.0
	0.0	1.0	0.0	0.0
	0.0	1.0	0.0	0.0
	0.5	0.5	0.0	0.0
	1.0	0.0	0.0	0.0
	0.5	0.5	0.0	0.0
	0.5	0.0	0.0	0.5
	0.5	0.0	0.0	0.5
	0.5	0.0	0.5	0.0
	1.0	0.0	0.0	0.0
	1.0	0.0	0.0	0.0
	0.0	0.0	1.0	0.0
	0.0	0.0	1.0	0.0
	0.0	0.0	0.5	0.5
	0.5	0.0	0.0	0.5
	0.0	0.0	0.0	1.0
	0.0	0.0	0.0	1.0
	0.0	0.0	0.5	0.5
	0.0	0.0	1.0	0.0

MEME version 4

ALPHABET= ACGT

MOTIF chr1:161135372-161135382

letter-probability matrix: alength= 4 w= 10
	0.0	0.0	0.0	1.0
	0.0	0.0	0.0	1.0
	0.0	0.0	0.0	1.0
	0.0	0.0	0.0	1.0
	0.0	0.0	0.25	0.75
	0.0	0.0	0.75	0.25
	0.0	0.0	0.0	1.0
	0.25	0.25	0.25	0.25
	0.0	0.0	0.0	1.0
	0.0	0.0	0.0	1.0

MEME version 4

ALPHABET= ACGT

MOTIF chr1:161124784-161124809

letter-probability matrix: alength= 4 w= 25
	0.0	0.5	0.0	0.5
	0.0	0.0	0.0	1.0
	0.0	1.0	0.0	0.0
	1.0	0.0	0.0	0.0
	0.0	0.5	0.5	0.0
	0.5	0.0	0.0	0.5
	0.0	1.0	0.0	0.0
	0.0	1.0	0.0	0.0
	0.0	1.0	0.0	0.0
	0.5	0.5	0.0	0.0
	1.0	0.0	0.0	0.0
	0.5	0.5	0.0	0.0
	0.5	0.0	0.0	0.5
	0.5	0.0	0.0	0.5
	0.5	0.0	0.5	0.0
	1.0	0.0	0.0	0.0
	1.0	0.0	0.0	0.0
	0.0	0.0	1.0	0.0
	0.0	0.0	1.0	0.0
	0.0	0.0	0.5	0.5
	0.5	0.0	0.0	0.5
	0.0	0.0	0.0	1.0
	0.0	0.0	0.0	1.0
	0.0	0.0	0.5	0.5
	0.0	0.0	1.0	0.0

MEME version 4

ALPHABET= ACGT

MOTIF chr17:41830421-41830431

letter-probability matrix: alength= 4 w= 10
	0.0	0.0	0.0	1.0
	0.0	0.0	0.0	1.0
	0.0	0.0	0.0	1.0
	0.0	0.0	0.0	1.0
	0.0	0.0	0.25	0.75
	0.0	0.0	0.75	0.25
	0.0	0.0	0.0	1.0
	0.25	0.25	0.25	0.25
	0.0	0.0	0.0	1.0
	0.0	0.0	0.0	1.0

MEME version 4

ALPHABET= ACGT

MOTIF chr17:41840303-41840328

letter-probability matrix: alength= 4 w= 25
	0.0	0.5	0.0	0.5
	0.0	0.0	0.0	1.0
	0.0	1.0	0.0	0.0
	1.0	0.0	0.0	0.0
	0.0	0.5	0.5	0.0
	0.5	0.0	0.0	0.5
	0.0	1.0	0.0	0.0
	0.0	1.0	0.0	0.0
	0.0	1.0	0.0	0.0
	0.5	0.5	0.0	0.0
	1.0	0.0	0.0	0.0
	0.5	0.5	0.0	0.0
	0.5	0.0	0.0	0.5
	0.5	0.0	0.0	0.5
	0.5	0.0	0.5	0.0
	1.0	0.0	0.0	0.0
	1.0	0.0	0.0	0.0
	0.0	0.0	1.0	0.0
	0.0	0.0	1.0	0.0
	0.0	0.0	0.5	0.5
	0.5	0.0	0.0	0.5
	0.0	0.0	0.0	1.0
	0.0	0.0	0.0	1.0
	0.0	0.0	0.5	0.5
	0.0	0.0	1.0	0.0

