MEME version 4

ALPHABET= ACGT

MOTIF chr2:69665308-69665318

letter-probability matrix: alength= 4 w= 10
	0.07	0.57	0.29	0.07
	0.29	0.57	0.07	0.07
	0.86	0.0	0.14	0.0
	0.07	0.0	0.93	0.0
	0.0	1.0	0.0	0.0
	0.0	1.0	0.0	0.0
	0.14	0.07	0.0	0.79
	0.07	0.0	0.93	0.0
	0.0	0.07	0.93	0.0
	0.0	0.0	1.0	0.0

MEME version 4

ALPHABET= ACGT

MOTIF chr2:69684664-69684689

letter-probability matrix: alength= 4 w= 25
	0.57	0.43	0.0	0.0
	1.0	0.0	0.0	0.0
	0.71	0.0	0.14	0.14
	0.14	0.29	0.0	0.57
	0.86	0.0	0.0	0.14
	0.86	0.0	0.14	0.0
	0.71	0.14	0.14	0.0
	1.0	0.0	0.0	0.0
	0.86	0.0	0.0	0.14
	0.29	0.0	0.71	0.0
	0.57	0.0	0.14	0.29
	1.0	0.0	0.0	0.0
	0.43	0.57	0.0	0.0
	0.71	0.0	0.0	0.29
	0.29	0.0	0.14	0.57
	1.0	0.0	0.0	0.0
	0.86	0.0	0.14	0.0
	1.0	0.0	0.0	0.0
	0.43	0.0	0.57	0.0
	0.71	0.0	0.29	0.0
	0.71	0.29	0.0	0.0
	0.29	0.29	0.0	0.43
	0.43	0.0	0.43	0.14
	0.14	0.86	0.0	0.0
	0.29	0.0	0.0	0.71

MEME version 4

ALPHABET= ACGT

MOTIF chr7:66460611-66460621

letter-probability matrix: alength= 4 w= 10
	0.07	0.57	0.29	0.07
	0.29	0.57	0.07	0.07
	0.86	0.0	0.14	0.0
	0.07	0.0	0.93	0.0
	0.0	1.0	0.0	0.0
	0.0	1.0	0.0	0.0
	0.14	0.07	0.0	0.79
	0.07	0.0	0.93	0.0
	0.0	0.07	0.93	0.0
	0.0	0.0	1.0	0.0

MEME version 4

ALPHABET= ACGT

MOTIF chr7:66429665-66429690

letter-probability matrix: alength= 4 w= 25
	0.57	0.43	0.0	0.0
	1.0	0.0	0.0	0.0
	0.71	0.0	0.14	0.14
	0.14	0.29	0.0	0.57
	0.86	0.0	0.0	0.14
	0.86	0.0	0.14	0.0
	0.71	0.14	0.14	0.0
	1.0	0.0	0.0	0.0
	0.86	0.0	0.0	0.14
	0.29	0.0	0.71	0.0
	0.57	0.0	0.14	0.29
	1.0	0.0	0.0	0.0
	0.43	0.57	0.0	0.0
	0.71	0.0	0.0	0.29
	0.29	0.0	0.14	0.57
	1.0	0.0	0.0	0.0
	0.86	0.0	0.14	0.0
	1.0	0.0	0.0	0.0
	0.43	0.0	0.57	0.0
	0.71	0.0	0.29	0.0
	0.71	0.29	0.0	0.0
	0.29	0.29	0.0	0.43
	0.43	0.0	0.43	0.14
	0.14	0.86	0.0	0.0
	0.29	0.0	0.0	0.71

MEME version 4

ALPHABET= ACGT

MOTIF chr17:59942463-59942473

letter-probability matrix: alength= 4 w= 10
	0.07	0.57	0.29	0.07
	0.29	0.57	0.07	0.07
	0.86	0.0	0.14	0.0
	0.07	0.0	0.93	0.0
	0.0	1.0	0.0	0.0
	0.0	1.0	0.0	0.0
	0.14	0.07	0.0	0.79
	0.07	0.0	0.93	0.0
	0.0	0.07	0.93	0.0
	0.0	0.0	1.0	0.0

MEME version 4

ALPHABET= ACGT

MOTIF chr17:60018481-60018506

letter-probability matrix: alength= 4 w= 25
	0.57	0.43	0.0	0.0
	1.0	0.0	0.0	0.0
	0.71	0.0	0.14	0.14
	0.14	0.29	0.0	0.57
	0.86	0.0	0.0	0.14
	0.86	0.0	0.14	0.0
	0.71	0.14	0.14	0.0
	1.0	0.0	0.0	0.0
	0.86	0.0	0.0	0.14
	0.29	0.0	0.71	0.0
	0.57	0.0	0.14	0.29
	1.0	0.0	0.0	0.0
	0.43	0.57	0.0	0.0
	0.71	0.0	0.0	0.29
	0.29	0.0	0.14	0.57
	1.0	0.0	0.0	0.0
	0.86	0.0	0.14	0.0
	1.0	0.0	0.0	0.0
	0.43	0.0	0.57	0.0
	0.71	0.0	0.29	0.0
	0.71	0.29	0.0	0.0
	0.29	0.29	0.0	0.43
	0.43	0.0	0.43	0.14
	0.14	0.86	0.0	0.0
	0.29	0.0	0.0	0.71

MEME version 4

ALPHABET= ACGT

MOTIF chr14:24611880-24611890

letter-probability matrix: alength= 4 w= 10
	0.07	0.57	0.29	0.07
	0.29	0.57	0.07	0.07
	0.86	0.0	0.14	0.0
	0.07	0.0	0.93	0.0
	0.0	1.0	0.0	0.0
	0.0	1.0	0.0	0.0
	0.14	0.07	0.0	0.79
	0.07	0.0	0.93	0.0
	0.0	0.07	0.93	0.0
	0.0	0.0	1.0	0.0

MEME version 4

ALPHABET= ACGT

MOTIF chr14:24628802-24628827

letter-probability matrix: alength= 4 w= 25
	0.57	0.43	0.0	0.0
	1.0	0.0	0.0	0.0
	0.71	0.0	0.14	0.14
	0.14	0.29	0.0	0.57
	0.86	0.0	0.0	0.14
	0.86	0.0	0.14	0.0
	0.71	0.14	0.14	0.0
	1.0	0.0	0.0	0.0
	0.86	0.0	0.0	0.14
	0.29	0.0	0.71	0.0
	0.57	0.0	0.14	0.29
	1.0	0.0	0.0	0.0
	0.43	0.57	0.0	0.0
	0.71	0.0	0.0	0.29
	0.29	0.0	0.14	0.57
	1.0	0.0	0.0	0.0
	0.86	0.0	0.14	0.0
	1.0	0.0	0.0	0.0
	0.43	0.0	0.57	0.0
	0.71	0.0	0.29	0.0
	0.71	0.29	0.0	0.0
	0.29	0.29	0.0	0.43
	0.43	0.0	0.43	0.14
	0.14	0.86	0.0	0.0
	0.29	0.0	0.0	0.71

MEME version 4

ALPHABET= ACGT

MOTIF chr2:209130896-209130906

letter-probability matrix: alength= 4 w= 10
	0.07	0.57	0.29	0.07
	0.29	0.57	0.07	0.07
	0.86	0.0	0.14	0.0
	0.07	0.0	0.93	0.0
	0.0	1.0	0.0	0.0
	0.0	1.0	0.0	0.0
	0.14	0.07	0.0	0.79
	0.07	0.0	0.93	0.0
	0.0	0.07	0.93	0.0
	0.0	0.0	1.0	0.0

MEME version 4

ALPHABET= ACGT

MOTIF chr2:209150620-209150645

letter-probability matrix: alength= 4 w= 25
	0.57	0.43	0.0	0.0
	1.0	0.0	0.0	0.0
	0.71	0.0	0.14	0.14
	0.14	0.29	0.0	0.57
	0.86	0.0	0.0	0.14
	0.86	0.0	0.14	0.0
	0.71	0.14	0.14	0.0
	1.0	0.0	0.0	0.0
	0.86	0.0	0.0	0.14
	0.29	0.0	0.71	0.0
	0.57	0.0	0.14	0.29
	1.0	0.0	0.0	0.0
	0.43	0.57	0.0	0.0
	0.71	0.0	0.0	0.29
	0.29	0.0	0.14	0.57
	1.0	0.0	0.0	0.0
	0.86	0.0	0.14	0.0
	1.0	0.0	0.0	0.0
	0.43	0.0	0.57	0.0
	0.71	0.0	0.29	0.0
	0.71	0.29	0.0	0.0
	0.29	0.29	0.0	0.43
	0.43	0.0	0.43	0.14
	0.14	0.86	0.0	0.0
	0.29	0.0	0.0	0.71

MEME version 4

ALPHABET= ACGT

MOTIF chr15:64656778-64656788

letter-probability matrix: alength= 4 w= 10
	0.07	0.57	0.29	0.07
	0.29	0.57	0.07	0.07
	0.86	0.0	0.14	0.0
	0.07	0.0	0.93	0.0
	0.0	1.0	0.0	0.0
	0.0	1.0	0.0	0.0
	0.14	0.07	0.0	0.79
	0.07	0.0	0.93	0.0
	0.0	0.07	0.93	0.0
	0.0	0.0	1.0	0.0

MEME version 4

ALPHABET= ACGT

MOTIF chr15:64697722-64697747

letter-probability matrix: alength= 4 w= 25
	0.57	0.43	0.0	0.0
	1.0	0.0	0.0	0.0
	0.71	0.0	0.14	0.14
	0.14	0.29	0.0	0.57
	0.86	0.0	0.0	0.14
	0.86	0.0	0.14	0.0
	0.71	0.14	0.14	0.0
	1.0	0.0	0.0	0.0
	0.86	0.0	0.0	0.14
	0.29	0.0	0.71	0.0
	0.57	0.0	0.14	0.29
	1.0	0.0	0.0	0.0
	0.43	0.57	0.0	0.0
	0.71	0.0	0.0	0.29
	0.29	0.0	0.14	0.57
	1.0	0.0	0.0	0.0
	0.86	0.0	0.14	0.0
	1.0	0.0	0.0	0.0
	0.43	0.0	0.57	0.0
	0.71	0.0	0.29	0.0
	0.71	0.29	0.0	0.0
	0.29	0.29	0.0	0.43
	0.43	0.0	0.43	0.14
	0.14	0.86	0.0	0.0
	0.29	0.0	0.0	0.71

MEME version 4

ALPHABET= ACGT

MOTIF chr19:12793670-12793680

letter-probability matrix: alength= 4 w= 10
	0.07	0.57	0.29	0.07
	0.29	0.57	0.07	0.07
	0.86	0.0	0.14	0.0
	0.07	0.0	0.93	0.0
	0.0	1.0	0.0	0.0
	0.0	1.0	0.0	0.0
	0.14	0.07	0.0	0.79
	0.07	0.0	0.93	0.0
	0.0	0.07	0.93	0.0
	0.0	0.0	1.0	0.0

MEME version 4

ALPHABET= ACGT

MOTIF chr19:12801431-12801456

letter-probability matrix: alength= 4 w= 25
	0.57	0.43	0.0	0.0
	1.0	0.0	0.0	0.0
	0.71	0.0	0.14	0.14
	0.14	0.29	0.0	0.57
	0.86	0.0	0.0	0.14
	0.86	0.0	0.14	0.0
	0.71	0.14	0.14	0.0
	1.0	0.0	0.0	0.0
	0.86	0.0	0.0	0.14
	0.29	0.0	0.71	0.0
	0.57	0.0	0.14	0.29
	1.0	0.0	0.0	0.0
	0.43	0.57	0.0	0.0
	0.71	0.0	0.0	0.29
	0.29	0.0	0.14	0.57
	1.0	0.0	0.0	0.0
	0.86	0.0	0.14	0.0
	1.0	0.0	0.0	0.0
	0.43	0.0	0.57	0.0
	0.71	0.0	0.29	0.0
	0.71	0.29	0.0	0.0
	0.29	0.29	0.0	0.43
	0.43	0.0	0.43	0.14
	0.14	0.86	0.0	0.0
	0.29	0.0	0.0	0.71

MEME version 4

ALPHABET= ACGT

MOTIF chrX:129304791-129304801

letter-probability matrix: alength= 4 w= 10
	0.07	0.57	0.29	0.07
	0.29	0.57	0.07	0.07
	0.86	0.0	0.14	0.0
	0.07	0.0	0.93	0.0
	0.0	1.0	0.0	0.0
	0.0	1.0	0.0	0.0
	0.14	0.07	0.0	0.79
	0.07	0.0	0.93	0.0
	0.0	0.07	0.93	0.0
	0.0	0.0	1.0	0.0

MEME version 4

ALPHABET= ACGT

MOTIF chrX:129273132-129273157

letter-probability matrix: alength= 4 w= 25
	0.57	0.43	0.0	0.0
	1.0	0.0	0.0	0.0
	0.71	0.0	0.14	0.14
	0.14	0.29	0.0	0.57
	0.86	0.0	0.0	0.14
	0.86	0.0	0.14	0.0
	0.71	0.14	0.14	0.0
	1.0	0.0	0.0	0.0
	0.86	0.0	0.0	0.14
	0.29	0.0	0.71	0.0
	0.57	0.0	0.14	0.29
	1.0	0.0	0.0	0.0
	0.43	0.57	0.0	0.0
	0.71	0.0	0.0	0.29
	0.29	0.0	0.14	0.57
	1.0	0.0	0.0	0.0
	0.86	0.0	0.14	0.0
	1.0	0.0	0.0	0.0
	0.43	0.0	0.57	0.0
	0.71	0.0	0.29	0.0
	0.71	0.29	0.0	0.0
	0.29	0.29	0.0	0.43
	0.43	0.0	0.43	0.14
	0.14	0.86	0.0	0.0
	0.29	0.0	0.0	0.71

MEME version 4

ALPHABET= ACGT

MOTIF chr19:40853408-40853418

letter-probability matrix: alength= 4 w= 10
	0.07	0.57	0.29	0.07
	0.29	0.57	0.07	0.07
	0.86	0.0	0.14	0.0
	0.07	0.0	0.93	0.0
	0.0	1.0	0.0	0.0
	0.0	1.0	0.0	0.0
	0.14	0.07	0.0	0.79
	0.07	0.0	0.93	0.0
	0.0	0.07	0.93	0.0
	0.0	0.0	1.0	0.0

MEME version 4

ALPHABET= ACGT

MOTIF chr19:40881072-40881097

letter-probability matrix: alength= 4 w= 25
	0.57	0.43	0.0	0.0
	1.0	0.0	0.0	0.0
	0.71	0.0	0.14	0.14
	0.14	0.29	0.0	0.57
	0.86	0.0	0.0	0.14
	0.86	0.0	0.14	0.0
	0.71	0.14	0.14	0.0
	1.0	0.0	0.0	0.0
	0.86	0.0	0.0	0.14
	0.29	0.0	0.71	0.0
	0.57	0.0	0.14	0.29
	1.0	0.0	0.0	0.0
	0.43	0.57	0.0	0.0
	0.71	0.0	0.0	0.29
	0.29	0.0	0.14	0.57
	1.0	0.0	0.0	0.0
	0.86	0.0	0.14	0.0
	1.0	0.0	0.0	0.0
	0.43	0.0	0.57	0.0
	0.71	0.0	0.29	0.0
	0.71	0.29	0.0	0.0
	0.29	0.29	0.0	0.43
	0.43	0.0	0.43	0.14
	0.14	0.86	0.0	0.0
	0.29	0.0	0.0	0.71

MEME version 4

ALPHABET= ACGT

MOTIF chr7:108194092-108194102

letter-probability matrix: alength= 4 w= 10
	0.07	0.57	0.29	0.07
	0.29	0.57	0.07	0.07
	0.86	0.0	0.14	0.0
	0.07	0.0	0.93	0.0
	0.0	1.0	0.0	0.0
	0.0	1.0	0.0	0.0
	0.14	0.07	0.0	0.79
	0.07	0.0	0.93	0.0
	0.0	0.07	0.93	0.0
	0.0	0.0	1.0	0.0

MEME version 4

ALPHABET= ACGT

MOTIF chr7:108192178-108192203

letter-probability matrix: alength= 4 w= 25
	0.57	0.43	0.0	0.0
	1.0	0.0	0.0	0.0
	0.71	0.0	0.14	0.14
	0.14	0.29	0.0	0.57
	0.86	0.0	0.0	0.14
	0.86	0.0	0.14	0.0
	0.71	0.14	0.14	0.0
	1.0	0.0	0.0	0.0
	0.86	0.0	0.0	0.14
	0.29	0.0	0.71	0.0
	0.57	0.0	0.14	0.29
	1.0	0.0	0.0	0.0
	0.43	0.57	0.0	0.0
	0.71	0.0	0.0	0.29
	0.29	0.0	0.14	0.57
	1.0	0.0	0.0	0.0
	0.86	0.0	0.14	0.0
	1.0	0.0	0.0	0.0
	0.43	0.0	0.57	0.0
	0.71	0.0	0.29	0.0
	0.71	0.29	0.0	0.0
	0.29	0.29	0.0	0.43
	0.43	0.0	0.43	0.14
	0.14	0.86	0.0	0.0
	0.29	0.0	0.0	0.71

MEME version 4

ALPHABET= ACGT

MOTIF chr12:58164613-58164623

letter-probability matrix: alength= 4 w= 10
	0.07	0.57	0.29	0.07
	0.29	0.57	0.07	0.07
	0.86	0.0	0.14	0.0
	0.07	0.0	0.93	0.0
	0.0	1.0	0.0	0.0
	0.0	1.0	0.0	0.0
	0.14	0.07	0.0	0.79
	0.07	0.0	0.93	0.0
	0.0	0.07	0.93	0.0
	0.0	0.0	1.0	0.0

MEME version 4

ALPHABET= ACGT

MOTIF chr12:58151441-58151466

letter-probability matrix: alength= 4 w= 25
	0.57	0.43	0.0	0.0
	1.0	0.0	0.0	0.0
	0.71	0.0	0.14	0.14
	0.14	0.29	0.0	0.57
	0.86	0.0	0.0	0.14
	0.86	0.0	0.14	0.0
	0.71	0.14	0.14	0.0
	1.0	0.0	0.0	0.0
	0.86	0.0	0.0	0.14
	0.29	0.0	0.71	0.0
	0.57	0.0	0.14	0.29
	1.0	0.0	0.0	0.0
	0.43	0.57	0.0	0.0
	0.71	0.0	0.0	0.29
	0.29	0.0	0.14	0.57
	1.0	0.0	0.0	0.0
	0.86	0.0	0.14	0.0
	1.0	0.0	0.0	0.0
	0.43	0.0	0.57	0.0
	0.71	0.0	0.29	0.0
	0.71	0.29	0.0	0.0
	0.29	0.29	0.0	0.43
	0.43	0.0	0.43	0.14
	0.14	0.86	0.0	0.0
	0.29	0.0	0.0	0.71

MEME version 4

ALPHABET= ACGT

MOTIF chr6:4066094-4066104

letter-probability matrix: alength= 4 w= 10
	0.07	0.57	0.29	0.07
	0.29	0.57	0.07	0.07
	0.86	0.0	0.14	0.0
	0.07	0.0	0.93	0.0
	0.0	1.0	0.0	0.0
	0.0	1.0	0.0	0.0
	0.14	0.07	0.0	0.79
	0.07	0.0	0.93	0.0
	0.0	0.07	0.93	0.0
	0.0	0.0	1.0	0.0

MEME version 4

ALPHABET= ACGT

MOTIF chr6:4003034-4003059

letter-probability matrix: alength= 4 w= 25
	0.57	0.43	0.0	0.0
	1.0	0.0	0.0	0.0
	0.71	0.0	0.14	0.14
	0.14	0.29	0.0	0.57
	0.86	0.0	0.0	0.14
	0.86	0.0	0.14	0.0
	0.71	0.14	0.14	0.0
	1.0	0.0	0.0	0.0
	0.86	0.0	0.0	0.14
	0.29	0.0	0.71	0.0
	0.57	0.0	0.14	0.29
	1.0	0.0	0.0	0.0
	0.43	0.57	0.0	0.0
	0.71	0.0	0.0	0.29
	0.29	0.0	0.14	0.57
	1.0	0.0	0.0	0.0
	0.86	0.0	0.14	0.0
	1.0	0.0	0.0	0.0
	0.43	0.0	0.57	0.0
	0.71	0.0	0.29	0.0
	0.71	0.29	0.0	0.0
	0.29	0.29	0.0	0.43
	0.43	0.0	0.43	0.14
	0.14	0.86	0.0	0.0
	0.29	0.0	0.0	0.71

MEME version 4

ALPHABET= ACGT

MOTIF chr17:41836928-41836938

letter-probability matrix: alength= 4 w= 10
	0.07	0.57	0.29	0.07
	0.29	0.57	0.07	0.07
	0.86	0.0	0.14	0.0
	0.07	0.0	0.93	0.0
	0.0	1.0	0.0	0.0
	0.0	1.0	0.0	0.0
	0.14	0.07	0.0	0.79
	0.07	0.0	0.93	0.0
	0.0	0.07	0.93	0.0
	0.0	0.0	1.0	0.0

MEME version 4

ALPHABET= ACGT

MOTIF chr17:41839961-41839986

letter-probability matrix: alength= 4 w= 25
	0.57	0.43	0.0	0.0
	1.0	0.0	0.0	0.0
	0.71	0.0	0.14	0.14
	0.14	0.29	0.0	0.57
	0.86	0.0	0.0	0.14
	0.86	0.0	0.14	0.0
	0.71	0.14	0.14	0.0
	1.0	0.0	0.0	0.0
	0.86	0.0	0.0	0.14
	0.29	0.0	0.71	0.0
	0.57	0.0	0.14	0.29
	1.0	0.0	0.0	0.0
	0.43	0.57	0.0	0.0
	0.71	0.0	0.0	0.29
	0.29	0.0	0.14	0.57
	1.0	0.0	0.0	0.0
	0.86	0.0	0.14	0.0
	1.0	0.0	0.0	0.0
	0.43	0.0	0.57	0.0
	0.71	0.0	0.29	0.0
	0.71	0.29	0.0	0.0
	0.29	0.29	0.0	0.43
	0.43	0.0	0.43	0.14
	0.14	0.86	0.0	0.0
	0.29	0.0	0.0	0.71

MEME version 4

ALPHABET= ACGT

MOTIF chr22:21142474-21142484

letter-probability matrix: alength= 4 w= 10
	0.07	0.57	0.29	0.07
	0.29	0.57	0.07	0.07
	0.86	0.0	0.14	0.0
	0.07	0.0	0.93	0.0
	0.0	1.0	0.0	0.0
	0.0	1.0	0.0	0.0
	0.14	0.07	0.0	0.79
	0.07	0.0	0.93	0.0
	0.0	0.07	0.93	0.0
	0.0	0.0	1.0	0.0

MEME version 4

ALPHABET= ACGT

MOTIF chr22:21123952-21123977

letter-probability matrix: alength= 4 w= 25
	0.57	0.43	0.0	0.0
	1.0	0.0	0.0	0.0
	0.71	0.0	0.14	0.14
	0.14	0.29	0.0	0.57
	0.86	0.0	0.0	0.14
	0.86	0.0	0.14	0.0
	0.71	0.14	0.14	0.0
	1.0	0.0	0.0	0.0
	0.86	0.0	0.0	0.14
	0.29	0.0	0.71	0.0
	0.57	0.0	0.14	0.29
	1.0	0.0	0.0	0.0
	0.43	0.57	0.0	0.0
	0.71	0.0	0.0	0.29
	0.29	0.0	0.14	0.57
	1.0	0.0	0.0	0.0
	0.86	0.0	0.14	0.0
	1.0	0.0	0.0	0.0
	0.43	0.0	0.57	0.0
	0.71	0.0	0.29	0.0
	0.71	0.29	0.0	0.0
	0.29	0.29	0.0	0.43
	0.43	0.0	0.43	0.14
	0.14	0.86	0.0	0.0
	0.29	0.0	0.0	0.71

MEME version 4

ALPHABET= ACGT

MOTIF chr10:126436402-126436412

letter-probability matrix: alength= 4 w= 10
	0.07	0.57	0.29	0.07
	0.29	0.57	0.07	0.07
	0.86	0.0	0.14	0.0
	0.07	0.0	0.93	0.0
	0.0	1.0	0.0	0.0
	0.0	1.0	0.0	0.0
	0.14	0.07	0.0	0.79
	0.07	0.0	0.93	0.0
	0.0	0.07	0.93	0.0
	0.0	0.0	1.0	0.0

MEME version 4

ALPHABET= ACGT

MOTIF chr10:126503707-126503732

letter-probability matrix: alength= 4 w= 25
	0.57	0.43	0.0	0.0
	1.0	0.0	0.0	0.0
	0.71	0.0	0.14	0.14
	0.14	0.29	0.0	0.57
	0.86	0.0	0.0	0.14
	0.86	0.0	0.14	0.0
	0.71	0.14	0.14	0.0
	1.0	0.0	0.0	0.0
	0.86	0.0	0.0	0.14
	0.29	0.0	0.71	0.0
	0.57	0.0	0.14	0.29
	1.0	0.0	0.0	0.0
	0.43	0.57	0.0	0.0
	0.71	0.0	0.0	0.29
	0.29	0.0	0.14	0.57
	1.0	0.0	0.0	0.0
	0.86	0.0	0.14	0.0
	1.0	0.0	0.0	0.0
	0.43	0.0	0.57	0.0
	0.71	0.0	0.29	0.0
	0.71	0.29	0.0	0.0
	0.29	0.29	0.0	0.43
	0.43	0.0	0.43	0.14
	0.14	0.86	0.0	0.0
	0.29	0.0	0.0	0.71

MEME version 4

ALPHABET= ACGT

MOTIF chr6:31547396-31547406

letter-probability matrix: alength= 4 w= 10
	0.07	0.57	0.29	0.07
	0.29	0.57	0.07	0.07
	0.86	0.0	0.14	0.0
	0.07	0.0	0.93	0.0
	0.0	1.0	0.0	0.0
	0.0	1.0	0.0	0.0
	0.14	0.07	0.0	0.79
	0.07	0.0	0.93	0.0
	0.0	0.07	0.93	0.0
	0.0	0.0	1.0	0.0

MEME version 4

ALPHABET= ACGT

MOTIF chr6:31567515-31567540

letter-probability matrix: alength= 4 w= 25
	0.57	0.43	0.0	0.0
	1.0	0.0	0.0	0.0
	0.71	0.0	0.14	0.14
	0.14	0.29	0.0	0.57
	0.86	0.0	0.0	0.14
	0.86	0.0	0.14	0.0
	0.71	0.14	0.14	0.0
	1.0	0.0	0.0	0.0
	0.86	0.0	0.0	0.14
	0.29	0.0	0.71	0.0
	0.57	0.0	0.14	0.29
	1.0	0.0	0.0	0.0
	0.43	0.57	0.0	0.0
	0.71	0.0	0.0	0.29
	0.29	0.0	0.14	0.57
	1.0	0.0	0.0	0.0
	0.86	0.0	0.14	0.0
	1.0	0.0	0.0	0.0
	0.43	0.0	0.57	0.0
	0.71	0.0	0.29	0.0
	0.71	0.29	0.0	0.0
	0.29	0.29	0.0	0.43
	0.43	0.0	0.43	0.14
	0.14	0.86	0.0	0.0
	0.29	0.0	0.0	0.71

MEME version 4

ALPHABET= ACGT

MOTIF chr15:91260491-91260501

letter-probability matrix: alength= 4 w= 10
	0.07	0.57	0.29	0.07
	0.29	0.57	0.07	0.07
	0.86	0.0	0.14	0.0
	0.07	0.0	0.93	0.0
	0.0	1.0	0.0	0.0
	0.0	1.0	0.0	0.0
	0.14	0.07	0.0	0.79
	0.07	0.0	0.93	0.0
	0.0	0.07	0.93	0.0
	0.0	0.0	1.0	0.0

MEME version 4

ALPHABET= ACGT

MOTIF chr15:91240907-91240932

letter-probability matrix: alength= 4 w= 25
	0.57	0.43	0.0	0.0
	1.0	0.0	0.0	0.0
	0.71	0.0	0.14	0.14
	0.14	0.29	0.0	0.57
	0.86	0.0	0.0	0.14
	0.86	0.0	0.14	0.0
	0.71	0.14	0.14	0.0
	1.0	0.0	0.0	0.0
	0.86	0.0	0.0	0.14
	0.29	0.0	0.71	0.0
	0.57	0.0	0.14	0.29
	1.0	0.0	0.0	0.0
	0.43	0.57	0.0	0.0
	0.71	0.0	0.0	0.29
	0.29	0.0	0.14	0.57
	1.0	0.0	0.0	0.0
	0.86	0.0	0.14	0.0
	1.0	0.0	0.0	0.0
	0.43	0.0	0.57	0.0
	0.71	0.0	0.29	0.0
	0.71	0.29	0.0	0.0
	0.29	0.29	0.0	0.43
	0.43	0.0	0.43	0.14
	0.14	0.86	0.0	0.0
	0.29	0.0	0.0	0.71

MEME version 4

ALPHABET= ACGT

MOTIF chr2:136288896-136288906

letter-probability matrix: alength= 4 w= 10
	0.07	0.57	0.29	0.07
	0.29	0.57	0.07	0.07
	0.86	0.0	0.14	0.0
	0.07	0.0	0.93	0.0
	0.0	1.0	0.0	0.0
	0.0	1.0	0.0	0.0
	0.14	0.07	0.0	0.79
	0.07	0.0	0.93	0.0
	0.0	0.07	0.93	0.0
	0.0	0.0	1.0	0.0

MEME version 4

ALPHABET= ACGT

MOTIF chr2:136303204-136303229

letter-probability matrix: alength= 4 w= 25
	0.57	0.43	0.0	0.0
	1.0	0.0	0.0	0.0
	0.71	0.0	0.14	0.14
	0.14	0.29	0.0	0.57
	0.86	0.0	0.0	0.14
	0.86	0.0	0.14	0.0
	0.71	0.14	0.14	0.0
	1.0	0.0	0.0	0.0
	0.86	0.0	0.0	0.14
	0.29	0.0	0.71	0.0
	0.57	0.0	0.14	0.29
	1.0	0.0	0.0	0.0
	0.43	0.57	0.0	0.0
	0.71	0.0	0.0	0.29
	0.29	0.0	0.14	0.57
	1.0	0.0	0.0	0.0
	0.86	0.0	0.14	0.0
	1.0	0.0	0.0	0.0
	0.43	0.0	0.57	0.0
	0.71	0.0	0.29	0.0
	0.71	0.29	0.0	0.0
	0.29	0.29	0.0	0.43
	0.43	0.0	0.43	0.14
	0.14	0.86	0.0	0.0
	0.29	0.0	0.0	0.71

MEME version 4

ALPHABET= ACGT

MOTIF chr19:36315900-36315910

letter-probability matrix: alength= 4 w= 10
	0.07	0.57	0.29	0.07
	0.29	0.57	0.07	0.07
	0.86	0.0	0.14	0.0
	0.07	0.0	0.93	0.0
	0.0	1.0	0.0	0.0
	0.0	1.0	0.0	0.0
	0.14	0.07	0.0	0.79
	0.07	0.0	0.93	0.0
	0.0	0.07	0.93	0.0
	0.0	0.0	1.0	0.0

MEME version 4

ALPHABET= ACGT

MOTIF chr19:36369449-36369474

letter-probability matrix: alength= 4 w= 25
	0.57	0.43	0.0	0.0
	1.0	0.0	0.0	0.0
	0.71	0.0	0.14	0.14
	0.14	0.29	0.0	0.57
	0.86	0.0	0.0	0.14
	0.86	0.0	0.14	0.0
	0.71	0.14	0.14	0.0
	1.0	0.0	0.0	0.0
	0.86	0.0	0.0	0.14
	0.29	0.0	0.71	0.0
	0.57	0.0	0.14	0.29
	1.0	0.0	0.0	0.0
	0.43	0.57	0.0	0.0
	0.71	0.0	0.0	0.29
	0.29	0.0	0.14	0.57
	1.0	0.0	0.0	0.0
	0.86	0.0	0.14	0.0
	1.0	0.0	0.0	0.0
	0.43	0.0	0.57	0.0
	0.71	0.0	0.29	0.0
	0.71	0.29	0.0	0.0
	0.29	0.29	0.0	0.43
	0.43	0.0	0.43	0.14
	0.14	0.86	0.0	0.0
	0.29	0.0	0.0	0.71

MEME version 4

ALPHABET= ACGT

MOTIF chr12:58027844-58027854

letter-probability matrix: alength= 4 w= 10
	0.07	0.57	0.29	0.07
	0.29	0.57	0.07	0.07
	0.86	0.0	0.14	0.0
	0.07	0.0	0.93	0.0
	0.0	1.0	0.0	0.0
	0.0	1.0	0.0	0.0
	0.14	0.07	0.0	0.79
	0.07	0.0	0.93	0.0
	0.0	0.07	0.93	0.0
	0.0	0.0	1.0	0.0

MEME version 4

ALPHABET= ACGT

MOTIF chr12:58017835-58017860

letter-probability matrix: alength= 4 w= 25
	0.57	0.43	0.0	0.0
	1.0	0.0	0.0	0.0
	0.71	0.0	0.14	0.14
	0.14	0.29	0.0	0.57
	0.86	0.0	0.0	0.14
	0.86	0.0	0.14	0.0
	0.71	0.14	0.14	0.0
	1.0	0.0	0.0	0.0
	0.86	0.0	0.0	0.14
	0.29	0.0	0.71	0.0
	0.57	0.0	0.14	0.29
	1.0	0.0	0.0	0.0
	0.43	0.57	0.0	0.0
	0.71	0.0	0.0	0.29
	0.29	0.0	0.14	0.57
	1.0	0.0	0.0	0.0
	0.86	0.0	0.14	0.0
	1.0	0.0	0.0	0.0
	0.43	0.0	0.57	0.0
	0.71	0.0	0.29	0.0
	0.71	0.29	0.0	0.0
	0.29	0.29	0.0	0.43
	0.43	0.0	0.43	0.14
	0.14	0.86	0.0	0.0
	0.29	0.0	0.0	0.71

MEME version 4

ALPHABET= ACGT

MOTIF chr4:108641909-108641919

letter-probability matrix: alength= 4 w= 10
	0.07	0.57	0.29	0.07
	0.29	0.57	0.07	0.07
	0.86	0.0	0.14	0.0
	0.07	0.0	0.93	0.0
	0.0	1.0	0.0	0.0
	0.0	1.0	0.0	0.0
	0.14	0.07	0.0	0.79
	0.07	0.0	0.93	0.0
	0.0	0.07	0.93	0.0
	0.0	0.0	1.0	0.0

MEME version 4

ALPHABET= ACGT

MOTIF chr4:108615777-108615802

letter-probability matrix: alength= 4 w= 25
	0.57	0.43	0.0	0.0
	1.0	0.0	0.0	0.0
	0.71	0.0	0.14	0.14
	0.14	0.29	0.0	0.57
	0.86	0.0	0.0	0.14
	0.86	0.0	0.14	0.0
	0.71	0.14	0.14	0.0
	1.0	0.0	0.0	0.0
	0.86	0.0	0.0	0.14
	0.29	0.0	0.71	0.0
	0.57	0.0	0.14	0.29
	1.0	0.0	0.0	0.0
	0.43	0.57	0.0	0.0
	0.71	0.0	0.0	0.29
	0.29	0.0	0.14	0.57
	1.0	0.0	0.0	0.0
	0.86	0.0	0.14	0.0
	1.0	0.0	0.0	0.0
	0.43	0.0	0.57	0.0
	0.71	0.0	0.29	0.0
	0.71	0.29	0.0	0.0
	0.29	0.29	0.0	0.43
	0.43	0.0	0.43	0.14
	0.14	0.86	0.0	0.0
	0.29	0.0	0.0	0.71

MEME version 4

ALPHABET= ACGT

MOTIF chr19:39875676-39875686

letter-probability matrix: alength= 4 w= 10
	0.07	0.57	0.29	0.07
	0.29	0.57	0.07	0.07
	0.86	0.0	0.14	0.0
	0.07	0.0	0.93	0.0
	0.0	1.0	0.0	0.0
	0.0	1.0	0.0	0.0
	0.14	0.07	0.0	0.79
	0.07	0.0	0.93	0.0
	0.0	0.07	0.93	0.0
	0.0	0.0	1.0	0.0

MEME version 4

ALPHABET= ACGT

MOTIF chr19:39875541-39875566

letter-probability matrix: alength= 4 w= 25
	0.57	0.43	0.0	0.0
	1.0	0.0	0.0	0.0
	0.71	0.0	0.14	0.14
	0.14	0.29	0.0	0.57
	0.86	0.0	0.0	0.14
	0.86	0.0	0.14	0.0
	0.71	0.14	0.14	0.0
	1.0	0.0	0.0	0.0
	0.86	0.0	0.0	0.14
	0.29	0.0	0.71	0.0
	0.57	0.0	0.14	0.29
	1.0	0.0	0.0	0.0
	0.43	0.57	0.0	0.0
	0.71	0.0	0.0	0.29
	0.29	0.0	0.14	0.57
	1.0	0.0	0.0	0.0
	0.86	0.0	0.14	0.0
	1.0	0.0	0.0	0.0
	0.43	0.0	0.57	0.0
	0.71	0.0	0.29	0.0
	0.71	0.29	0.0	0.0
	0.29	0.29	0.0	0.43
	0.43	0.0	0.43	0.14
	0.14	0.86	0.0	0.0
	0.29	0.0	0.0	0.71

MEME version 4

ALPHABET= ACGT

MOTIF chr20:43935027-43935037

letter-probability matrix: alength= 4 w= 10
	0.07	0.57	0.29	0.07
	0.29	0.57	0.07	0.07
	0.86	0.0	0.14	0.0
	0.07	0.0	0.93	0.0
	0.0	1.0	0.0	0.0
	0.0	1.0	0.0	0.0
	0.14	0.07	0.0	0.79
	0.07	0.0	0.93	0.0
	0.0	0.07	0.93	0.0
	0.0	0.0	1.0	0.0

MEME version 4

ALPHABET= ACGT

MOTIF chr20:43944606-43944631

letter-probability matrix: alength= 4 w= 25
	0.57	0.43	0.0	0.0
	1.0	0.0	0.0	0.0
	0.71	0.0	0.14	0.14
	0.14	0.29	0.0	0.57
	0.86	0.0	0.0	0.14
	0.86	0.0	0.14	0.0
	0.71	0.14	0.14	0.0
	1.0	0.0	0.0	0.0
	0.86	0.0	0.0	0.14
	0.29	0.0	0.71	0.0
	0.57	0.0	0.14	0.29
	1.0	0.0	0.0	0.0
	0.43	0.57	0.0	0.0
	0.71	0.0	0.0	0.29
	0.29	0.0	0.14	0.57
	1.0	0.0	0.0	0.0
	0.86	0.0	0.14	0.0
	1.0	0.0	0.0	0.0
	0.43	0.0	0.57	0.0
	0.71	0.0	0.29	0.0
	0.71	0.29	0.0	0.0
	0.29	0.29	0.0	0.43
	0.43	0.0	0.43	0.14
	0.14	0.86	0.0	0.0
	0.29	0.0	0.0	0.71

MEME version 4

ALPHABET= ACGT

MOTIF chr7:2392732-2392742

letter-probability matrix: alength= 4 w= 10
	0.07	0.57	0.29	0.07
	0.29	0.57	0.07	0.07
	0.86	0.0	0.14	0.0
	0.07	0.0	0.93	0.0
	0.0	1.0	0.0	0.0
	0.0	1.0	0.0	0.0
	0.14	0.07	0.0	0.79
	0.07	0.0	0.93	0.0
	0.0	0.07	0.93	0.0
	0.0	0.0	1.0	0.0

MEME version 4

ALPHABET= ACGT

MOTIF chr7:2422820-2422845

letter-probability matrix: alength= 4 w= 25
	0.57	0.43	0.0	0.0
	1.0	0.0	0.0	0.0
	0.71	0.0	0.14	0.14
	0.14	0.29	0.0	0.57
	0.86	0.0	0.0	0.14
	0.86	0.0	0.14	0.0
	0.71	0.14	0.14	0.0
	1.0	0.0	0.0	0.0
	0.86	0.0	0.0	0.14
	0.29	0.0	0.71	0.0
	0.57	0.0	0.14	0.29
	1.0	0.0	0.0	0.0
	0.43	0.57	0.0	0.0
	0.71	0.0	0.0	0.29
	0.29	0.0	0.14	0.57
	1.0	0.0	0.0	0.0
	0.86	0.0	0.14	0.0
	1.0	0.0	0.0	0.0
	0.43	0.0	0.57	0.0
	0.71	0.0	0.29	0.0
	0.71	0.29	0.0	0.0
	0.29	0.29	0.0	0.43
	0.43	0.0	0.43	0.14
	0.14	0.86	0.0	0.0
	0.29	0.0	0.0	0.71

MEME version 4

ALPHABET= ACGT

MOTIF chr2:68695200-68695210

letter-probability matrix: alength= 4 w= 10
	0.07	0.57	0.29	0.07
	0.29	0.57	0.07	0.07
	0.86	0.0	0.14	0.0
	0.07	0.0	0.93	0.0
	0.0	1.0	0.0	0.0
	0.0	1.0	0.0	0.0
	0.14	0.07	0.0	0.79
	0.07	0.0	0.93	0.0
	0.0	0.07	0.93	0.0
	0.0	0.0	1.0	0.0

MEME version 4

ALPHABET= ACGT

MOTIF chr2:68716706-68716731

letter-probability matrix: alength= 4 w= 25
	0.57	0.43	0.0	0.0
	1.0	0.0	0.0	0.0
	0.71	0.0	0.14	0.14
	0.14	0.29	0.0	0.57
	0.86	0.0	0.0	0.14
	0.86	0.0	0.14	0.0
	0.71	0.14	0.14	0.0
	1.0	0.0	0.0	0.0
	0.86	0.0	0.0	0.14
	0.29	0.0	0.71	0.0
	0.57	0.0	0.14	0.29
	1.0	0.0	0.0	0.0
	0.43	0.57	0.0	0.0
	0.71	0.0	0.0	0.29
	0.29	0.0	0.14	0.57
	1.0	0.0	0.0	0.0
	0.86	0.0	0.14	0.0
	1.0	0.0	0.0	0.0
	0.43	0.0	0.57	0.0
	0.71	0.0	0.29	0.0
	0.71	0.29	0.0	0.0
	0.29	0.29	0.0	0.43
	0.43	0.0	0.43	0.14
	0.14	0.86	0.0	0.0
	0.29	0.0	0.0	0.71

MEME version 4

ALPHABET= ACGT

MOTIF chr7:75697780-75697790

letter-probability matrix: alength= 4 w= 10
	0.07	0.57	0.29	0.07
	0.29	0.57	0.07	0.07
	0.86	0.0	0.14	0.0
	0.07	0.0	0.93	0.0
	0.0	1.0	0.0	0.0
	0.0	1.0	0.0	0.0
	0.14	0.07	0.0	0.79
	0.07	0.0	0.93	0.0
	0.0	0.07	0.93	0.0
	0.0	0.0	1.0	0.0

MEME version 4

ALPHABET= ACGT

MOTIF chr7:75649248-75649273

letter-probability matrix: alength= 4 w= 25
	0.57	0.43	0.0	0.0
	1.0	0.0	0.0	0.0
	0.71	0.0	0.14	0.14
	0.14	0.29	0.0	0.57
	0.86	0.0	0.0	0.14
	0.86	0.0	0.14	0.0
	0.71	0.14	0.14	0.0
	1.0	0.0	0.0	0.0
	0.86	0.0	0.0	0.14
	0.29	0.0	0.71	0.0
	0.57	0.0	0.14	0.29
	1.0	0.0	0.0	0.0
	0.43	0.57	0.0	0.0
	0.71	0.0	0.0	0.29
	0.29	0.0	0.14	0.57
	1.0	0.0	0.0	0.0
	0.86	0.0	0.14	0.0
	1.0	0.0	0.0	0.0
	0.43	0.0	0.57	0.0
	0.71	0.0	0.29	0.0
	0.71	0.29	0.0	0.0
	0.29	0.29	0.0	0.43
	0.43	0.0	0.43	0.14
	0.14	0.86	0.0	0.0
	0.29	0.0	0.0	0.71

MEME version 4

ALPHABET= ACGT

MOTIF chr7:5109852-5109862

letter-probability matrix: alength= 4 w= 10
	0.07	0.57	0.29	0.07
	0.29	0.57	0.07	0.07
	0.86	0.0	0.14	0.0
	0.07	0.0	0.93	0.0
	0.0	1.0	0.0	0.0
	0.0	1.0	0.0	0.0
	0.14	0.07	0.0	0.79
	0.07	0.0	0.93	0.0
	0.0	0.07	0.93	0.0
	0.0	0.0	1.0	0.0

MEME version 4

ALPHABET= ACGT

MOTIF chr7:5080115-5080140

letter-probability matrix: alength= 4 w= 25
	0.57	0.43	0.0	0.0
	1.0	0.0	0.0	0.0
	0.71	0.0	0.14	0.14
	0.14	0.29	0.0	0.57
	0.86	0.0	0.0	0.14
	0.86	0.0	0.14	0.0
	0.71	0.14	0.14	0.0
	1.0	0.0	0.0	0.0
	0.86	0.0	0.0	0.14
	0.29	0.0	0.71	0.0
	0.57	0.0	0.14	0.29
	1.0	0.0	0.0	0.0
	0.43	0.57	0.0	0.0
	0.71	0.0	0.0	0.29
	0.29	0.0	0.14	0.57
	1.0	0.0	0.0	0.0
	0.86	0.0	0.14	0.0
	1.0	0.0	0.0	0.0
	0.43	0.0	0.57	0.0
	0.71	0.0	0.29	0.0
	0.71	0.29	0.0	0.0
	0.29	0.29	0.0	0.43
	0.43	0.0	0.43	0.14
	0.14	0.86	0.0	0.0
	0.29	0.0	0.0	0.71

MEME version 4

ALPHABET= ACGT

MOTIF chr1:22003898-22003908

letter-probability matrix: alength= 4 w= 10
	0.07	0.57	0.29	0.07
	0.29	0.57	0.07	0.07
	0.86	0.0	0.14	0.0
	0.07	0.0	0.93	0.0
	0.0	1.0	0.0	0.0
	0.0	1.0	0.0	0.0
	0.14	0.07	0.0	0.79
	0.07	0.0	0.93	0.0
	0.0	0.07	0.93	0.0
	0.0	0.0	1.0	0.0

MEME version 4

ALPHABET= ACGT

MOTIF chr1:22138208-22138233

letter-probability matrix: alength= 4 w= 25
	0.57	0.43	0.0	0.0
	1.0	0.0	0.0	0.0
	0.71	0.0	0.14	0.14
	0.14	0.29	0.0	0.57
	0.86	0.0	0.0	0.14
	0.86	0.0	0.14	0.0
	0.71	0.14	0.14	0.0
	1.0	0.0	0.0	0.0
	0.86	0.0	0.0	0.14
	0.29	0.0	0.71	0.0
	0.57	0.0	0.14	0.29
	1.0	0.0	0.0	0.0
	0.43	0.57	0.0	0.0
	0.71	0.0	0.0	0.29
	0.29	0.0	0.14	0.57
	1.0	0.0	0.0	0.0
	0.86	0.0	0.14	0.0
	1.0	0.0	0.0	0.0
	0.43	0.0	0.57	0.0
	0.71	0.0	0.29	0.0
	0.71	0.29	0.0	0.0
	0.29	0.29	0.0	0.43
	0.43	0.0	0.43	0.14
	0.14	0.86	0.0	0.0
	0.29	0.0	0.0	0.71

MEME version 4

ALPHABET= ACGT

MOTIF chr16:4560974-4560984

letter-probability matrix: alength= 4 w= 10
	0.07	0.57	0.29	0.07
	0.29	0.57	0.07	0.07
	0.86	0.0	0.14	0.0
	0.07	0.0	0.93	0.0
	0.0	1.0	0.0	0.0
	0.0	1.0	0.0	0.0
	0.14	0.07	0.0	0.79
	0.07	0.0	0.93	0.0
	0.0	0.07	0.93	0.0
	0.0	0.0	1.0	0.0

MEME version 4

ALPHABET= ACGT

MOTIF chr16:4477345-4477370

letter-probability matrix: alength= 4 w= 25
	0.57	0.43	0.0	0.0
	1.0	0.0	0.0	0.0
	0.71	0.0	0.14	0.14
	0.14	0.29	0.0	0.57
	0.86	0.0	0.0	0.14
	0.86	0.0	0.14	0.0
	0.71	0.14	0.14	0.0
	1.0	0.0	0.0	0.0
	0.86	0.0	0.0	0.14
	0.29	0.0	0.71	0.0
	0.57	0.0	0.14	0.29
	1.0	0.0	0.0	0.0
	0.43	0.57	0.0	0.0
	0.71	0.0	0.0	0.29
	0.29	0.0	0.14	0.57
	1.0	0.0	0.0	0.0
	0.86	0.0	0.14	0.0
	1.0	0.0	0.0	0.0
	0.43	0.0	0.57	0.0
	0.71	0.0	0.29	0.0
	0.71	0.29	0.0	0.0
	0.29	0.29	0.0	0.43
	0.43	0.0	0.43	0.14
	0.14	0.86	0.0	0.0
	0.29	0.0	0.0	0.71

MEME version 4

ALPHABET= ACGT

MOTIF chr1:22110838-22110848

letter-probability matrix: alength= 4 w= 10
	0.07	0.57	0.29	0.07
	0.29	0.57	0.07	0.07
	0.86	0.0	0.14	0.0
	0.07	0.0	0.93	0.0
	0.0	1.0	0.0	0.0
	0.0	1.0	0.0	0.0
	0.14	0.07	0.0	0.79
	0.07	0.0	0.93	0.0
	0.0	0.07	0.93	0.0
	0.0	0.0	1.0	0.0

MEME version 4

ALPHABET= ACGT

MOTIF chr1:22138208-22138233

letter-probability matrix: alength= 4 w= 25
	0.57	0.43	0.0	0.0
	1.0	0.0	0.0	0.0
	0.71	0.0	0.14	0.14
	0.14	0.29	0.0	0.57
	0.86	0.0	0.0	0.14
	0.86	0.0	0.14	0.0
	0.71	0.14	0.14	0.0
	1.0	0.0	0.0	0.0
	0.86	0.0	0.0	0.14
	0.29	0.0	0.71	0.0
	0.57	0.0	0.14	0.29
	1.0	0.0	0.0	0.0
	0.43	0.57	0.0	0.0
	0.71	0.0	0.0	0.29
	0.29	0.0	0.14	0.57
	1.0	0.0	0.0	0.0
	0.86	0.0	0.14	0.0
	1.0	0.0	0.0	0.0
	0.43	0.0	0.57	0.0
	0.71	0.0	0.29	0.0
	0.71	0.29	0.0	0.0
	0.29	0.29	0.0	0.43
	0.43	0.0	0.43	0.14
	0.14	0.86	0.0	0.0
	0.29	0.0	0.0	0.71

MEME version 4

ALPHABET= ACGT

MOTIF chr20:30251353-30251363

letter-probability matrix: alength= 4 w= 10
	0.07	0.57	0.29	0.07
	0.29	0.57	0.07	0.07
	0.86	0.0	0.14	0.0
	0.07	0.0	0.93	0.0
	0.0	1.0	0.0	0.0
	0.0	1.0	0.0	0.0
	0.14	0.07	0.0	0.79
	0.07	0.0	0.93	0.0
	0.0	0.07	0.93	0.0
	0.0	0.0	1.0	0.0

MEME version 4

ALPHABET= ACGT

MOTIF chr20:30325549-30325574

letter-probability matrix: alength= 4 w= 25
	0.57	0.43	0.0	0.0
	1.0	0.0	0.0	0.0
	0.71	0.0	0.14	0.14
	0.14	0.29	0.0	0.57
	0.86	0.0	0.0	0.14
	0.86	0.0	0.14	0.0
	0.71	0.14	0.14	0.0
	1.0	0.0	0.0	0.0
	0.86	0.0	0.0	0.14
	0.29	0.0	0.71	0.0
	0.57	0.0	0.14	0.29
	1.0	0.0	0.0	0.0
	0.43	0.57	0.0	0.0
	0.71	0.0	0.0	0.29
	0.29	0.0	0.14	0.57
	1.0	0.0	0.0	0.0
	0.86	0.0	0.14	0.0
	1.0	0.0	0.0	0.0
	0.43	0.0	0.57	0.0
	0.71	0.0	0.29	0.0
	0.71	0.29	0.0	0.0
	0.29	0.29	0.0	0.43
	0.43	0.0	0.43	0.14
	0.14	0.86	0.0	0.0
	0.29	0.0	0.0	0.71

MEME version 4

ALPHABET= ACGT

MOTIF chr1:204543140-204543150

letter-probability matrix: alength= 4 w= 10
	0.07	0.57	0.29	0.07
	0.29	0.57	0.07	0.07
	0.86	0.0	0.14	0.0
	0.07	0.0	0.93	0.0
	0.0	1.0	0.0	0.0
	0.0	1.0	0.0	0.0
	0.14	0.07	0.0	0.79
	0.07	0.0	0.93	0.0
	0.0	0.07	0.93	0.0
	0.0	0.0	1.0	0.0

MEME version 4

ALPHABET= ACGT

MOTIF chr1:204477628-204477653

letter-probability matrix: alength= 4 w= 25
	0.57	0.43	0.0	0.0
	1.0	0.0	0.0	0.0
	0.71	0.0	0.14	0.14
	0.14	0.29	0.0	0.57
	0.86	0.0	0.0	0.14
	0.86	0.0	0.14	0.0
	0.71	0.14	0.14	0.0
	1.0	0.0	0.0	0.0
	0.86	0.0	0.0	0.14
	0.29	0.0	0.71	0.0
	0.57	0.0	0.14	0.29
	1.0	0.0	0.0	0.0
	0.43	0.57	0.0	0.0
	0.71	0.0	0.0	0.29
	0.29	0.0	0.14	0.57
	1.0	0.0	0.0	0.0
	0.86	0.0	0.14	0.0
	1.0	0.0	0.0	0.0
	0.43	0.0	0.57	0.0
	0.71	0.0	0.29	0.0
	0.71	0.29	0.0	0.0
	0.29	0.29	0.0	0.43
	0.43	0.0	0.43	0.14
	0.14	0.86	0.0	0.0
	0.29	0.0	0.0	0.71

MEME version 4

ALPHABET= ACGT

MOTIF chr22:41993515-41993525

letter-probability matrix: alength= 4 w= 10
	0.07	0.57	0.29	0.07
	0.29	0.57	0.07	0.07
	0.86	0.0	0.14	0.0
	0.07	0.0	0.93	0.0
	0.0	1.0	0.0	0.0
	0.0	1.0	0.0	0.0
	0.14	0.07	0.0	0.79
	0.07	0.0	0.93	0.0
	0.0	0.07	0.93	0.0
	0.0	0.0	1.0	0.0

MEME version 4

ALPHABET= ACGT

MOTIF chr22:42076016-42076041

letter-probability matrix: alength= 4 w= 25
	0.57	0.43	0.0	0.0
	1.0	0.0	0.0	0.0
	0.71	0.0	0.14	0.14
	0.14	0.29	0.0	0.57
	0.86	0.0	0.0	0.14
	0.86	0.0	0.14	0.0
	0.71	0.14	0.14	0.0
	1.0	0.0	0.0	0.0
	0.86	0.0	0.0	0.14
	0.29	0.0	0.71	0.0
	0.57	0.0	0.14	0.29
	1.0	0.0	0.0	0.0
	0.43	0.57	0.0	0.0
	0.71	0.0	0.0	0.29
	0.29	0.0	0.14	0.57
	1.0	0.0	0.0	0.0
	0.86	0.0	0.14	0.0
	1.0	0.0	0.0	0.0
	0.43	0.0	0.57	0.0
	0.71	0.0	0.29	0.0
	0.71	0.29	0.0	0.0
	0.29	0.29	0.0	0.43
	0.43	0.0	0.43	0.14
	0.14	0.86	0.0	0.0
	0.29	0.0	0.0	0.71

MEME version 4

ALPHABET= ACGT

MOTIF chr1:23695056-23695066

letter-probability matrix: alength= 4 w= 10
	0.07	0.57	0.29	0.07
	0.29	0.57	0.07	0.07
	0.86	0.0	0.14	0.0
	0.07	0.0	0.93	0.0
	0.0	1.0	0.0	0.0
	0.0	1.0	0.0	0.0
	0.14	0.07	0.0	0.79
	0.07	0.0	0.93	0.0
	0.0	0.07	0.93	0.0
	0.0	0.0	1.0	0.0

MEME version 4

ALPHABET= ACGT

MOTIF chr1:23706401-23706426

letter-probability matrix: alength= 4 w= 25
	0.57	0.43	0.0	0.0
	1.0	0.0	0.0	0.0
	0.71	0.0	0.14	0.14
	0.14	0.29	0.0	0.57
	0.86	0.0	0.0	0.14
	0.86	0.0	0.14	0.0
	0.71	0.14	0.14	0.0
	1.0	0.0	0.0	0.0
	0.86	0.0	0.0	0.14
	0.29	0.0	0.71	0.0
	0.57	0.0	0.14	0.29
	1.0	0.0	0.0	0.0
	0.43	0.57	0.0	0.0
	0.71	0.0	0.0	0.29
	0.29	0.0	0.14	0.57
	1.0	0.0	0.0	0.0
	0.86	0.0	0.14	0.0
	1.0	0.0	0.0	0.0
	0.43	0.0	0.57	0.0
	0.71	0.0	0.29	0.0
	0.71	0.29	0.0	0.0
	0.29	0.29	0.0	0.43
	0.43	0.0	0.43	0.14
	0.14	0.86	0.0	0.0
	0.29	0.0	0.0	0.71

MEME version 4

ALPHABET= ACGT

MOTIF chr20:44577227-44577237

letter-probability matrix: alength= 4 w= 10
	0.07	0.57	0.29	0.07
	0.29	0.57	0.07	0.07
	0.86	0.0	0.14	0.0
	0.07	0.0	0.93	0.0
	0.0	1.0	0.0	0.0
	0.0	1.0	0.0	0.0
	0.14	0.07	0.0	0.79
	0.07	0.0	0.93	0.0
	0.0	0.07	0.93	0.0
	0.0	0.0	1.0	0.0

MEME version 4

ALPHABET= ACGT

MOTIF chr20:44611886-44611911

letter-probability matrix: alength= 4 w= 25
	0.57	0.43	0.0	0.0
	1.0	0.0	0.0	0.0
	0.71	0.0	0.14	0.14
	0.14	0.29	0.0	0.57
	0.86	0.0	0.0	0.14
	0.86	0.0	0.14	0.0
	0.71	0.14	0.14	0.0
	1.0	0.0	0.0	0.0
	0.86	0.0	0.0	0.14
	0.29	0.0	0.71	0.0
	0.57	0.0	0.14	0.29
	1.0	0.0	0.0	0.0
	0.43	0.57	0.0	0.0
	0.71	0.0	0.0	0.29
	0.29	0.0	0.14	0.57
	1.0	0.0	0.0	0.0
	0.86	0.0	0.14	0.0
	1.0	0.0	0.0	0.0
	0.43	0.0	0.57	0.0
	0.71	0.0	0.29	0.0
	0.71	0.29	0.0	0.0
	0.29	0.29	0.0	0.43
	0.43	0.0	0.43	0.14
	0.14	0.86	0.0	0.0
	0.29	0.0	0.0	0.71

MEME version 4

ALPHABET= ACGT

MOTIF chr1:38146335-38146345

letter-probability matrix: alength= 4 w= 10
	0.07	0.57	0.29	0.07
	0.29	0.57	0.07	0.07
	0.86	0.0	0.14	0.0
	0.07	0.0	0.93	0.0
	0.0	1.0	0.0	0.0
	0.0	1.0	0.0	0.0
	0.14	0.07	0.0	0.79
	0.07	0.0	0.93	0.0
	0.0	0.07	0.93	0.0
	0.0	0.0	1.0	0.0

MEME version 4

ALPHABET= ACGT

MOTIF chr1:38147955-38147980

letter-probability matrix: alength= 4 w= 25
	0.57	0.43	0.0	0.0
	1.0	0.0	0.0	0.0
	0.71	0.0	0.14	0.14
	0.14	0.29	0.0	0.57
	0.86	0.0	0.0	0.14
	0.86	0.0	0.14	0.0
	0.71	0.14	0.14	0.0
	1.0	0.0	0.0	0.0
	0.86	0.0	0.0	0.14
	0.29	0.0	0.71	0.0
	0.57	0.0	0.14	0.29
	1.0	0.0	0.0	0.0
	0.43	0.57	0.0	0.0
	0.71	0.0	0.0	0.29
	0.29	0.0	0.14	0.57
	1.0	0.0	0.0	0.0
	0.86	0.0	0.14	0.0
	1.0	0.0	0.0	0.0
	0.43	0.0	0.57	0.0
	0.71	0.0	0.29	0.0
	0.71	0.29	0.0	0.0
	0.29	0.29	0.0	0.43
	0.43	0.0	0.43	0.14
	0.14	0.86	0.0	0.0
	0.29	0.0	0.0	0.71

MEME version 4

ALPHABET= ACGT

MOTIF chr17:40087184-40087194

letter-probability matrix: alength= 4 w= 10
	0.07	0.57	0.29	0.07
	0.29	0.57	0.07	0.07
	0.86	0.0	0.14	0.0
	0.07	0.0	0.93	0.0
	0.0	1.0	0.0	0.0
	0.0	1.0	0.0	0.0
	0.14	0.07	0.0	0.79
	0.07	0.0	0.93	0.0
	0.0	0.07	0.93	0.0
	0.0	0.0	1.0	0.0

MEME version 4

ALPHABET= ACGT

MOTIF chr17:40101595-40101620

letter-probability matrix: alength= 4 w= 25
	0.57	0.43	0.0	0.0
	1.0	0.0	0.0	0.0
	0.71	0.0	0.14	0.14
	0.14	0.29	0.0	0.57
	0.86	0.0	0.0	0.14
	0.86	0.0	0.14	0.0
	0.71	0.14	0.14	0.0
	1.0	0.0	0.0	0.0
	0.86	0.0	0.0	0.14
	0.29	0.0	0.71	0.0
	0.57	0.0	0.14	0.29
	1.0	0.0	0.0	0.0
	0.43	0.57	0.0	0.0
	0.71	0.0	0.0	0.29
	0.29	0.0	0.14	0.57
	1.0	0.0	0.0	0.0
	0.86	0.0	0.14	0.0
	1.0	0.0	0.0	0.0
	0.43	0.0	0.57	0.0
	0.71	0.0	0.29	0.0
	0.71	0.29	0.0	0.0
	0.29	0.29	0.0	0.43
	0.43	0.0	0.43	0.14
	0.14	0.86	0.0	0.0
	0.29	0.0	0.0	0.71

MEME version 4

ALPHABET= ACGT

MOTIF chr17:40022910-40022920

letter-probability matrix: alength= 4 w= 10
	0.07	0.57	0.29	0.07
	0.29	0.57	0.07	0.07
	0.86	0.0	0.14	0.0
	0.07	0.0	0.93	0.0
	0.0	1.0	0.0	0.0
	0.0	1.0	0.0	0.0
	0.14	0.07	0.0	0.79
	0.07	0.0	0.93	0.0
	0.0	0.07	0.93	0.0
	0.0	0.0	1.0	0.0

MEME version 4

ALPHABET= ACGT

MOTIF chr17:40101595-40101620

letter-probability matrix: alength= 4 w= 25
	0.57	0.43	0.0	0.0
	1.0	0.0	0.0	0.0
	0.71	0.0	0.14	0.14
	0.14	0.29	0.0	0.57
	0.86	0.0	0.0	0.14
	0.86	0.0	0.14	0.0
	0.71	0.14	0.14	0.0
	1.0	0.0	0.0	0.0
	0.86	0.0	0.0	0.14
	0.29	0.0	0.71	0.0
	0.57	0.0	0.14	0.29
	1.0	0.0	0.0	0.0
	0.43	0.57	0.0	0.0
	0.71	0.0	0.0	0.29
	0.29	0.0	0.14	0.57
	1.0	0.0	0.0	0.0
	0.86	0.0	0.14	0.0
	1.0	0.0	0.0	0.0
	0.43	0.0	0.57	0.0
	0.71	0.0	0.29	0.0
	0.71	0.29	0.0	0.0
	0.29	0.29	0.0	0.43
	0.43	0.0	0.43	0.14
	0.14	0.86	0.0	0.0
	0.29	0.0	0.0	0.71

MEME version 4

ALPHABET= ACGT

MOTIF chr9:140064190-140064200

letter-probability matrix: alength= 4 w= 10
	0.07	0.57	0.29	0.07
	0.29	0.57	0.07	0.07
	0.86	0.0	0.14	0.0
	0.07	0.0	0.93	0.0
	0.0	1.0	0.0	0.0
	0.0	1.0	0.0	0.0
	0.14	0.07	0.0	0.79
	0.07	0.0	0.93	0.0
	0.0	0.07	0.93	0.0
	0.0	0.0	1.0	0.0

MEME version 4

ALPHABET= ACGT

MOTIF chr9:140026299-140026324

letter-probability matrix: alength= 4 w= 25
	0.57	0.43	0.0	0.0
	1.0	0.0	0.0	0.0
	0.71	0.0	0.14	0.14
	0.14	0.29	0.0	0.57
	0.86	0.0	0.0	0.14
	0.86	0.0	0.14	0.0
	0.71	0.14	0.14	0.0
	1.0	0.0	0.0	0.0
	0.86	0.0	0.0	0.14
	0.29	0.0	0.71	0.0
	0.57	0.0	0.14	0.29
	1.0	0.0	0.0	0.0
	0.43	0.57	0.0	0.0
	0.71	0.0	0.0	0.29
	0.29	0.0	0.14	0.57
	1.0	0.0	0.0	0.0
	0.86	0.0	0.14	0.0
	1.0	0.0	0.0	0.0
	0.43	0.0	0.57	0.0
	0.71	0.0	0.29	0.0
	0.71	0.29	0.0	0.0
	0.29	0.29	0.0	0.43
	0.43	0.0	0.43	0.14
	0.14	0.86	0.0	0.0
	0.29	0.0	0.0	0.71

MEME version 4

ALPHABET= ACGT

MOTIF chr10:115594221-115594231

letter-probability matrix: alength= 4 w= 10
	0.07	0.57	0.29	0.07
	0.29	0.57	0.07	0.07
	0.86	0.0	0.14	0.0
	0.07	0.0	0.93	0.0
	0.0	1.0	0.0	0.0
	0.0	1.0	0.0	0.0
	0.14	0.07	0.0	0.79
	0.07	0.0	0.93	0.0
	0.0	0.07	0.93	0.0
	0.0	0.0	1.0	0.0

MEME version 4

ALPHABET= ACGT

MOTIF chr10:115627720-115627745

letter-probability matrix: alength= 4 w= 25
	0.57	0.43	0.0	0.0
	1.0	0.0	0.0	0.0
	0.71	0.0	0.14	0.14
	0.14	0.29	0.0	0.57
	0.86	0.0	0.0	0.14
	0.86	0.0	0.14	0.0
	0.71	0.14	0.14	0.0
	1.0	0.0	0.0	0.0
	0.86	0.0	0.0	0.14
	0.29	0.0	0.71	0.0
	0.57	0.0	0.14	0.29
	1.0	0.0	0.0	0.0
	0.43	0.57	0.0	0.0
	0.71	0.0	0.0	0.29
	0.29	0.0	0.14	0.57
	1.0	0.0	0.0	0.0
	0.86	0.0	0.14	0.0
	1.0	0.0	0.0	0.0
	0.43	0.0	0.57	0.0
	0.71	0.0	0.29	0.0
	0.71	0.29	0.0	0.0
	0.29	0.29	0.0	0.43
	0.43	0.0	0.43	0.14
	0.14	0.86	0.0	0.0
	0.29	0.0	0.0	0.71

MEME version 4

ALPHABET= ACGT

MOTIF chr3:42589132-42589142

letter-probability matrix: alength= 4 w= 10
	0.07	0.57	0.29	0.07
	0.29	0.57	0.07	0.07
	0.86	0.0	0.14	0.0
	0.07	0.0	0.93	0.0
	0.0	1.0	0.0	0.0
	0.0	1.0	0.0	0.0
	0.14	0.07	0.0	0.79
	0.07	0.0	0.93	0.0
	0.0	0.07	0.93	0.0
	0.0	0.0	1.0	0.0

MEME version 4

ALPHABET= ACGT

MOTIF chr3:42629901-42629926

letter-probability matrix: alength= 4 w= 25
	0.57	0.43	0.0	0.0
	1.0	0.0	0.0	0.0
	0.71	0.0	0.14	0.14
	0.14	0.29	0.0	0.57
	0.86	0.0	0.0	0.14
	0.86	0.0	0.14	0.0
	0.71	0.14	0.14	0.0
	1.0	0.0	0.0	0.0
	0.86	0.0	0.0	0.14
	0.29	0.0	0.71	0.0
	0.57	0.0	0.14	0.29
	1.0	0.0	0.0	0.0
	0.43	0.57	0.0	0.0
	0.71	0.0	0.0	0.29
	0.29	0.0	0.14	0.57
	1.0	0.0	0.0	0.0
	0.86	0.0	0.14	0.0
	1.0	0.0	0.0	0.0
	0.43	0.0	0.57	0.0
	0.71	0.0	0.29	0.0
	0.71	0.29	0.0	0.0
	0.29	0.29	0.0	0.43
	0.43	0.0	0.43	0.14
	0.14	0.86	0.0	0.0
	0.29	0.0	0.0	0.71

MEME version 4

ALPHABET= ACGT

MOTIF chr17:79201323-79201333

letter-probability matrix: alength= 4 w= 10
	0.07	0.57	0.29	0.07
	0.29	0.57	0.07	0.07
	0.86	0.0	0.14	0.0
	0.07	0.0	0.93	0.0
	0.0	1.0	0.0	0.0
	0.0	1.0	0.0	0.0
	0.14	0.07	0.0	0.79
	0.07	0.0	0.93	0.0
	0.0	0.07	0.93	0.0
	0.0	0.0	1.0	0.0

MEME version 4

ALPHABET= ACGT

MOTIF chr17:79184368-79184393

letter-probability matrix: alength= 4 w= 25
	0.57	0.43	0.0	0.0
	1.0	0.0	0.0	0.0
	0.71	0.0	0.14	0.14
	0.14	0.29	0.0	0.57
	0.86	0.0	0.0	0.14
	0.86	0.0	0.14	0.0
	0.71	0.14	0.14	0.0
	1.0	0.0	0.0	0.0
	0.86	0.0	0.0	0.14
	0.29	0.0	0.71	0.0
	0.57	0.0	0.14	0.29
	1.0	0.0	0.0	0.0
	0.43	0.57	0.0	0.0
	0.71	0.0	0.0	0.29
	0.29	0.0	0.14	0.57
	1.0	0.0	0.0	0.0
	0.86	0.0	0.14	0.0
	1.0	0.0	0.0	0.0
	0.43	0.0	0.57	0.0
	0.71	0.0	0.29	0.0
	0.71	0.29	0.0	0.0
	0.29	0.29	0.0	0.43
	0.43	0.0	0.43	0.14
	0.14	0.86	0.0	0.0
	0.29	0.0	0.0	0.71

MEME version 4

ALPHABET= ACGT

MOTIF chr7:66452329-66452339

letter-probability matrix: alength= 4 w= 10
	0.07	0.57	0.29	0.07
	0.29	0.57	0.07	0.07
	0.86	0.0	0.14	0.0
	0.07	0.0	0.93	0.0
	0.0	1.0	0.0	0.0
	0.0	1.0	0.0	0.0
	0.14	0.07	0.0	0.79
	0.07	0.0	0.93	0.0
	0.0	0.07	0.93	0.0
	0.0	0.0	1.0	0.0

MEME version 4

ALPHABET= ACGT

MOTIF chr7:66429665-66429690

letter-probability matrix: alength= 4 w= 25
	0.57	0.43	0.0	0.0
	1.0	0.0	0.0	0.0
	0.71	0.0	0.14	0.14
	0.14	0.29	0.0	0.57
	0.86	0.0	0.0	0.14
	0.86	0.0	0.14	0.0
	0.71	0.14	0.14	0.0
	1.0	0.0	0.0	0.0
	0.86	0.0	0.0	0.14
	0.29	0.0	0.71	0.0
	0.57	0.0	0.14	0.29
	1.0	0.0	0.0	0.0
	0.43	0.57	0.0	0.0
	0.71	0.0	0.0	0.29
	0.29	0.0	0.14	0.57
	1.0	0.0	0.0	0.0
	0.86	0.0	0.14	0.0
	1.0	0.0	0.0	0.0
	0.43	0.0	0.57	0.0
	0.71	0.0	0.29	0.0
	0.71	0.29	0.0	0.0
	0.29	0.29	0.0	0.43
	0.43	0.0	0.43	0.14
	0.14	0.86	0.0	0.0
	0.29	0.0	0.0	0.71

MEME version 4

ALPHABET= ACGT

MOTIF chr20:44601779-44601789

letter-probability matrix: alength= 4 w= 10
	0.07	0.57	0.29	0.07
	0.29	0.57	0.07	0.07
	0.86	0.0	0.14	0.0
	0.07	0.0	0.93	0.0
	0.0	1.0	0.0	0.0
	0.0	1.0	0.0	0.0
	0.14	0.07	0.0	0.79
	0.07	0.0	0.93	0.0
	0.0	0.07	0.93	0.0
	0.0	0.0	1.0	0.0

MEME version 4

ALPHABET= ACGT

MOTIF chr20:44611886-44611911

letter-probability matrix: alength= 4 w= 25
	0.57	0.43	0.0	0.0
	1.0	0.0	0.0	0.0
	0.71	0.0	0.14	0.14
	0.14	0.29	0.0	0.57
	0.86	0.0	0.0	0.14
	0.86	0.0	0.14	0.0
	0.71	0.14	0.14	0.0
	1.0	0.0	0.0	0.0
	0.86	0.0	0.0	0.14
	0.29	0.0	0.71	0.0
	0.57	0.0	0.14	0.29
	1.0	0.0	0.0	0.0
	0.43	0.57	0.0	0.0
	0.71	0.0	0.0	0.29
	0.29	0.0	0.14	0.57
	1.0	0.0	0.0	0.0
	0.86	0.0	0.14	0.0
	1.0	0.0	0.0	0.0
	0.43	0.0	0.57	0.0
	0.71	0.0	0.29	0.0
	0.71	0.29	0.0	0.0
	0.29	0.29	0.0	0.43
	0.43	0.0	0.43	0.14
	0.14	0.86	0.0	0.0
	0.29	0.0	0.0	0.71

MEME version 4

ALPHABET= ACGT

MOTIF chr20:32238109-32238119

letter-probability matrix: alength= 4 w= 10
	0.07	0.57	0.29	0.07
	0.29	0.57	0.07	0.07
	0.86	0.0	0.14	0.0
	0.07	0.0	0.93	0.0
	0.0	1.0	0.0	0.0
	0.0	1.0	0.0	0.0
	0.14	0.07	0.0	0.79
	0.07	0.0	0.93	0.0
	0.0	0.07	0.93	0.0
	0.0	0.0	1.0	0.0

MEME version 4

ALPHABET= ACGT

MOTIF chr20:32114862-32114887

letter-probability matrix: alength= 4 w= 25
	0.57	0.43	0.0	0.0
	1.0	0.0	0.0	0.0
	0.71	0.0	0.14	0.14
	0.14	0.29	0.0	0.57
	0.86	0.0	0.0	0.14
	0.86	0.0	0.14	0.0
	0.71	0.14	0.14	0.0
	1.0	0.0	0.0	0.0
	0.86	0.0	0.0	0.14
	0.29	0.0	0.71	0.0
	0.57	0.0	0.14	0.29
	1.0	0.0	0.0	0.0
	0.43	0.57	0.0	0.0
	0.71	0.0	0.0	0.29
	0.29	0.0	0.14	0.57
	1.0	0.0	0.0	0.0
	0.86	0.0	0.14	0.0
	1.0	0.0	0.0	0.0
	0.43	0.0	0.57	0.0
	0.71	0.0	0.29	0.0
	0.71	0.29	0.0	0.0
	0.29	0.29	0.0	0.43
	0.43	0.0	0.43	0.14
	0.14	0.86	0.0	0.0
	0.29	0.0	0.0	0.71

MEME version 4

ALPHABET= ACGT

MOTIF chr2:69622467-69622477

letter-probability matrix: alength= 4 w= 10
	0.07	0.57	0.29	0.07
	0.29	0.57	0.07	0.07
	0.86	0.0	0.14	0.0
	0.07	0.0	0.93	0.0
	0.0	1.0	0.0	0.0
	0.0	1.0	0.0	0.0
	0.14	0.07	0.0	0.79
	0.07	0.0	0.93	0.0
	0.0	0.07	0.93	0.0
	0.0	0.0	1.0	0.0

MEME version 4

ALPHABET= ACGT

MOTIF chr2:69684664-69684689

letter-probability matrix: alength= 4 w= 25
	0.57	0.43	0.0	0.0
	1.0	0.0	0.0	0.0
	0.71	0.0	0.14	0.14
	0.14	0.29	0.0	0.57
	0.86	0.0	0.0	0.14
	0.86	0.0	0.14	0.0
	0.71	0.14	0.14	0.0
	1.0	0.0	0.0	0.0
	0.86	0.0	0.0	0.14
	0.29	0.0	0.71	0.0
	0.57	0.0	0.14	0.29
	1.0	0.0	0.0	0.0
	0.43	0.57	0.0	0.0
	0.71	0.0	0.0	0.29
	0.29	0.0	0.14	0.57
	1.0	0.0	0.0	0.0
	0.86	0.0	0.14	0.0
	1.0	0.0	0.0	0.0
	0.43	0.0	0.57	0.0
	0.71	0.0	0.29	0.0
	0.71	0.29	0.0	0.0
	0.29	0.29	0.0	0.43
	0.43	0.0	0.43	0.14
	0.14	0.86	0.0	0.0
	0.29	0.0	0.0	0.71

MEME version 4

ALPHABET= ACGT

MOTIF chr7:143050060-143050070

letter-probability matrix: alength= 4 w= 10
	0.07	0.57	0.29	0.07
	0.29	0.57	0.07	0.07
	0.86	0.0	0.14	0.0
	0.07	0.0	0.93	0.0
	0.0	1.0	0.0	0.0
	0.0	1.0	0.0	0.0
	0.14	0.07	0.0	0.79
	0.07	0.0	0.93	0.0
	0.0	0.07	0.93	0.0
	0.0	0.0	1.0	0.0

MEME version 4

ALPHABET= ACGT

MOTIF chr7:143004013-143004038

letter-probability matrix: alength= 4 w= 25
	0.57	0.43	0.0	0.0
	1.0	0.0	0.0	0.0
	0.71	0.0	0.14	0.14
	0.14	0.29	0.0	0.57
	0.86	0.0	0.0	0.14
	0.86	0.0	0.14	0.0
	0.71	0.14	0.14	0.0
	1.0	0.0	0.0	0.0
	0.86	0.0	0.0	0.14
	0.29	0.0	0.71	0.0
	0.57	0.0	0.14	0.29
	1.0	0.0	0.0	0.0
	0.43	0.57	0.0	0.0
	0.71	0.0	0.0	0.29
	0.29	0.0	0.14	0.57
	1.0	0.0	0.0	0.0
	0.86	0.0	0.14	0.0
	1.0	0.0	0.0	0.0
	0.43	0.0	0.57	0.0
	0.71	0.0	0.29	0.0
	0.71	0.29	0.0	0.0
	0.29	0.29	0.0	0.43
	0.43	0.0	0.43	0.14
	0.14	0.86	0.0	0.0
	0.29	0.0	0.0	0.71

MEME version 4

ALPHABET= ACGT

MOTIF chr14:31568771-31568781

letter-probability matrix: alength= 4 w= 10
	0.07	0.57	0.29	0.07
	0.29	0.57	0.07	0.07
	0.86	0.0	0.14	0.0
	0.07	0.0	0.93	0.0
	0.0	1.0	0.0	0.0
	0.0	1.0	0.0	0.0
	0.14	0.07	0.0	0.79
	0.07	0.0	0.93	0.0
	0.0	0.07	0.93	0.0
	0.0	0.0	1.0	0.0

MEME version 4

ALPHABET= ACGT

MOTIF chr14:31682597-31682622

letter-probability matrix: alength= 4 w= 25
	0.57	0.43	0.0	0.0
	1.0	0.0	0.0	0.0
	0.71	0.0	0.14	0.14
	0.14	0.29	0.0	0.57
	0.86	0.0	0.0	0.14
	0.86	0.0	0.14	0.0
	0.71	0.14	0.14	0.0
	1.0	0.0	0.0	0.0
	0.86	0.0	0.0	0.14
	0.29	0.0	0.71	0.0
	0.57	0.0	0.14	0.29
	1.0	0.0	0.0	0.0
	0.43	0.57	0.0	0.0
	0.71	0.0	0.0	0.29
	0.29	0.0	0.14	0.57
	1.0	0.0	0.0	0.0
	0.86	0.0	0.14	0.0
	1.0	0.0	0.0	0.0
	0.43	0.0	0.57	0.0
	0.71	0.0	0.29	0.0
	0.71	0.29	0.0	0.0
	0.29	0.29	0.0	0.43
	0.43	0.0	0.43	0.14
	0.14	0.86	0.0	0.0
	0.29	0.0	0.0	0.71

MEME version 4

ALPHABET= ACGT

MOTIF chr12:133298149-133298159

letter-probability matrix: alength= 4 w= 10
	0.07	0.57	0.29	0.07
	0.29	0.57	0.07	0.07
	0.86	0.0	0.14	0.0
	0.07	0.0	0.93	0.0
	0.0	1.0	0.0	0.0
	0.0	1.0	0.0	0.0
	0.14	0.07	0.0	0.79
	0.07	0.0	0.93	0.0
	0.0	0.07	0.93	0.0
	0.0	0.0	1.0	0.0

MEME version 4

ALPHABET= ACGT

MOTIF chr12:133216614-133216639

letter-probability matrix: alength= 4 w= 25
	0.57	0.43	0.0	0.0
	1.0	0.0	0.0	0.0
	0.71	0.0	0.14	0.14
	0.14	0.29	0.0	0.57
	0.86	0.0	0.0	0.14
	0.86	0.0	0.14	0.0
	0.71	0.14	0.14	0.0
	1.0	0.0	0.0	0.0
	0.86	0.0	0.0	0.14
	0.29	0.0	0.71	0.0
	0.57	0.0	0.14	0.29
	1.0	0.0	0.0	0.0
	0.43	0.57	0.0	0.0
	0.71	0.0	0.0	0.29
	0.29	0.0	0.14	0.57
	1.0	0.0	0.0	0.0
	0.86	0.0	0.14	0.0
	1.0	0.0	0.0	0.0
	0.43	0.0	0.57	0.0
	0.71	0.0	0.29	0.0
	0.71	0.29	0.0	0.0
	0.29	0.29	0.0	0.43
	0.43	0.0	0.43	0.14
	0.14	0.86	0.0	0.0
	0.29	0.0	0.0	0.71

MEME version 4

ALPHABET= ACGT

MOTIF chr3:15485067-15485077

letter-probability matrix: alength= 4 w= 10
	0.07	0.57	0.29	0.07
	0.29	0.57	0.07	0.07
	0.86	0.0	0.14	0.0
	0.07	0.0	0.93	0.0
	0.0	1.0	0.0	0.0
	0.0	1.0	0.0	0.0
	0.14	0.07	0.0	0.79
	0.07	0.0	0.93	0.0
	0.0	0.07	0.93	0.0
	0.0	0.0	1.0	0.0

MEME version 4

ALPHABET= ACGT

MOTIF chr3:15499471-15499496

letter-probability matrix: alength= 4 w= 25
	0.57	0.43	0.0	0.0
	1.0	0.0	0.0	0.0
	0.71	0.0	0.14	0.14
	0.14	0.29	0.0	0.57
	0.86	0.0	0.0	0.14
	0.86	0.0	0.14	0.0
	0.71	0.14	0.14	0.0
	1.0	0.0	0.0	0.0
	0.86	0.0	0.0	0.14
	0.29	0.0	0.71	0.0
	0.57	0.0	0.14	0.29
	1.0	0.0	0.0	0.0
	0.43	0.57	0.0	0.0
	0.71	0.0	0.0	0.29
	0.29	0.0	0.14	0.57
	1.0	0.0	0.0	0.0
	0.86	0.0	0.14	0.0
	1.0	0.0	0.0	0.0
	0.43	0.0	0.57	0.0
	0.71	0.0	0.29	0.0
	0.71	0.29	0.0	0.0
	0.29	0.29	0.0	0.43
	0.43	0.0	0.43	0.14
	0.14	0.86	0.0	0.0
	0.29	0.0	0.0	0.71

MEME version 4

ALPHABET= ACGT

MOTIF chr20:32077604-32077614

letter-probability matrix: alength= 4 w= 10
	0.07	0.57	0.29	0.07
	0.29	0.57	0.07	0.07
	0.86	0.0	0.14	0.0
	0.07	0.0	0.93	0.0
	0.0	1.0	0.0	0.0
	0.0	1.0	0.0	0.0
	0.14	0.07	0.0	0.79
	0.07	0.0	0.93	0.0
	0.0	0.07	0.93	0.0
	0.0	0.0	1.0	0.0

MEME version 4

ALPHABET= ACGT

MOTIF chr20:32114862-32114887

letter-probability matrix: alength= 4 w= 25
	0.57	0.43	0.0	0.0
	1.0	0.0	0.0	0.0
	0.71	0.0	0.14	0.14
	0.14	0.29	0.0	0.57
	0.86	0.0	0.0	0.14
	0.86	0.0	0.14	0.0
	0.71	0.14	0.14	0.0
	1.0	0.0	0.0	0.0
	0.86	0.0	0.0	0.14
	0.29	0.0	0.71	0.0
	0.57	0.0	0.14	0.29
	1.0	0.0	0.0	0.0
	0.43	0.57	0.0	0.0
	0.71	0.0	0.0	0.29
	0.29	0.0	0.14	0.57
	1.0	0.0	0.0	0.0
	0.86	0.0	0.14	0.0
	1.0	0.0	0.0	0.0
	0.43	0.0	0.57	0.0
	0.71	0.0	0.29	0.0
	0.71	0.29	0.0	0.0
	0.29	0.29	0.0	0.43
	0.43	0.0	0.43	0.14
	0.14	0.86	0.0	0.0
	0.29	0.0	0.0	0.71

MEME version 4

ALPHABET= ACGT

MOTIF chr2:209223679-209223689

letter-probability matrix: alength= 4 w= 10
	0.07	0.57	0.29	0.07
	0.29	0.57	0.07	0.07
	0.86	0.0	0.14	0.0
	0.07	0.0	0.93	0.0
	0.0	1.0	0.0	0.0
	0.0	1.0	0.0	0.0
	0.14	0.07	0.0	0.79
	0.07	0.0	0.93	0.0
	0.0	0.07	0.93	0.0
	0.0	0.0	1.0	0.0

MEME version 4

ALPHABET= ACGT

MOTIF chr2:209150620-209150645

letter-probability matrix: alength= 4 w= 25
	0.57	0.43	0.0	0.0
	1.0	0.0	0.0	0.0
	0.71	0.0	0.14	0.14
	0.14	0.29	0.0	0.57
	0.86	0.0	0.0	0.14
	0.86	0.0	0.14	0.0
	0.71	0.14	0.14	0.0
	1.0	0.0	0.0	0.0
	0.86	0.0	0.0	0.14
	0.29	0.0	0.71	0.0
	0.57	0.0	0.14	0.29
	1.0	0.0	0.0	0.0
	0.43	0.57	0.0	0.0
	0.71	0.0	0.0	0.29
	0.29	0.0	0.14	0.57
	1.0	0.0	0.0	0.0
	0.86	0.0	0.14	0.0
	1.0	0.0	0.0	0.0
	0.43	0.0	0.57	0.0
	0.71	0.0	0.29	0.0
	0.71	0.29	0.0	0.0
	0.29	0.29	0.0	0.43
	0.43	0.0	0.43	0.14
	0.14	0.86	0.0	0.0
	0.29	0.0	0.0	0.71

MEME version 4

ALPHABET= ACGT

MOTIF chr2:24287185-24287195

letter-probability matrix: alength= 4 w= 10
	0.07	0.57	0.29	0.07
	0.29	0.57	0.07	0.07
	0.86	0.0	0.14	0.0
	0.07	0.0	0.93	0.0
	0.0	1.0	0.0	0.0
	0.0	1.0	0.0	0.0
	0.14	0.07	0.0	0.79
	0.07	0.0	0.93	0.0
	0.0	0.07	0.93	0.0
	0.0	0.0	1.0	0.0

MEME version 4

ALPHABET= ACGT

MOTIF chr2:24281071-24281096

letter-probability matrix: alength= 4 w= 25
	0.57	0.43	0.0	0.0
	1.0	0.0	0.0	0.0
	0.71	0.0	0.14	0.14
	0.14	0.29	0.0	0.57
	0.86	0.0	0.0	0.14
	0.86	0.0	0.14	0.0
	0.71	0.14	0.14	0.0
	1.0	0.0	0.0	0.0
	0.86	0.0	0.0	0.14
	0.29	0.0	0.71	0.0
	0.57	0.0	0.14	0.29
	1.0	0.0	0.0	0.0
	0.43	0.57	0.0	0.0
	0.71	0.0	0.0	0.29
	0.29	0.0	0.14	0.57
	1.0	0.0	0.0	0.0
	0.86	0.0	0.14	0.0
	1.0	0.0	0.0	0.0
	0.43	0.0	0.57	0.0
	0.71	0.0	0.29	0.0
	0.71	0.29	0.0	0.0
	0.29	0.29	0.0	0.43
	0.43	0.0	0.43	0.14
	0.14	0.86	0.0	0.0
	0.29	0.0	0.0	0.71

MEME version 4

ALPHABET= ACGT

MOTIF chr19:55692124-55692134

letter-probability matrix: alength= 4 w= 10
	0.07	0.57	0.29	0.07
	0.29	0.57	0.07	0.07
	0.86	0.0	0.14	0.0
	0.07	0.0	0.93	0.0
	0.0	1.0	0.0	0.0
	0.0	1.0	0.0	0.0
	0.14	0.07	0.0	0.79
	0.07	0.0	0.93	0.0
	0.0	0.07	0.93	0.0
	0.0	0.0	1.0	0.0

MEME version 4

ALPHABET= ACGT

MOTIF chr19:55696622-55696647

letter-probability matrix: alength= 4 w= 25
	0.57	0.43	0.0	0.0
	1.0	0.0	0.0	0.0
	0.71	0.0	0.14	0.14
	0.14	0.29	0.0	0.57
	0.86	0.0	0.0	0.14
	0.86	0.0	0.14	0.0
	0.71	0.14	0.14	0.0
	1.0	0.0	0.0	0.0
	0.86	0.0	0.0	0.14
	0.29	0.0	0.71	0.0
	0.57	0.0	0.14	0.29
	1.0	0.0	0.0	0.0
	0.43	0.57	0.0	0.0
	0.71	0.0	0.0	0.29
	0.29	0.0	0.14	0.57
	1.0	0.0	0.0	0.0
	0.86	0.0	0.14	0.0
	1.0	0.0	0.0	0.0
	0.43	0.0	0.57	0.0
	0.71	0.0	0.29	0.0
	0.71	0.29	0.0	0.0
	0.29	0.29	0.0	0.43
	0.43	0.0	0.43	0.14
	0.14	0.86	0.0	0.0
	0.29	0.0	0.0	0.71

MEME version 4

ALPHABET= ACGT

MOTIF chr1:29137686-29137696

letter-probability matrix: alength= 4 w= 10
	0.07	0.57	0.29	0.07
	0.29	0.57	0.07	0.07
	0.86	0.0	0.14	0.0
	0.07	0.0	0.93	0.0
	0.0	1.0	0.0	0.0
	0.0	1.0	0.0	0.0
	0.14	0.07	0.0	0.79
	0.07	0.0	0.93	0.0
	0.0	0.07	0.93	0.0
	0.0	0.0	1.0	0.0

MEME version 4

ALPHABET= ACGT

MOTIF chr1:29112212-29112237

letter-probability matrix: alength= 4 w= 25
	0.57	0.43	0.0	0.0
	1.0	0.0	0.0	0.0
	0.71	0.0	0.14	0.14
	0.14	0.29	0.0	0.57
	0.86	0.0	0.0	0.14
	0.86	0.0	0.14	0.0
	0.71	0.14	0.14	0.0
	1.0	0.0	0.0	0.0
	0.86	0.0	0.0	0.14
	0.29	0.0	0.71	0.0
	0.57	0.0	0.14	0.29
	1.0	0.0	0.0	0.0
	0.43	0.57	0.0	0.0
	0.71	0.0	0.0	0.29
	0.29	0.0	0.14	0.57
	1.0	0.0	0.0	0.0
	0.86	0.0	0.14	0.0
	1.0	0.0	0.0	0.0
	0.43	0.0	0.57	0.0
	0.71	0.0	0.29	0.0
	0.71	0.29	0.0	0.0
	0.29	0.29	0.0	0.43
	0.43	0.0	0.43	0.14
	0.14	0.86	0.0	0.0
	0.29	0.0	0.0	0.71

MEME version 4

ALPHABET= ACGT

MOTIF chr16:67263818-67263828

letter-probability matrix: alength= 4 w= 10
	0.07	0.57	0.29	0.07
	0.29	0.57	0.07	0.07
	0.86	0.0	0.14	0.0
	0.07	0.0	0.93	0.0
	0.0	1.0	0.0	0.0
	0.0	1.0	0.0	0.0
	0.14	0.07	0.0	0.79
	0.07	0.0	0.93	0.0
	0.0	0.07	0.93	0.0
	0.0	0.0	1.0	0.0

MEME version 4

ALPHABET= ACGT

MOTIF chr16:67254563-67254588

letter-probability matrix: alength= 4 w= 25
	0.57	0.43	0.0	0.0
	1.0	0.0	0.0	0.0
	0.71	0.0	0.14	0.14
	0.14	0.29	0.0	0.57
	0.86	0.0	0.0	0.14
	0.86	0.0	0.14	0.0
	0.71	0.14	0.14	0.0
	1.0	0.0	0.0	0.0
	0.86	0.0	0.0	0.14
	0.29	0.0	0.71	0.0
	0.57	0.0	0.14	0.29
	1.0	0.0	0.0	0.0
	0.43	0.57	0.0	0.0
	0.71	0.0	0.0	0.29
	0.29	0.0	0.14	0.57
	1.0	0.0	0.0	0.0
	0.86	0.0	0.14	0.0
	1.0	0.0	0.0	0.0
	0.43	0.0	0.57	0.0
	0.71	0.0	0.29	0.0
	0.71	0.29	0.0	0.0
	0.29	0.29	0.0	0.43
	0.43	0.0	0.43	0.14
	0.14	0.86	0.0	0.0
	0.29	0.0	0.0	0.71

MEME version 4

ALPHABET= ACGT

MOTIF chr12:58017031-58017041

letter-probability matrix: alength= 4 w= 10
	0.07	0.57	0.29	0.07
	0.29	0.57	0.07	0.07
	0.86	0.0	0.14	0.0
	0.07	0.0	0.93	0.0
	0.0	1.0	0.0	0.0
	0.0	1.0	0.0	0.0
	0.14	0.07	0.0	0.79
	0.07	0.0	0.93	0.0
	0.0	0.07	0.93	0.0
	0.0	0.0	1.0	0.0

MEME version 4

ALPHABET= ACGT

MOTIF chr12:58017835-58017860

letter-probability matrix: alength= 4 w= 25
	0.57	0.43	0.0	0.0
	1.0	0.0	0.0	0.0
	0.71	0.0	0.14	0.14
	0.14	0.29	0.0	0.57
	0.86	0.0	0.0	0.14
	0.86	0.0	0.14	0.0
	0.71	0.14	0.14	0.0
	1.0	0.0	0.0	0.0
	0.86	0.0	0.0	0.14
	0.29	0.0	0.71	0.0
	0.57	0.0	0.14	0.29
	1.0	0.0	0.0	0.0
	0.43	0.57	0.0	0.0
	0.71	0.0	0.0	0.29
	0.29	0.0	0.14	0.57
	1.0	0.0	0.0	0.0
	0.86	0.0	0.14	0.0
	1.0	0.0	0.0	0.0
	0.43	0.0	0.57	0.0
	0.71	0.0	0.29	0.0
	0.71	0.29	0.0	0.0
	0.29	0.29	0.0	0.43
	0.43	0.0	0.43	0.14
	0.14	0.86	0.0	0.0
	0.29	0.0	0.0	0.71

MEME version 4

ALPHABET= ACGT

MOTIF chr16:19533594-19533604

letter-probability matrix: alength= 4 w= 10
	0.07	0.57	0.29	0.07
	0.29	0.57	0.07	0.07
	0.86	0.0	0.14	0.0
	0.07	0.0	0.93	0.0
	0.0	1.0	0.0	0.0
	0.0	1.0	0.0	0.0
	0.14	0.07	0.0	0.79
	0.07	0.0	0.93	0.0
	0.0	0.07	0.93	0.0
	0.0	0.0	1.0	0.0

MEME version 4

ALPHABET= ACGT

MOTIF chr16:19565229-19565254

letter-probability matrix: alength= 4 w= 25
	0.57	0.43	0.0	0.0
	1.0	0.0	0.0	0.0
	0.71	0.0	0.14	0.14
	0.14	0.29	0.0	0.57
	0.86	0.0	0.0	0.14
	0.86	0.0	0.14	0.0
	0.71	0.14	0.14	0.0
	1.0	0.0	0.0	0.0
	0.86	0.0	0.0	0.14
	0.29	0.0	0.71	0.0
	0.57	0.0	0.14	0.29
	1.0	0.0	0.0	0.0
	0.43	0.57	0.0	0.0
	0.71	0.0	0.0	0.29
	0.29	0.0	0.14	0.57
	1.0	0.0	0.0	0.0
	0.86	0.0	0.14	0.0
	1.0	0.0	0.0	0.0
	0.43	0.0	0.57	0.0
	0.71	0.0	0.29	0.0
	0.71	0.29	0.0	0.0
	0.29	0.29	0.0	0.43
	0.43	0.0	0.43	0.14
	0.14	0.86	0.0	0.0
	0.29	0.0	0.0	0.71

MEME version 4

ALPHABET= ACGT

MOTIF chr16:18802562-18802572

letter-probability matrix: alength= 4 w= 10
	0.07	0.57	0.29	0.07
	0.29	0.57	0.07	0.07
	0.86	0.0	0.14	0.0
	0.07	0.0	0.93	0.0
	0.0	1.0	0.0	0.0
	0.0	1.0	0.0	0.0
	0.14	0.07	0.0	0.79
	0.07	0.0	0.93	0.0
	0.0	0.07	0.93	0.0
	0.0	0.0	1.0	0.0

MEME version 4

ALPHABET= ACGT

MOTIF chr16:18827380-18827405

letter-probability matrix: alength= 4 w= 25
	0.57	0.43	0.0	0.0
	1.0	0.0	0.0	0.0
	0.71	0.0	0.14	0.14
	0.14	0.29	0.0	0.57
	0.86	0.0	0.0	0.14
	0.86	0.0	0.14	0.0
	0.71	0.14	0.14	0.0
	1.0	0.0	0.0	0.0
	0.86	0.0	0.0	0.14
	0.29	0.0	0.71	0.0
	0.57	0.0	0.14	0.29
	1.0	0.0	0.0	0.0
	0.43	0.57	0.0	0.0
	0.71	0.0	0.0	0.29
	0.29	0.0	0.14	0.57
	1.0	0.0	0.0	0.0
	0.86	0.0	0.14	0.0
	1.0	0.0	0.0	0.0
	0.43	0.0	0.57	0.0
	0.71	0.0	0.29	0.0
	0.71	0.29	0.0	0.0
	0.29	0.29	0.0	0.43
	0.43	0.0	0.43	0.14
	0.14	0.86	0.0	0.0
	0.29	0.0	0.0	0.71

MEME version 4

ALPHABET= ACGT

MOTIF chr4:103715353-103715363

letter-probability matrix: alength= 4 w= 10
	0.07	0.57	0.29	0.07
	0.29	0.57	0.07	0.07
	0.86	0.0	0.14	0.0
	0.07	0.0	0.93	0.0
	0.0	1.0	0.0	0.0
	0.0	1.0	0.0	0.0
	0.14	0.07	0.0	0.79
	0.07	0.0	0.93	0.0
	0.0	0.07	0.93	0.0
	0.0	0.0	1.0	0.0

MEME version 4

ALPHABET= ACGT

MOTIF chr4:103776537-103776562

letter-probability matrix: alength= 4 w= 25
	0.57	0.43	0.0	0.0
	1.0	0.0	0.0	0.0
	0.71	0.0	0.14	0.14
	0.14	0.29	0.0	0.57
	0.86	0.0	0.0	0.14
	0.86	0.0	0.14	0.0
	0.71	0.14	0.14	0.0
	1.0	0.0	0.0	0.0
	0.86	0.0	0.0	0.14
	0.29	0.0	0.71	0.0
	0.57	0.0	0.14	0.29
	1.0	0.0	0.0	0.0
	0.43	0.57	0.0	0.0
	0.71	0.0	0.0	0.29
	0.29	0.0	0.14	0.57
	1.0	0.0	0.0	0.0
	0.86	0.0	0.14	0.0
	1.0	0.0	0.0	0.0
	0.43	0.0	0.57	0.0
	0.71	0.0	0.29	0.0
	0.71	0.29	0.0	0.0
	0.29	0.29	0.0	0.43
	0.43	0.0	0.43	0.14
	0.14	0.86	0.0	0.0
	0.29	0.0	0.0	0.71

MEME version 4

ALPHABET= ACGT

MOTIF chr19:14170107-14170117

letter-probability matrix: alength= 4 w= 10
	0.07	0.57	0.29	0.07
	0.29	0.57	0.07	0.07
	0.86	0.0	0.14	0.0
	0.07	0.0	0.93	0.0
	0.0	1.0	0.0	0.0
	0.0	1.0	0.0	0.0
	0.14	0.07	0.0	0.79
	0.07	0.0	0.93	0.0
	0.0	0.07	0.93	0.0
	0.0	0.0	1.0	0.0

MEME version 4

ALPHABET= ACGT

MOTIF chr19:14177161-14177186

letter-probability matrix: alength= 4 w= 25
	0.57	0.43	0.0	0.0
	1.0	0.0	0.0	0.0
	0.71	0.0	0.14	0.14
	0.14	0.29	0.0	0.57
	0.86	0.0	0.0	0.14
	0.86	0.0	0.14	0.0
	0.71	0.14	0.14	0.0
	1.0	0.0	0.0	0.0
	0.86	0.0	0.0	0.14
	0.29	0.0	0.71	0.0
	0.57	0.0	0.14	0.29
	1.0	0.0	0.0	0.0
	0.43	0.57	0.0	0.0
	0.71	0.0	0.0	0.29
	0.29	0.0	0.14	0.57
	1.0	0.0	0.0	0.0
	0.86	0.0	0.14	0.0
	1.0	0.0	0.0	0.0
	0.43	0.0	0.57	0.0
	0.71	0.0	0.29	0.0
	0.71	0.29	0.0	0.0
	0.29	0.29	0.0	0.43
	0.43	0.0	0.43	0.14
	0.14	0.86	0.0	0.0
	0.29	0.0	0.0	0.71

MEME version 4

ALPHABET= ACGT

MOTIF chr1:161148069-161148079

letter-probability matrix: alength= 4 w= 10
	0.07	0.57	0.29	0.07
	0.29	0.57	0.07	0.07
	0.86	0.0	0.14	0.0
	0.07	0.0	0.93	0.0
	0.0	1.0	0.0	0.0
	0.0	1.0	0.0	0.0
	0.14	0.07	0.0	0.79
	0.07	0.0	0.93	0.0
	0.0	0.07	0.93	0.0
	0.0	0.0	1.0	0.0

MEME version 4

ALPHABET= ACGT

MOTIF chr1:161124782-161124807

letter-probability matrix: alength= 4 w= 25
	0.57	0.43	0.0	0.0
	1.0	0.0	0.0	0.0
	0.71	0.0	0.14	0.14
	0.14	0.29	0.0	0.57
	0.86	0.0	0.0	0.14
	0.86	0.0	0.14	0.0
	0.71	0.14	0.14	0.0
	1.0	0.0	0.0	0.0
	0.86	0.0	0.0	0.14
	0.29	0.0	0.71	0.0
	0.57	0.0	0.14	0.29
	1.0	0.0	0.0	0.0
	0.43	0.57	0.0	0.0
	0.71	0.0	0.0	0.29
	0.29	0.0	0.14	0.57
	1.0	0.0	0.0	0.0
	0.86	0.0	0.14	0.0
	1.0	0.0	0.0	0.0
	0.43	0.0	0.57	0.0
	0.71	0.0	0.29	0.0
	0.71	0.29	0.0	0.0
	0.29	0.29	0.0	0.43
	0.43	0.0	0.43	0.14
	0.14	0.86	0.0	0.0
	0.29	0.0	0.0	0.71

MEME version 4

ALPHABET= ACGT

MOTIF chr7:75676548-75676558

letter-probability matrix: alength= 4 w= 10
	0.07	0.57	0.29	0.07
	0.29	0.57	0.07	0.07
	0.86	0.0	0.14	0.0
	0.07	0.0	0.93	0.0
	0.0	1.0	0.0	0.0
	0.0	1.0	0.0	0.0
	0.14	0.07	0.0	0.79
	0.07	0.0	0.93	0.0
	0.0	0.07	0.93	0.0
	0.0	0.0	1.0	0.0

MEME version 4

ALPHABET= ACGT

MOTIF chr7:75649248-75649273

letter-probability matrix: alength= 4 w= 25
	0.57	0.43	0.0	0.0
	1.0	0.0	0.0	0.0
	0.71	0.0	0.14	0.14
	0.14	0.29	0.0	0.57
	0.86	0.0	0.0	0.14
	0.86	0.0	0.14	0.0
	0.71	0.14	0.14	0.0
	1.0	0.0	0.0	0.0
	0.86	0.0	0.0	0.14
	0.29	0.0	0.71	0.0
	0.57	0.0	0.14	0.29
	1.0	0.0	0.0	0.0
	0.43	0.57	0.0	0.0
	0.71	0.0	0.0	0.29
	0.29	0.0	0.14	0.57
	1.0	0.0	0.0	0.0
	0.86	0.0	0.14	0.0
	1.0	0.0	0.0	0.0
	0.43	0.0	0.57	0.0
	0.71	0.0	0.29	0.0
	0.71	0.29	0.0	0.0
	0.29	0.29	0.0	0.43
	0.43	0.0	0.43	0.14
	0.14	0.86	0.0	0.0
	0.29	0.0	0.0	0.71

MEME version 4

ALPHABET= ACGT

MOTIF chr5:112211700-112211710

letter-probability matrix: alength= 4 w= 10
	0.07	0.57	0.29	0.07
	0.29	0.57	0.07	0.07
	0.86	0.0	0.14	0.0
	0.07	0.0	0.93	0.0
	0.0	1.0	0.0	0.0
	0.0	1.0	0.0	0.0
	0.14	0.07	0.0	0.79
	0.07	0.0	0.93	0.0
	0.0	0.07	0.93	0.0
	0.0	0.0	1.0	0.0

MEME version 4

ALPHABET= ACGT

MOTIF chr5:112276422-112276447

letter-probability matrix: alength= 4 w= 25
	0.57	0.43	0.0	0.0
	1.0	0.0	0.0	0.0
	0.71	0.0	0.14	0.14
	0.14	0.29	0.0	0.57
	0.86	0.0	0.0	0.14
	0.86	0.0	0.14	0.0
	0.71	0.14	0.14	0.0
	1.0	0.0	0.0	0.0
	0.86	0.0	0.0	0.14
	0.29	0.0	0.71	0.0
	0.57	0.0	0.14	0.29
	1.0	0.0	0.0	0.0
	0.43	0.57	0.0	0.0
	0.71	0.0	0.0	0.29
	0.29	0.0	0.14	0.57
	1.0	0.0	0.0	0.0
	0.86	0.0	0.14	0.0
	1.0	0.0	0.0	0.0
	0.43	0.0	0.57	0.0
	0.71	0.0	0.29	0.0
	0.71	0.29	0.0	0.0
	0.29	0.29	0.0	0.43
	0.43	0.0	0.43	0.14
	0.14	0.86	0.0	0.0
	0.29	0.0	0.0	0.71

MEME version 4

ALPHABET= ACGT

MOTIF chr12:82751964-82751974

letter-probability matrix: alength= 4 w= 10
	0.07	0.57	0.29	0.07
	0.29	0.57	0.07	0.07
	0.86	0.0	0.14	0.0
	0.07	0.0	0.93	0.0
	0.0	1.0	0.0	0.0
	0.0	1.0	0.0	0.0
	0.14	0.07	0.0	0.79
	0.07	0.0	0.93	0.0
	0.0	0.07	0.93	0.0
	0.0	0.0	1.0	0.0

MEME version 4

ALPHABET= ACGT

MOTIF chr12:82743895-82743920

letter-probability matrix: alength= 4 w= 25
	0.57	0.43	0.0	0.0
	1.0	0.0	0.0	0.0
	0.71	0.0	0.14	0.14
	0.14	0.29	0.0	0.57
	0.86	0.0	0.0	0.14
	0.86	0.0	0.14	0.0
	0.71	0.14	0.14	0.0
	1.0	0.0	0.0	0.0
	0.86	0.0	0.0	0.14
	0.29	0.0	0.71	0.0
	0.57	0.0	0.14	0.29
	1.0	0.0	0.0	0.0
	0.43	0.57	0.0	0.0
	0.71	0.0	0.0	0.29
	0.29	0.0	0.14	0.57
	1.0	0.0	0.0	0.0
	0.86	0.0	0.14	0.0
	1.0	0.0	0.0	0.0
	0.43	0.0	0.57	0.0
	0.71	0.0	0.29	0.0
	0.71	0.29	0.0	0.0
	0.29	0.29	0.0	0.43
	0.43	0.0	0.43	0.14
	0.14	0.86	0.0	0.0
	0.29	0.0	0.0	0.71

MEME version 4

ALPHABET= ACGT

MOTIF chr13:31736604-31736614

letter-probability matrix: alength= 4 w= 10
	0.07	0.57	0.29	0.07
	0.29	0.57	0.07	0.07
	0.86	0.0	0.14	0.0
	0.07	0.0	0.93	0.0
	0.0	1.0	0.0	0.0
	0.0	1.0	0.0	0.0
	0.14	0.07	0.0	0.79
	0.07	0.0	0.93	0.0
	0.0	0.07	0.93	0.0
	0.0	0.0	1.0	0.0

MEME version 4

ALPHABET= ACGT

MOTIF chr13:31753640-31753665

letter-probability matrix: alength= 4 w= 25
	0.57	0.43	0.0	0.0
	1.0	0.0	0.0	0.0
	0.71	0.0	0.14	0.14
	0.14	0.29	0.0	0.57
	0.86	0.0	0.0	0.14
	0.86	0.0	0.14	0.0
	0.71	0.14	0.14	0.0
	1.0	0.0	0.0	0.0
	0.86	0.0	0.0	0.14
	0.29	0.0	0.71	0.0
	0.57	0.0	0.14	0.29
	1.0	0.0	0.0	0.0
	0.43	0.57	0.0	0.0
	0.71	0.0	0.0	0.29
	0.29	0.0	0.14	0.57
	1.0	0.0	0.0	0.0
	0.86	0.0	0.14	0.0
	1.0	0.0	0.0	0.0
	0.43	0.0	0.57	0.0
	0.71	0.0	0.29	0.0
	0.71	0.29	0.0	0.0
	0.29	0.29	0.0	0.43
	0.43	0.0	0.43	0.14
	0.14	0.86	0.0	0.0
	0.29	0.0	0.0	0.71

MEME version 4

ALPHABET= ACGT

MOTIF chr19:17434352-17434362

letter-probability matrix: alength= 4 w= 10
	0.07	0.57	0.29	0.07
	0.29	0.57	0.07	0.07
	0.86	0.0	0.14	0.0
	0.07	0.0	0.93	0.0
	0.0	1.0	0.0	0.0
	0.0	1.0	0.0	0.0
	0.14	0.07	0.0	0.79
	0.07	0.0	0.93	0.0
	0.0	0.07	0.93	0.0
	0.0	0.0	1.0	0.0

MEME version 4

ALPHABET= ACGT

MOTIF chr19:17443004-17443029

letter-probability matrix: alength= 4 w= 25
	0.57	0.43	0.0	0.0
	1.0	0.0	0.0	0.0
	0.71	0.0	0.14	0.14
	0.14	0.29	0.0	0.57
	0.86	0.0	0.0	0.14
	0.86	0.0	0.14	0.0
	0.71	0.14	0.14	0.0
	1.0	0.0	0.0	0.0
	0.86	0.0	0.0	0.14
	0.29	0.0	0.71	0.0
	0.57	0.0	0.14	0.29
	1.0	0.0	0.0	0.0
	0.43	0.57	0.0	0.0
	0.71	0.0	0.0	0.29
	0.29	0.0	0.14	0.57
	1.0	0.0	0.0	0.0
	0.86	0.0	0.14	0.0
	1.0	0.0	0.0	0.0
	0.43	0.0	0.57	0.0
	0.71	0.0	0.29	0.0
	0.71	0.29	0.0	0.0
	0.29	0.29	0.0	0.43
	0.43	0.0	0.43	0.14
	0.14	0.86	0.0	0.0
	0.29	0.0	0.0	0.71

MEME version 4

ALPHABET= ACGT

MOTIF chr2:24272208-24272218

letter-probability matrix: alength= 4 w= 10
	0.07	0.57	0.29	0.07
	0.29	0.57	0.07	0.07
	0.86	0.0	0.14	0.0
	0.07	0.0	0.93	0.0
	0.0	1.0	0.0	0.0
	0.0	1.0	0.0	0.0
	0.14	0.07	0.0	0.79
	0.07	0.0	0.93	0.0
	0.0	0.07	0.93	0.0
	0.0	0.0	1.0	0.0

MEME version 4

ALPHABET= ACGT

MOTIF chr2:24281071-24281096

letter-probability matrix: alength= 4 w= 25
	0.57	0.43	0.0	0.0
	1.0	0.0	0.0	0.0
	0.71	0.0	0.14	0.14
	0.14	0.29	0.0	0.57
	0.86	0.0	0.0	0.14
	0.86	0.0	0.14	0.0
	0.71	0.14	0.14	0.0
	1.0	0.0	0.0	0.0
	0.86	0.0	0.0	0.14
	0.29	0.0	0.71	0.0
	0.57	0.0	0.14	0.29
	1.0	0.0	0.0	0.0
	0.43	0.57	0.0	0.0
	0.71	0.0	0.0	0.29
	0.29	0.0	0.14	0.57
	1.0	0.0	0.0	0.0
	0.86	0.0	0.14	0.0
	1.0	0.0	0.0	0.0
	0.43	0.0	0.57	0.0
	0.71	0.0	0.29	0.0
	0.71	0.29	0.0	0.0
	0.29	0.29	0.0	0.43
	0.43	0.0	0.43	0.14
	0.14	0.86	0.0	0.0
	0.29	0.0	0.0	0.71

MEME version 4

ALPHABET= ACGT

MOTIF chr5:112258732-112258742

letter-probability matrix: alength= 4 w= 10
	0.07	0.57	0.29	0.07
	0.29	0.57	0.07	0.07
	0.86	0.0	0.14	0.0
	0.07	0.0	0.93	0.0
	0.0	1.0	0.0	0.0
	0.0	1.0	0.0	0.0
	0.14	0.07	0.0	0.79
	0.07	0.0	0.93	0.0
	0.0	0.07	0.93	0.0
	0.0	0.0	1.0	0.0

MEME version 4

ALPHABET= ACGT

MOTIF chr5:112276422-112276447

letter-probability matrix: alength= 4 w= 25
	0.57	0.43	0.0	0.0
	1.0	0.0	0.0	0.0
	0.71	0.0	0.14	0.14
	0.14	0.29	0.0	0.57
	0.86	0.0	0.0	0.14
	0.86	0.0	0.14	0.0
	0.71	0.14	0.14	0.0
	1.0	0.0	0.0	0.0
	0.86	0.0	0.0	0.14
	0.29	0.0	0.71	0.0
	0.57	0.0	0.14	0.29
	1.0	0.0	0.0	0.0
	0.43	0.57	0.0	0.0
	0.71	0.0	0.0	0.29
	0.29	0.0	0.14	0.57
	1.0	0.0	0.0	0.0
	0.86	0.0	0.14	0.0
	1.0	0.0	0.0	0.0
	0.43	0.0	0.57	0.0
	0.71	0.0	0.29	0.0
	0.71	0.29	0.0	0.0
	0.29	0.29	0.0	0.43
	0.43	0.0	0.43	0.14
	0.14	0.86	0.0	0.0
	0.29	0.0	0.0	0.71

MEME version 4

ALPHABET= ACGT

MOTIF chr9:103064281-103064291

letter-probability matrix: alength= 4 w= 10
	0.07	0.57	0.29	0.07
	0.29	0.57	0.07	0.07
	0.86	0.0	0.14	0.0
	0.07	0.0	0.93	0.0
	0.0	1.0	0.0	0.0
	0.0	1.0	0.0	0.0
	0.14	0.07	0.0	0.79
	0.07	0.0	0.93	0.0
	0.0	0.07	0.93	0.0
	0.0	0.0	1.0	0.0

MEME version 4

ALPHABET= ACGT

MOTIF chr9:103138878-103138903

letter-probability matrix: alength= 4 w= 25
	0.57	0.43	0.0	0.0
	1.0	0.0	0.0	0.0
	0.71	0.0	0.14	0.14
	0.14	0.29	0.0	0.57
	0.86	0.0	0.0	0.14
	0.86	0.0	0.14	0.0
	0.71	0.14	0.14	0.0
	1.0	0.0	0.0	0.0
	0.86	0.0	0.0	0.14
	0.29	0.0	0.71	0.0
	0.57	0.0	0.14	0.29
	1.0	0.0	0.0	0.0
	0.43	0.57	0.0	0.0
	0.71	0.0	0.0	0.29
	0.29	0.0	0.14	0.57
	1.0	0.0	0.0	0.0
	0.86	0.0	0.14	0.0
	1.0	0.0	0.0	0.0
	0.43	0.0	0.57	0.0
	0.71	0.0	0.29	0.0
	0.71	0.29	0.0	0.0
	0.29	0.29	0.0	0.43
	0.43	0.0	0.43	0.14
	0.14	0.86	0.0	0.0
	0.29	0.0	0.0	0.71

MEME version 4

ALPHABET= ACGT

MOTIF chr4:103811174-103811184

letter-probability matrix: alength= 4 w= 10
	0.07	0.57	0.29	0.07
	0.29	0.57	0.07	0.07
	0.86	0.0	0.14	0.0
	0.07	0.0	0.93	0.0
	0.0	1.0	0.0	0.0
	0.0	1.0	0.0	0.0
	0.14	0.07	0.0	0.79
	0.07	0.0	0.93	0.0
	0.0	0.07	0.93	0.0
	0.0	0.0	1.0	0.0

MEME version 4

ALPHABET= ACGT

MOTIF chr4:103776537-103776562

letter-probability matrix: alength= 4 w= 25
	0.57	0.43	0.0	0.0
	1.0	0.0	0.0	0.0
	0.71	0.0	0.14	0.14
	0.14	0.29	0.0	0.57
	0.86	0.0	0.0	0.14
	0.86	0.0	0.14	0.0
	0.71	0.14	0.14	0.0
	1.0	0.0	0.0	0.0
	0.86	0.0	0.0	0.14
	0.29	0.0	0.71	0.0
	0.57	0.0	0.14	0.29
	1.0	0.0	0.0	0.0
	0.43	0.57	0.0	0.0
	0.71	0.0	0.0	0.29
	0.29	0.0	0.14	0.57
	1.0	0.0	0.0	0.0
	0.86	0.0	0.14	0.0
	1.0	0.0	0.0	0.0
	0.43	0.0	0.57	0.0
	0.71	0.0	0.29	0.0
	0.71	0.29	0.0	0.0
	0.29	0.29	0.0	0.43
	0.43	0.0	0.43	0.14
	0.14	0.86	0.0	0.0
	0.29	0.0	0.0	0.71

MEME version 4

ALPHABET= ACGT

MOTIF chr10:43880113-43880123

letter-probability matrix: alength= 4 w= 10
	0.07	0.57	0.29	0.07
	0.29	0.57	0.07	0.07
	0.86	0.0	0.14	0.0
	0.07	0.0	0.93	0.0
	0.0	1.0	0.0	0.0
	0.0	1.0	0.0	0.0
	0.14	0.07	0.0	0.79
	0.07	0.0	0.93	0.0
	0.0	0.07	0.93	0.0
	0.0	0.0	1.0	0.0

MEME version 4

ALPHABET= ACGT

MOTIF chr10:43909029-43909054

letter-probability matrix: alength= 4 w= 25
	0.57	0.43	0.0	0.0
	1.0	0.0	0.0	0.0
	0.71	0.0	0.14	0.14
	0.14	0.29	0.0	0.57
	0.86	0.0	0.0	0.14
	0.86	0.0	0.14	0.0
	0.71	0.14	0.14	0.0
	1.0	0.0	0.0	0.0
	0.86	0.0	0.0	0.14
	0.29	0.0	0.71	0.0
	0.57	0.0	0.14	0.29
	1.0	0.0	0.0	0.0
	0.43	0.57	0.0	0.0
	0.71	0.0	0.0	0.29
	0.29	0.0	0.14	0.57
	1.0	0.0	0.0	0.0
	0.86	0.0	0.14	0.0
	1.0	0.0	0.0	0.0
	0.43	0.0	0.57	0.0
	0.71	0.0	0.29	0.0
	0.71	0.29	0.0	0.0
	0.29	0.29	0.0	0.43
	0.43	0.0	0.43	0.14
	0.14	0.86	0.0	0.0
	0.29	0.0	0.0	0.71

MEME version 4

ALPHABET= ACGT

MOTIF chr2:68685640-68685650

letter-probability matrix: alength= 4 w= 10
	0.07	0.57	0.29	0.07
	0.29	0.57	0.07	0.07
	0.86	0.0	0.14	0.0
	0.07	0.0	0.93	0.0
	0.0	1.0	0.0	0.0
	0.0	1.0	0.0	0.0
	0.14	0.07	0.0	0.79
	0.07	0.0	0.93	0.0
	0.0	0.07	0.93	0.0
	0.0	0.0	1.0	0.0

MEME version 4

ALPHABET= ACGT

MOTIF chr2:68710736-68710761

letter-probability matrix: alength= 4 w= 25
	0.57	0.43	0.0	0.0
	1.0	0.0	0.0	0.0
	0.71	0.0	0.14	0.14
	0.14	0.29	0.0	0.57
	0.86	0.0	0.0	0.14
	0.86	0.0	0.14	0.0
	0.71	0.14	0.14	0.0
	1.0	0.0	0.0	0.0
	0.86	0.0	0.0	0.14
	0.29	0.0	0.71	0.0
	0.57	0.0	0.14	0.29
	1.0	0.0	0.0	0.0
	0.43	0.57	0.0	0.0
	0.71	0.0	0.0	0.29
	0.29	0.0	0.14	0.57
	1.0	0.0	0.0	0.0
	0.86	0.0	0.14	0.0
	1.0	0.0	0.0	0.0
	0.43	0.0	0.57	0.0
	0.71	0.0	0.29	0.0
	0.71	0.29	0.0	0.0
	0.29	0.29	0.0	0.43
	0.43	0.0	0.43	0.14
	0.14	0.86	0.0	0.0
	0.29	0.0	0.0	0.71

MEME version 4

ALPHABET= ACGT

MOTIF chr1:23698906-23698916

letter-probability matrix: alength= 4 w= 10
	0.07	0.57	0.29	0.07
	0.29	0.57	0.07	0.07
	0.86	0.0	0.14	0.0
	0.07	0.0	0.93	0.0
	0.0	1.0	0.0	0.0
	0.0	1.0	0.0	0.0
	0.14	0.07	0.0	0.79
	0.07	0.0	0.93	0.0
	0.0	0.07	0.93	0.0
	0.0	0.0	1.0	0.0

MEME version 4

ALPHABET= ACGT

MOTIF chr1:23706401-23706426

letter-probability matrix: alength= 4 w= 25
	0.57	0.43	0.0	0.0
	1.0	0.0	0.0	0.0
	0.71	0.0	0.14	0.14
	0.14	0.29	0.0	0.57
	0.86	0.0	0.0	0.14
	0.86	0.0	0.14	0.0
	0.71	0.14	0.14	0.0
	1.0	0.0	0.0	0.0
	0.86	0.0	0.0	0.14
	0.29	0.0	0.71	0.0
	0.57	0.0	0.14	0.29
	1.0	0.0	0.0	0.0
	0.43	0.57	0.0	0.0
	0.71	0.0	0.0	0.29
	0.29	0.0	0.14	0.57
	1.0	0.0	0.0	0.0
	0.86	0.0	0.14	0.0
	1.0	0.0	0.0	0.0
	0.43	0.0	0.57	0.0
	0.71	0.0	0.29	0.0
	0.71	0.29	0.0	0.0
	0.29	0.29	0.0	0.43
	0.43	0.0	0.43	0.14
	0.14	0.86	0.0	0.0
	0.29	0.0	0.0	0.71

MEME version 4

ALPHABET= ACGT

MOTIF chr7:25159099-25159109

letter-probability matrix: alength= 4 w= 10
	0.07	0.57	0.29	0.07
	0.29	0.57	0.07	0.07
	0.86	0.0	0.14	0.0
	0.07	0.0	0.93	0.0
	0.0	1.0	0.0	0.0
	0.0	1.0	0.0	0.0
	0.14	0.07	0.0	0.79
	0.07	0.0	0.93	0.0
	0.0	0.07	0.93	0.0
	0.0	0.0	1.0	0.0

MEME version 4

ALPHABET= ACGT

MOTIF chr7:25113839-25113864

letter-probability matrix: alength= 4 w= 25
	0.57	0.43	0.0	0.0
	1.0	0.0	0.0	0.0
	0.71	0.0	0.14	0.14
	0.14	0.29	0.0	0.57
	0.86	0.0	0.0	0.14
	0.86	0.0	0.14	0.0
	0.71	0.14	0.14	0.0
	1.0	0.0	0.0	0.0
	0.86	0.0	0.0	0.14
	0.29	0.0	0.71	0.0
	0.57	0.0	0.14	0.29
	1.0	0.0	0.0	0.0
	0.43	0.57	0.0	0.0
	0.71	0.0	0.0	0.29
	0.29	0.0	0.14	0.57
	1.0	0.0	0.0	0.0
	0.86	0.0	0.14	0.0
	1.0	0.0	0.0	0.0
	0.43	0.0	0.57	0.0
	0.71	0.0	0.29	0.0
	0.71	0.29	0.0	0.0
	0.29	0.29	0.0	0.43
	0.43	0.0	0.43	0.14
	0.14	0.86	0.0	0.0
	0.29	0.0	0.0	0.71

MEME version 4

ALPHABET= ACGT

MOTIF chr20:43946763-43946773

letter-probability matrix: alength= 4 w= 10
	0.07	0.57	0.29	0.07
	0.29	0.57	0.07	0.07
	0.86	0.0	0.14	0.0
	0.07	0.0	0.93	0.0
	0.0	1.0	0.0	0.0
	0.0	1.0	0.0	0.0
	0.14	0.07	0.0	0.79
	0.07	0.0	0.93	0.0
	0.0	0.07	0.93	0.0
	0.0	0.0	1.0	0.0

MEME version 4

ALPHABET= ACGT

MOTIF chr20:43944606-43944631

letter-probability matrix: alength= 4 w= 25
	0.57	0.43	0.0	0.0
	1.0	0.0	0.0	0.0
	0.71	0.0	0.14	0.14
	0.14	0.29	0.0	0.57
	0.86	0.0	0.0	0.14
	0.86	0.0	0.14	0.0
	0.71	0.14	0.14	0.0
	1.0	0.0	0.0	0.0
	0.86	0.0	0.0	0.14
	0.29	0.0	0.71	0.0
	0.57	0.0	0.14	0.29
	1.0	0.0	0.0	0.0
	0.43	0.57	0.0	0.0
	0.71	0.0	0.0	0.29
	0.29	0.0	0.14	0.57
	1.0	0.0	0.0	0.0
	0.86	0.0	0.14	0.0
	1.0	0.0	0.0	0.0
	0.43	0.0	0.57	0.0
	0.71	0.0	0.29	0.0
	0.71	0.29	0.0	0.0
	0.29	0.29	0.0	0.43
	0.43	0.0	0.43	0.14
	0.14	0.86	0.0	0.0
	0.29	0.0	0.0	0.71

MEME version 4

ALPHABET= ACGT

MOTIF chrX:129319482-129319492

letter-probability matrix: alength= 4 w= 10
	0.07	0.57	0.29	0.07
	0.29	0.57	0.07	0.07
	0.86	0.0	0.14	0.0
	0.07	0.0	0.93	0.0
	0.0	1.0	0.0	0.0
	0.0	1.0	0.0	0.0
	0.14	0.07	0.0	0.79
	0.07	0.0	0.93	0.0
	0.0	0.07	0.93	0.0
	0.0	0.0	1.0	0.0

MEME version 4

ALPHABET= ACGT

MOTIF chrX:129273132-129273157

letter-probability matrix: alength= 4 w= 25
	0.57	0.43	0.0	0.0
	1.0	0.0	0.0	0.0
	0.71	0.0	0.14	0.14
	0.14	0.29	0.0	0.57
	0.86	0.0	0.0	0.14
	0.86	0.0	0.14	0.0
	0.71	0.14	0.14	0.0
	1.0	0.0	0.0	0.0
	0.86	0.0	0.0	0.14
	0.29	0.0	0.71	0.0
	0.57	0.0	0.14	0.29
	1.0	0.0	0.0	0.0
	0.43	0.57	0.0	0.0
	0.71	0.0	0.0	0.29
	0.29	0.0	0.14	0.57
	1.0	0.0	0.0	0.0
	0.86	0.0	0.14	0.0
	1.0	0.0	0.0	0.0
	0.43	0.0	0.57	0.0
	0.71	0.0	0.29	0.0
	0.71	0.29	0.0	0.0
	0.29	0.29	0.0	0.43
	0.43	0.0	0.43	0.14
	0.14	0.86	0.0	0.0
	0.29	0.0	0.0	0.71

MEME version 4

ALPHABET= ACGT

MOTIF chr15:91359280-91359290

letter-probability matrix: alength= 4 w= 10
	0.07	0.57	0.29	0.07
	0.29	0.57	0.07	0.07
	0.86	0.0	0.14	0.0
	0.07	0.0	0.93	0.0
	0.0	1.0	0.0	0.0
	0.0	1.0	0.0	0.0
	0.14	0.07	0.0	0.79
	0.07	0.0	0.93	0.0
	0.0	0.07	0.93	0.0
	0.0	0.0	1.0	0.0

MEME version 4

ALPHABET= ACGT

MOTIF chr15:91240907-91240932

letter-probability matrix: alength= 4 w= 25
	0.57	0.43	0.0	0.0
	1.0	0.0	0.0	0.0
	0.71	0.0	0.14	0.14
	0.14	0.29	0.0	0.57
	0.86	0.0	0.0	0.14
	0.86	0.0	0.14	0.0
	0.71	0.14	0.14	0.0
	1.0	0.0	0.0	0.0
	0.86	0.0	0.0	0.14
	0.29	0.0	0.71	0.0
	0.57	0.0	0.14	0.29
	1.0	0.0	0.0	0.0
	0.43	0.57	0.0	0.0
	0.71	0.0	0.0	0.29
	0.29	0.0	0.14	0.57
	1.0	0.0	0.0	0.0
	0.86	0.0	0.14	0.0
	1.0	0.0	0.0	0.0
	0.43	0.0	0.57	0.0
	0.71	0.0	0.29	0.0
	0.71	0.29	0.0	0.0
	0.29	0.29	0.0	0.43
	0.43	0.0	0.43	0.14
	0.14	0.86	0.0	0.0
	0.29	0.0	0.0	0.71

MEME version 4

ALPHABET= ACGT

MOTIF chr20:43150815-43150825

letter-probability matrix: alength= 4 w= 10
	0.07	0.57	0.29	0.07
	0.29	0.57	0.07	0.07
	0.86	0.0	0.14	0.0
	0.07	0.0	0.93	0.0
	0.0	1.0	0.0	0.0
	0.0	1.0	0.0	0.0
	0.14	0.07	0.0	0.79
	0.07	0.0	0.93	0.0
	0.0	0.07	0.93	0.0
	0.0	0.0	1.0	0.0

MEME version 4

ALPHABET= ACGT

MOTIF chr20:43165018-43165043

letter-probability matrix: alength= 4 w= 25
	0.57	0.43	0.0	0.0
	1.0	0.0	0.0	0.0
	0.71	0.0	0.14	0.14
	0.14	0.29	0.0	0.57
	0.86	0.0	0.0	0.14
	0.86	0.0	0.14	0.0
	0.71	0.14	0.14	0.0
	1.0	0.0	0.0	0.0
	0.86	0.0	0.0	0.14
	0.29	0.0	0.71	0.0
	0.57	0.0	0.14	0.29
	1.0	0.0	0.0	0.0
	0.43	0.57	0.0	0.0
	0.71	0.0	0.0	0.29
	0.29	0.0	0.14	0.57
	1.0	0.0	0.0	0.0
	0.86	0.0	0.14	0.0
	1.0	0.0	0.0	0.0
	0.43	0.0	0.57	0.0
	0.71	0.0	0.29	0.0
	0.71	0.29	0.0	0.0
	0.29	0.29	0.0	0.43
	0.43	0.0	0.43	0.14
	0.14	0.86	0.0	0.0
	0.29	0.0	0.0	0.71

MEME version 4

ALPHABET= ACGT

MOTIF chr7:2392732-2392742

letter-probability matrix: alength= 4 w= 10
	0.07	0.57	0.29	0.07
	0.29	0.57	0.07	0.07
	0.86	0.0	0.14	0.0
	0.07	0.0	0.93	0.0
	0.0	1.0	0.0	0.0
	0.0	1.0	0.0	0.0
	0.14	0.07	0.0	0.79
	0.07	0.0	0.93	0.0
	0.0	0.07	0.93	0.0
	0.0	0.0	1.0	0.0

MEME version 4

ALPHABET= ACGT

MOTIF chr7:2370510-2370535

letter-probability matrix: alength= 4 w= 25
	0.57	0.43	0.0	0.0
	1.0	0.0	0.0	0.0
	0.71	0.0	0.14	0.14
	0.14	0.29	0.0	0.57
	0.86	0.0	0.0	0.14
	0.86	0.0	0.14	0.0
	0.71	0.14	0.14	0.0
	1.0	0.0	0.0	0.0
	0.86	0.0	0.0	0.14
	0.29	0.0	0.71	0.0
	0.57	0.0	0.14	0.29
	1.0	0.0	0.0	0.0
	0.43	0.57	0.0	0.0
	0.71	0.0	0.0	0.29
	0.29	0.0	0.14	0.57
	1.0	0.0	0.0	0.0
	0.86	0.0	0.14	0.0
	1.0	0.0	0.0	0.0
	0.43	0.0	0.57	0.0
	0.71	0.0	0.29	0.0
	0.71	0.29	0.0	0.0
	0.29	0.29	0.0	0.43
	0.43	0.0	0.43	0.14
	0.14	0.86	0.0	0.0
	0.29	0.0	0.0	0.71

MEME version 4

ALPHABET= ACGT

MOTIF chr19:33168048-33168058

letter-probability matrix: alength= 4 w= 10
	0.07	0.57	0.29	0.07
	0.29	0.57	0.07	0.07
	0.86	0.0	0.14	0.0
	0.07	0.0	0.93	0.0
	0.0	1.0	0.0	0.0
	0.0	1.0	0.0	0.0
	0.14	0.07	0.0	0.79
	0.07	0.0	0.93	0.0
	0.0	0.07	0.93	0.0
	0.0	0.0	1.0	0.0

MEME version 4

ALPHABET= ACGT

MOTIF chr19:33179272-33179297

letter-probability matrix: alength= 4 w= 25
	0.57	0.43	0.0	0.0
	1.0	0.0	0.0	0.0
	0.71	0.0	0.14	0.14
	0.14	0.29	0.0	0.57
	0.86	0.0	0.0	0.14
	0.86	0.0	0.14	0.0
	0.71	0.14	0.14	0.0
	1.0	0.0	0.0	0.0
	0.86	0.0	0.0	0.14
	0.29	0.0	0.71	0.0
	0.57	0.0	0.14	0.29
	1.0	0.0	0.0	0.0
	0.43	0.57	0.0	0.0
	0.71	0.0	0.0	0.29
	0.29	0.0	0.14	0.57
	1.0	0.0	0.0	0.0
	0.86	0.0	0.14	0.0
	1.0	0.0	0.0	0.0
	0.43	0.0	0.57	0.0
	0.71	0.0	0.29	0.0
	0.71	0.29	0.0	0.0
	0.29	0.29	0.0	0.43
	0.43	0.0	0.43	0.14
	0.14	0.86	0.0	0.0
	0.29	0.0	0.0	0.71

MEME version 4

ALPHABET= ACGT

MOTIF chr16:19512667-19512677

letter-probability matrix: alength= 4 w= 10
	0.07	0.57	0.29	0.07
	0.29	0.57	0.07	0.07
	0.86	0.0	0.14	0.0
	0.07	0.0	0.93	0.0
	0.0	1.0	0.0	0.0
	0.0	1.0	0.0	0.0
	0.14	0.07	0.0	0.79
	0.07	0.0	0.93	0.0
	0.0	0.07	0.93	0.0
	0.0	0.0	1.0	0.0

MEME version 4

ALPHABET= ACGT

MOTIF chr16:19565229-19565254

letter-probability matrix: alength= 4 w= 25
	0.57	0.43	0.0	0.0
	1.0	0.0	0.0	0.0
	0.71	0.0	0.14	0.14
	0.14	0.29	0.0	0.57
	0.86	0.0	0.0	0.14
	0.86	0.0	0.14	0.0
	0.71	0.14	0.14	0.0
	1.0	0.0	0.0	0.0
	0.86	0.0	0.0	0.14
	0.29	0.0	0.71	0.0
	0.57	0.0	0.14	0.29
	1.0	0.0	0.0	0.0
	0.43	0.57	0.0	0.0
	0.71	0.0	0.0	0.29
	0.29	0.0	0.14	0.57
	1.0	0.0	0.0	0.0
	0.86	0.0	0.14	0.0
	1.0	0.0	0.0	0.0
	0.43	0.0	0.57	0.0
	0.71	0.0	0.29	0.0
	0.71	0.29	0.0	0.0
	0.29	0.29	0.0	0.43
	0.43	0.0	0.43	0.14
	0.14	0.86	0.0	0.0
	0.29	0.0	0.0	0.71

MEME version 4

ALPHABET= ACGT

MOTIF chr9:103115658-103115668

letter-probability matrix: alength= 4 w= 10
	0.07	0.57	0.29	0.07
	0.29	0.57	0.07	0.07
	0.86	0.0	0.14	0.0
	0.07	0.0	0.93	0.0
	0.0	1.0	0.0	0.0
	0.0	1.0	0.0	0.0
	0.14	0.07	0.0	0.79
	0.07	0.0	0.93	0.0
	0.0	0.07	0.93	0.0
	0.0	0.0	1.0	0.0

MEME version 4

ALPHABET= ACGT

MOTIF chr9:103138878-103138903

letter-probability matrix: alength= 4 w= 25
	0.57	0.43	0.0	0.0
	1.0	0.0	0.0	0.0
	0.71	0.0	0.14	0.14
	0.14	0.29	0.0	0.57
	0.86	0.0	0.0	0.14
	0.86	0.0	0.14	0.0
	0.71	0.14	0.14	0.0
	1.0	0.0	0.0	0.0
	0.86	0.0	0.0	0.14
	0.29	0.0	0.71	0.0
	0.57	0.0	0.14	0.29
	1.0	0.0	0.0	0.0
	0.43	0.57	0.0	0.0
	0.71	0.0	0.0	0.29
	0.29	0.0	0.14	0.57
	1.0	0.0	0.0	0.0
	0.86	0.0	0.14	0.0
	1.0	0.0	0.0	0.0
	0.43	0.0	0.57	0.0
	0.71	0.0	0.29	0.0
	0.71	0.29	0.0	0.0
	0.29	0.29	0.0	0.43
	0.43	0.0	0.43	0.14
	0.14	0.86	0.0	0.0
	0.29	0.0	0.0	0.71

MEME version 4

ALPHABET= ACGT

MOTIF chr9:79009611-79009621

letter-probability matrix: alength= 4 w= 10
	0.07	0.57	0.29	0.07
	0.29	0.57	0.07	0.07
	0.86	0.0	0.14	0.0
	0.07	0.0	0.93	0.0
	0.0	1.0	0.0	0.0
	0.0	1.0	0.0	0.0
	0.14	0.07	0.0	0.79
	0.07	0.0	0.93	0.0
	0.0	0.07	0.93	0.0
	0.0	0.0	1.0	0.0

MEME version 4

ALPHABET= ACGT

MOTIF chr9:79028385-79028410

letter-probability matrix: alength= 4 w= 25
	0.57	0.43	0.0	0.0
	1.0	0.0	0.0	0.0
	0.71	0.0	0.14	0.14
	0.14	0.29	0.0	0.57
	0.86	0.0	0.0	0.14
	0.86	0.0	0.14	0.0
	0.71	0.14	0.14	0.0
	1.0	0.0	0.0	0.0
	0.86	0.0	0.0	0.14
	0.29	0.0	0.71	0.0
	0.57	0.0	0.14	0.29
	1.0	0.0	0.0	0.0
	0.43	0.57	0.0	0.0
	0.71	0.0	0.0	0.29
	0.29	0.0	0.14	0.57
	1.0	0.0	0.0	0.0
	0.86	0.0	0.14	0.0
	1.0	0.0	0.0	0.0
	0.43	0.0	0.57	0.0
	0.71	0.0	0.29	0.0
	0.71	0.29	0.0	0.0
	0.29	0.29	0.0	0.43
	0.43	0.0	0.43	0.14
	0.14	0.86	0.0	0.0
	0.29	0.0	0.0	0.71

MEME version 4

ALPHABET= ACGT

MOTIF chr16:67260366-67260376

letter-probability matrix: alength= 4 w= 10
	0.07	0.57	0.29	0.07
	0.29	0.57	0.07	0.07
	0.86	0.0	0.14	0.0
	0.07	0.0	0.93	0.0
	0.0	1.0	0.0	0.0
	0.0	1.0	0.0	0.0
	0.14	0.07	0.0	0.79
	0.07	0.0	0.93	0.0
	0.0	0.07	0.93	0.0
	0.0	0.0	1.0	0.0

MEME version 4

ALPHABET= ACGT

MOTIF chr16:67254563-67254588

letter-probability matrix: alength= 4 w= 25
	0.57	0.43	0.0	0.0
	1.0	0.0	0.0	0.0
	0.71	0.0	0.14	0.14
	0.14	0.29	0.0	0.57
	0.86	0.0	0.0	0.14
	0.86	0.0	0.14	0.0
	0.71	0.14	0.14	0.0
	1.0	0.0	0.0	0.0
	0.86	0.0	0.0	0.14
	0.29	0.0	0.71	0.0
	0.57	0.0	0.14	0.29
	1.0	0.0	0.0	0.0
	0.43	0.57	0.0	0.0
	0.71	0.0	0.0	0.29
	0.29	0.0	0.14	0.57
	1.0	0.0	0.0	0.0
	0.86	0.0	0.14	0.0
	1.0	0.0	0.0	0.0
	0.43	0.0	0.57	0.0
	0.71	0.0	0.29	0.0
	0.71	0.29	0.0	0.0
	0.29	0.29	0.0	0.43
	0.43	0.0	0.43	0.14
	0.14	0.86	0.0	0.0
	0.29	0.0	0.0	0.71

MEME version 4

ALPHABET= ACGT

MOTIF chr4:74860563-74860573

letter-probability matrix: alength= 4 w= 10
	0.07	0.57	0.29	0.07
	0.29	0.57	0.07	0.07
	0.86	0.0	0.14	0.0
	0.07	0.0	0.93	0.0
	0.0	1.0	0.0	0.0
	0.0	1.0	0.0	0.0
	0.14	0.07	0.0	0.79
	0.07	0.0	0.93	0.0
	0.0	0.07	0.93	0.0
	0.0	0.0	1.0	0.0

MEME version 4

ALPHABET= ACGT

MOTIF chr4:74853642-74853667

letter-probability matrix: alength= 4 w= 25
	0.57	0.43	0.0	0.0
	1.0	0.0	0.0	0.0
	0.71	0.0	0.14	0.14
	0.14	0.29	0.0	0.57
	0.86	0.0	0.0	0.14
	0.86	0.0	0.14	0.0
	0.71	0.14	0.14	0.0
	1.0	0.0	0.0	0.0
	0.86	0.0	0.0	0.14
	0.29	0.0	0.71	0.0
	0.57	0.0	0.14	0.29
	1.0	0.0	0.0	0.0
	0.43	0.57	0.0	0.0
	0.71	0.0	0.0	0.29
	0.29	0.0	0.14	0.57
	1.0	0.0	0.0	0.0
	0.86	0.0	0.14	0.0
	1.0	0.0	0.0	0.0
	0.43	0.0	0.57	0.0
	0.71	0.0	0.29	0.0
	0.71	0.29	0.0	0.0
	0.29	0.29	0.0	0.43
	0.43	0.0	0.43	0.14
	0.14	0.86	0.0	0.0
	0.29	0.0	0.0	0.71

MEME version 4

ALPHABET= ACGT

MOTIF chr2:209100544-209100554

letter-probability matrix: alength= 4 w= 10
	0.07	0.57	0.29	0.07
	0.29	0.57	0.07	0.07
	0.86	0.0	0.14	0.0
	0.07	0.0	0.93	0.0
	0.0	1.0	0.0	0.0
	0.0	1.0	0.0	0.0
	0.14	0.07	0.0	0.79
	0.07	0.0	0.93	0.0
	0.0	0.07	0.93	0.0
	0.0	0.0	1.0	0.0

MEME version 4

ALPHABET= ACGT

MOTIF chr2:209150620-209150645

letter-probability matrix: alength= 4 w= 25
	0.57	0.43	0.0	0.0
	1.0	0.0	0.0	0.0
	0.71	0.0	0.14	0.14
	0.14	0.29	0.0	0.57
	0.86	0.0	0.0	0.14
	0.86	0.0	0.14	0.0
	0.71	0.14	0.14	0.0
	1.0	0.0	0.0	0.0
	0.86	0.0	0.0	0.14
	0.29	0.0	0.71	0.0
	0.57	0.0	0.14	0.29
	1.0	0.0	0.0	0.0
	0.43	0.57	0.0	0.0
	0.71	0.0	0.0	0.29
	0.29	0.0	0.14	0.57
	1.0	0.0	0.0	0.0
	0.86	0.0	0.14	0.0
	1.0	0.0	0.0	0.0
	0.43	0.0	0.57	0.0
	0.71	0.0	0.29	0.0
	0.71	0.29	0.0	0.0
	0.29	0.29	0.0	0.43
	0.43	0.0	0.43	0.14
	0.14	0.86	0.0	0.0
	0.29	0.0	0.0	0.71

MEME version 4

ALPHABET= ACGT

MOTIF chr16:20861297-20861307

letter-probability matrix: alength= 4 w= 10
	0.07	0.57	0.29	0.07
	0.29	0.57	0.07	0.07
	0.86	0.0	0.14	0.0
	0.07	0.0	0.93	0.0
	0.0	1.0	0.0	0.0
	0.0	1.0	0.0	0.0
	0.14	0.07	0.0	0.79
	0.07	0.0	0.93	0.0
	0.0	0.07	0.93	0.0
	0.0	0.0	1.0	0.0

MEME version 4

ALPHABET= ACGT

MOTIF chr16:20851312-20851337

letter-probability matrix: alength= 4 w= 25
	0.57	0.43	0.0	0.0
	1.0	0.0	0.0	0.0
	0.71	0.0	0.14	0.14
	0.14	0.29	0.0	0.57
	0.86	0.0	0.0	0.14
	0.86	0.0	0.14	0.0
	0.71	0.14	0.14	0.0
	1.0	0.0	0.0	0.0
	0.86	0.0	0.0	0.14
	0.29	0.0	0.71	0.0
	0.57	0.0	0.14	0.29
	1.0	0.0	0.0	0.0
	0.43	0.57	0.0	0.0
	0.71	0.0	0.0	0.29
	0.29	0.0	0.14	0.57
	1.0	0.0	0.0	0.0
	0.86	0.0	0.14	0.0
	1.0	0.0	0.0	0.0
	0.43	0.0	0.57	0.0
	0.71	0.0	0.29	0.0
	0.71	0.29	0.0	0.0
	0.29	0.29	0.0	0.43
	0.43	0.0	0.43	0.14
	0.14	0.86	0.0	0.0
	0.29	0.0	0.0	0.71

MEME version 4

ALPHABET= ACGT

MOTIF chr1:204485244-204485254

letter-probability matrix: alength= 4 w= 10
	0.07	0.57	0.29	0.07
	0.29	0.57	0.07	0.07
	0.86	0.0	0.14	0.0
	0.07	0.0	0.93	0.0
	0.0	1.0	0.0	0.0
	0.0	1.0	0.0	0.0
	0.14	0.07	0.0	0.79
	0.07	0.0	0.93	0.0
	0.0	0.07	0.93	0.0
	0.0	0.0	1.0	0.0

MEME version 4

ALPHABET= ACGT

MOTIF chr1:204477628-204477653

letter-probability matrix: alength= 4 w= 25
	0.57	0.43	0.0	0.0
	1.0	0.0	0.0	0.0
	0.71	0.0	0.14	0.14
	0.14	0.29	0.0	0.57
	0.86	0.0	0.0	0.14
	0.86	0.0	0.14	0.0
	0.71	0.14	0.14	0.0
	1.0	0.0	0.0	0.0
	0.86	0.0	0.0	0.14
	0.29	0.0	0.71	0.0
	0.57	0.0	0.14	0.29
	1.0	0.0	0.0	0.0
	0.43	0.57	0.0	0.0
	0.71	0.0	0.0	0.29
	0.29	0.0	0.14	0.57
	1.0	0.0	0.0	0.0
	0.86	0.0	0.14	0.0
	1.0	0.0	0.0	0.0
	0.43	0.0	0.57	0.0
	0.71	0.0	0.29	0.0
	0.71	0.29	0.0	0.0
	0.29	0.29	0.0	0.43
	0.43	0.0	0.43	0.14
	0.14	0.86	0.0	0.0
	0.29	0.0	0.0	0.71

MEME version 4

ALPHABET= ACGT

MOTIF chr17:79633242-79633252

letter-probability matrix: alength= 4 w= 10
	0.07	0.57	0.29	0.07
	0.29	0.57	0.07	0.07
	0.86	0.0	0.14	0.0
	0.07	0.0	0.93	0.0
	0.0	1.0	0.0	0.0
	0.0	1.0	0.0	0.0
	0.14	0.07	0.0	0.79
	0.07	0.0	0.93	0.0
	0.0	0.07	0.93	0.0
	0.0	0.0	1.0	0.0

MEME version 4

ALPHABET= ACGT

MOTIF chr17:79611561-79611586

letter-probability matrix: alength= 4 w= 25
	0.57	0.43	0.0	0.0
	1.0	0.0	0.0	0.0
	0.71	0.0	0.14	0.14
	0.14	0.29	0.0	0.57
	0.86	0.0	0.0	0.14
	0.86	0.0	0.14	0.0
	0.71	0.14	0.14	0.0
	1.0	0.0	0.0	0.0
	0.86	0.0	0.0	0.14
	0.29	0.0	0.71	0.0
	0.57	0.0	0.14	0.29
	1.0	0.0	0.0	0.0
	0.43	0.57	0.0	0.0
	0.71	0.0	0.0	0.29
	0.29	0.0	0.14	0.57
	1.0	0.0	0.0	0.0
	0.86	0.0	0.14	0.0
	1.0	0.0	0.0	0.0
	0.43	0.0	0.57	0.0
	0.71	0.0	0.29	0.0
	0.71	0.29	0.0	0.0
	0.29	0.29	0.0	0.43
	0.43	0.0	0.43	0.14
	0.14	0.86	0.0	0.0
	0.29	0.0	0.0	0.71

MEME version 4

ALPHABET= ACGT

MOTIF chr15:64679550-64679560

letter-probability matrix: alength= 4 w= 10
	0.07	0.57	0.29	0.07
	0.29	0.57	0.07	0.07
	0.86	0.0	0.14	0.0
	0.07	0.0	0.93	0.0
	0.0	1.0	0.0	0.0
	0.0	1.0	0.0	0.0
	0.14	0.07	0.0	0.79
	0.07	0.0	0.93	0.0
	0.0	0.07	0.93	0.0
	0.0	0.0	1.0	0.0

MEME version 4

ALPHABET= ACGT

MOTIF chr15:64697722-64697747

letter-probability matrix: alength= 4 w= 25
	0.57	0.43	0.0	0.0
	1.0	0.0	0.0	0.0
	0.71	0.0	0.14	0.14
	0.14	0.29	0.0	0.57
	0.86	0.0	0.0	0.14
	0.86	0.0	0.14	0.0
	0.71	0.14	0.14	0.0
	1.0	0.0	0.0	0.0
	0.86	0.0	0.0	0.14
	0.29	0.0	0.71	0.0
	0.57	0.0	0.14	0.29
	1.0	0.0	0.0	0.0
	0.43	0.57	0.0	0.0
	0.71	0.0	0.0	0.29
	0.29	0.0	0.14	0.57
	1.0	0.0	0.0	0.0
	0.86	0.0	0.14	0.0
	1.0	0.0	0.0	0.0
	0.43	0.0	0.57	0.0
	0.71	0.0	0.29	0.0
	0.71	0.29	0.0	0.0
	0.29	0.29	0.0	0.43
	0.43	0.0	0.43	0.14
	0.14	0.86	0.0	0.0
	0.29	0.0	0.0	0.71

MEME version 4

ALPHABET= ACGT

MOTIF chr3:138553931-138553941

letter-probability matrix: alength= 4 w= 10
	0.07	0.57	0.29	0.07
	0.29	0.57	0.07	0.07
	0.86	0.0	0.14	0.0
	0.07	0.0	0.93	0.0
	0.0	1.0	0.0	0.0
	0.0	1.0	0.0	0.0
	0.14	0.07	0.0	0.79
	0.07	0.0	0.93	0.0
	0.0	0.07	0.93	0.0
	0.0	0.0	1.0	0.0

MEME version 4

ALPHABET= ACGT

MOTIF chr3:138533983-138534008

letter-probability matrix: alength= 4 w= 25
	0.57	0.43	0.0	0.0
	1.0	0.0	0.0	0.0
	0.71	0.0	0.14	0.14
	0.14	0.29	0.0	0.57
	0.86	0.0	0.0	0.14
	0.86	0.0	0.14	0.0
	0.71	0.14	0.14	0.0
	1.0	0.0	0.0	0.0
	0.86	0.0	0.0	0.14
	0.29	0.0	0.71	0.0
	0.57	0.0	0.14	0.29
	1.0	0.0	0.0	0.0
	0.43	0.57	0.0	0.0
	0.71	0.0	0.0	0.29
	0.29	0.0	0.14	0.57
	1.0	0.0	0.0	0.0
	0.86	0.0	0.14	0.0
	1.0	0.0	0.0	0.0
	0.43	0.0	0.57	0.0
	0.71	0.0	0.29	0.0
	0.71	0.29	0.0	0.0
	0.29	0.29	0.0	0.43
	0.43	0.0	0.43	0.14
	0.14	0.86	0.0	0.0
	0.29	0.0	0.0	0.71

MEME version 4

ALPHABET= ACGT

MOTIF chr6:26016968-26016978

letter-probability matrix: alength= 4 w= 10
	0.07	0.57	0.29	0.07
	0.29	0.57	0.07	0.07
	0.86	0.0	0.14	0.0
	0.07	0.0	0.93	0.0
	0.0	1.0	0.0	0.0
	0.0	1.0	0.0	0.0
	0.14	0.07	0.0	0.79
	0.07	0.0	0.93	0.0
	0.0	0.07	0.93	0.0
	0.0	0.0	1.0	0.0

MEME version 4

ALPHABET= ACGT

MOTIF chr6:26006800-26006825

letter-probability matrix: alength= 4 w= 25
	0.57	0.43	0.0	0.0
	1.0	0.0	0.0	0.0
	0.71	0.0	0.14	0.14
	0.14	0.29	0.0	0.57
	0.86	0.0	0.0	0.14
	0.86	0.0	0.14	0.0
	0.71	0.14	0.14	0.0
	1.0	0.0	0.0	0.0
	0.86	0.0	0.0	0.14
	0.29	0.0	0.71	0.0
	0.57	0.0	0.14	0.29
	1.0	0.0	0.0	0.0
	0.43	0.57	0.0	0.0
	0.71	0.0	0.0	0.29
	0.29	0.0	0.14	0.57
	1.0	0.0	0.0	0.0
	0.86	0.0	0.14	0.0
	1.0	0.0	0.0	0.0
	0.43	0.0	0.57	0.0
	0.71	0.0	0.29	0.0
	0.71	0.29	0.0	0.0
	0.29	0.29	0.0	0.43
	0.43	0.0	0.43	0.14
	0.14	0.86	0.0	0.0
	0.29	0.0	0.0	0.71

MEME version 4

ALPHABET= ACGT

MOTIF chr8:105479343-105479353

letter-probability matrix: alength= 4 w= 10
	0.07	0.57	0.29	0.07
	0.29	0.57	0.07	0.07
	0.86	0.0	0.14	0.0
	0.07	0.0	0.93	0.0
	0.0	1.0	0.0	0.0
	0.0	1.0	0.0	0.0
	0.14	0.07	0.0	0.79
	0.07	0.0	0.93	0.0
	0.0	0.07	0.93	0.0
	0.0	0.0	1.0	0.0

MEME version 4

ALPHABET= ACGT

MOTIF chr8:105458481-105458506

letter-probability matrix: alength= 4 w= 25
	0.57	0.43	0.0	0.0
	1.0	0.0	0.0	0.0
	0.71	0.0	0.14	0.14
	0.14	0.29	0.0	0.57
	0.86	0.0	0.0	0.14
	0.86	0.0	0.14	0.0
	0.71	0.14	0.14	0.0
	1.0	0.0	0.0	0.0
	0.86	0.0	0.0	0.14
	0.29	0.0	0.71	0.0
	0.57	0.0	0.14	0.29
	1.0	0.0	0.0	0.0
	0.43	0.57	0.0	0.0
	0.71	0.0	0.0	0.29
	0.29	0.0	0.14	0.57
	1.0	0.0	0.0	0.0
	0.86	0.0	0.14	0.0
	1.0	0.0	0.0	0.0
	0.43	0.0	0.57	0.0
	0.71	0.0	0.29	0.0
	0.71	0.29	0.0	0.0
	0.29	0.29	0.0	0.43
	0.43	0.0	0.43	0.14
	0.14	0.86	0.0	0.0
	0.29	0.0	0.0	0.71

MEME version 4

ALPHABET= ACGT

MOTIF chr12:122326230-122326240

letter-probability matrix: alength= 4 w= 10
	0.07	0.57	0.29	0.07
	0.29	0.57	0.07	0.07
	0.86	0.0	0.14	0.0
	0.07	0.0	0.93	0.0
	0.0	1.0	0.0	0.0
	0.0	1.0	0.0	0.0
	0.14	0.07	0.0	0.79
	0.07	0.0	0.93	0.0
	0.0	0.07	0.93	0.0
	0.0	0.0	1.0	0.0

MEME version 4

ALPHABET= ACGT

MOTIF chr12:122319283-122319308

letter-probability matrix: alength= 4 w= 25
	0.57	0.43	0.0	0.0
	1.0	0.0	0.0	0.0
	0.71	0.0	0.14	0.14
	0.14	0.29	0.0	0.57
	0.86	0.0	0.0	0.14
	0.86	0.0	0.14	0.0
	0.71	0.14	0.14	0.0
	1.0	0.0	0.0	0.0
	0.86	0.0	0.0	0.14
	0.29	0.0	0.71	0.0
	0.57	0.0	0.14	0.29
	1.0	0.0	0.0	0.0
	0.43	0.57	0.0	0.0
	0.71	0.0	0.0	0.29
	0.29	0.0	0.14	0.57
	1.0	0.0	0.0	0.0
	0.86	0.0	0.14	0.0
	1.0	0.0	0.0	0.0
	0.43	0.0	0.57	0.0
	0.71	0.0	0.29	0.0
	0.71	0.29	0.0	0.0
	0.29	0.29	0.0	0.43
	0.43	0.0	0.43	0.14
	0.14	0.86	0.0	0.0
	0.29	0.0	0.0	0.71

MEME version 4

ALPHABET= ACGT

MOTIF chr11:63973607-63973617

letter-probability matrix: alength= 4 w= 10
	0.07	0.57	0.29	0.07
	0.29	0.57	0.07	0.07
	0.86	0.0	0.14	0.0
	0.07	0.0	0.93	0.0
	0.0	1.0	0.0	0.0
	0.0	1.0	0.0	0.0
	0.14	0.07	0.0	0.79
	0.07	0.0	0.93	0.0
	0.0	0.07	0.93	0.0
	0.0	0.0	1.0	0.0

MEME version 4

ALPHABET= ACGT

MOTIF chr11:63965943-63965968

letter-probability matrix: alength= 4 w= 25
	0.57	0.43	0.0	0.0
	1.0	0.0	0.0	0.0
	0.71	0.0	0.14	0.14
	0.14	0.29	0.0	0.57
	0.86	0.0	0.0	0.14
	0.86	0.0	0.14	0.0
	0.71	0.14	0.14	0.0
	1.0	0.0	0.0	0.0
	0.86	0.0	0.0	0.14
	0.29	0.0	0.71	0.0
	0.57	0.0	0.14	0.29
	1.0	0.0	0.0	0.0
	0.43	0.57	0.0	0.0
	0.71	0.0	0.0	0.29
	0.29	0.0	0.14	0.57
	1.0	0.0	0.0	0.0
	0.86	0.0	0.14	0.0
	1.0	0.0	0.0	0.0
	0.43	0.0	0.57	0.0
	0.71	0.0	0.29	0.0
	0.71	0.29	0.0	0.0
	0.29	0.29	0.0	0.43
	0.43	0.0	0.43	0.14
	0.14	0.86	0.0	0.0
	0.29	0.0	0.0	0.71

MEME version 4

ALPHABET= ACGT

MOTIF chr17:56633307-56633317

letter-probability matrix: alength= 4 w= 10
	0.07	0.57	0.29	0.07
	0.29	0.57	0.07	0.07
	0.86	0.0	0.14	0.0
	0.07	0.0	0.93	0.0
	0.0	1.0	0.0	0.0
	0.0	1.0	0.0	0.0
	0.14	0.07	0.0	0.79
	0.07	0.0	0.93	0.0
	0.0	0.07	0.93	0.0
	0.0	0.0	1.0	0.0

MEME version 4

ALPHABET= ACGT

MOTIF chr17:56774363-56774388

letter-probability matrix: alength= 4 w= 25
	0.57	0.43	0.0	0.0
	1.0	0.0	0.0	0.0
	0.71	0.0	0.14	0.14
	0.14	0.29	0.0	0.57
	0.86	0.0	0.0	0.14
	0.86	0.0	0.14	0.0
	0.71	0.14	0.14	0.0
	1.0	0.0	0.0	0.0
	0.86	0.0	0.0	0.14
	0.29	0.0	0.71	0.0
	0.57	0.0	0.14	0.29
	1.0	0.0	0.0	0.0
	0.43	0.57	0.0	0.0
	0.71	0.0	0.0	0.29
	0.29	0.0	0.14	0.57
	1.0	0.0	0.0	0.0
	0.86	0.0	0.14	0.0
	1.0	0.0	0.0	0.0
	0.43	0.0	0.57	0.0
	0.71	0.0	0.29	0.0
	0.71	0.29	0.0	0.0
	0.29	0.29	0.0	0.43
	0.43	0.0	0.43	0.14
	0.14	0.86	0.0	0.0
	0.29	0.0	0.0	0.71

MEME version 4

ALPHABET= ACGT

MOTIF chr1:247615991-247616001

letter-probability matrix: alength= 4 w= 10
	0.07	0.57	0.29	0.07
	0.29	0.57	0.07	0.07
	0.86	0.0	0.14	0.0
	0.07	0.0	0.93	0.0
	0.0	1.0	0.0	0.0
	0.0	1.0	0.0	0.0
	0.14	0.07	0.0	0.79
	0.07	0.0	0.93	0.0
	0.0	0.07	0.93	0.0
	0.0	0.0	1.0	0.0

MEME version 4

ALPHABET= ACGT

MOTIF chr1:247633167-247633192

letter-probability matrix: alength= 4 w= 25
	0.57	0.43	0.0	0.0
	1.0	0.0	0.0	0.0
	0.71	0.0	0.14	0.14
	0.14	0.29	0.0	0.57
	0.86	0.0	0.0	0.14
	0.86	0.0	0.14	0.0
	0.71	0.14	0.14	0.0
	1.0	0.0	0.0	0.0
	0.86	0.0	0.0	0.14
	0.29	0.0	0.71	0.0
	0.57	0.0	0.14	0.29
	1.0	0.0	0.0	0.0
	0.43	0.57	0.0	0.0
	0.71	0.0	0.0	0.29
	0.29	0.0	0.14	0.57
	1.0	0.0	0.0	0.0
	0.86	0.0	0.14	0.0
	1.0	0.0	0.0	0.0
	0.43	0.0	0.57	0.0
	0.71	0.0	0.29	0.0
	0.71	0.29	0.0	0.0
	0.29	0.29	0.0	0.43
	0.43	0.0	0.43	0.14
	0.14	0.86	0.0	0.0
	0.29	0.0	0.0	0.71

MEME version 4

ALPHABET= ACGT

MOTIF chr1:161135619-161135629

letter-probability matrix: alength= 4 w= 10
	0.07	0.57	0.29	0.07
	0.29	0.57	0.07	0.07
	0.86	0.0	0.14	0.0
	0.07	0.0	0.93	0.0
	0.0	1.0	0.0	0.0
	0.0	1.0	0.0	0.0
	0.14	0.07	0.0	0.79
	0.07	0.0	0.93	0.0
	0.0	0.07	0.93	0.0
	0.0	0.0	1.0	0.0

MEME version 4

ALPHABET= ACGT

MOTIF chr1:161124782-161124807

letter-probability matrix: alength= 4 w= 25
	0.57	0.43	0.0	0.0
	1.0	0.0	0.0	0.0
	0.71	0.0	0.14	0.14
	0.14	0.29	0.0	0.57
	0.86	0.0	0.0	0.14
	0.86	0.0	0.14	0.0
	0.71	0.14	0.14	0.0
	1.0	0.0	0.0	0.0
	0.86	0.0	0.0	0.14
	0.29	0.0	0.71	0.0
	0.57	0.0	0.14	0.29
	1.0	0.0	0.0	0.0
	0.43	0.57	0.0	0.0
	0.71	0.0	0.0	0.29
	0.29	0.0	0.14	0.57
	1.0	0.0	0.0	0.0
	0.86	0.0	0.14	0.0
	1.0	0.0	0.0	0.0
	0.43	0.0	0.57	0.0
	0.71	0.0	0.29	0.0
	0.71	0.29	0.0	0.0
	0.29	0.29	0.0	0.43
	0.43	0.0	0.43	0.14
	0.14	0.86	0.0	0.0
	0.29	0.0	0.0	0.71

MEME version 4

ALPHABET= ACGT

MOTIF chr17:41830777-41830787

letter-probability matrix: alength= 4 w= 10
	0.07	0.57	0.29	0.07
	0.29	0.57	0.07	0.07
	0.86	0.0	0.14	0.0
	0.07	0.0	0.93	0.0
	0.0	1.0	0.0	0.0
	0.0	1.0	0.0	0.0
	0.14	0.07	0.0	0.79
	0.07	0.0	0.93	0.0
	0.0	0.07	0.93	0.0
	0.0	0.0	1.0	0.0

MEME version 4

ALPHABET= ACGT

MOTIF chr17:41839961-41839986

letter-probability matrix: alength= 4 w= 25
	0.57	0.43	0.0	0.0
	1.0	0.0	0.0	0.0
	0.71	0.0	0.14	0.14
	0.14	0.29	0.0	0.57
	0.86	0.0	0.0	0.14
	0.86	0.0	0.14	0.0
	0.71	0.14	0.14	0.0
	1.0	0.0	0.0	0.0
	0.86	0.0	0.0	0.14
	0.29	0.0	0.71	0.0
	0.57	0.0	0.14	0.29
	1.0	0.0	0.0	0.0
	0.43	0.57	0.0	0.0
	0.71	0.0	0.0	0.29
	0.29	0.0	0.14	0.57
	1.0	0.0	0.0	0.0
	0.86	0.0	0.14	0.0
	1.0	0.0	0.0	0.0
	0.43	0.0	0.57	0.0
	0.71	0.0	0.29	0.0
	0.71	0.29	0.0	0.0
	0.29	0.29	0.0	0.43
	0.43	0.0	0.43	0.14
	0.14	0.86	0.0	0.0
	0.29	0.0	0.0	0.71

