MEME version 4

ALPHABET= ACGT

MOTIF chr2:69665259-69665269

letter-probability matrix: alength= 4 w= 10
	1.0	0.0	0.0	0.0
	1.0	0.0	0.0	0.0
	1.0	0.0	0.0	0.0
	1.0	0.0	0.0	0.0
	0.5	0.0	0.5	0.0
	1.0	0.0	0.0	0.0
	1.0	0.0	0.0	0.0
	1.0	0.0	0.0	0.0
	1.0	0.0	0.0	0.0
	1.0	0.0	0.0	0.0

MEME version 4

ALPHABET= ACGT

MOTIF chr2:69684506-69684531

letter-probability matrix: alength= 4 w= 25
	0.0	1.0	0.0	0.0
	1.0	0.0	0.0	0.0
	0.0	1.0	0.0	0.0
	0.0	1.0	0.0	0.0
	0.0	0.0	0.0	1.0
	1.0	0.0	0.0	0.0
	1.0	0.0	0.0	0.0
	0.0	0.0	1.0	0.0
	0.0	0.0	1.0	0.0
	0.0	1.0	0.0	0.0
	0.0	0.0	0.0	1.0
	0.0	0.0	1.0	0.0
	1.0	0.0	0.0	0.0
	0.0	0.0	0.0	1.0
	0.0	0.0	1.0	0.0
	1.0	0.0	0.0	0.0
	0.0	0.0	1.0	0.0
	0.0	0.0	1.0	0.0
	0.0	0.0	1.0	0.0
	0.0	1.0	0.0	0.0
	0.0	0.0	0.0	1.0
	1.0	0.0	0.0	0.0
	0.0	0.0	1.0	0.0
	0.0	1.0	0.0	0.0
	1.0	0.0	0.0	0.0

MEME version 4

ALPHABET= ACGT

MOTIF chr7:66461205-66461215

letter-probability matrix: alength= 4 w= 10
	1.0	0.0	0.0	0.0
	1.0	0.0	0.0	0.0
	1.0	0.0	0.0	0.0
	1.0	0.0	0.0	0.0
	0.5	0.0	0.5	0.0
	1.0	0.0	0.0	0.0
	1.0	0.0	0.0	0.0
	1.0	0.0	0.0	0.0
	1.0	0.0	0.0	0.0
	1.0	0.0	0.0	0.0

MEME version 4

ALPHABET= ACGT

MOTIF chr7:66429614-66429639

letter-probability matrix: alength= 4 w= 25
	0.0	1.0	0.0	0.0
	1.0	0.0	0.0	0.0
	0.0	1.0	0.0	0.0
	0.0	1.0	0.0	0.0
	0.0	0.0	0.0	1.0
	1.0	0.0	0.0	0.0
	1.0	0.0	0.0	0.0
	0.0	0.0	1.0	0.0
	0.0	0.0	1.0	0.0
	0.0	1.0	0.0	0.0
	0.0	0.0	0.0	1.0
	0.0	0.0	1.0	0.0
	1.0	0.0	0.0	0.0
	0.0	0.0	0.0	1.0
	0.0	0.0	1.0	0.0
	1.0	0.0	0.0	0.0
	0.0	0.0	1.0	0.0
	0.0	0.0	1.0	0.0
	0.0	0.0	1.0	0.0
	0.0	1.0	0.0	0.0
	0.0	0.0	0.0	1.0
	1.0	0.0	0.0	0.0
	0.0	0.0	1.0	0.0
	0.0	1.0	0.0	0.0
	1.0	0.0	0.0	0.0

MEME version 4

ALPHABET= ACGT

MOTIF chr17:59942495-59942505

letter-probability matrix: alength= 4 w= 10
	1.0	0.0	0.0	0.0
	1.0	0.0	0.0	0.0
	1.0	0.0	0.0	0.0
	1.0	0.0	0.0	0.0
	0.5	0.0	0.5	0.0
	1.0	0.0	0.0	0.0
	1.0	0.0	0.0	0.0
	1.0	0.0	0.0	0.0
	1.0	0.0	0.0	0.0
	1.0	0.0	0.0	0.0

MEME version 4

ALPHABET= ACGT

MOTIF chr17:60018582-60018607

letter-probability matrix: alength= 4 w= 25
	0.0	1.0	0.0	0.0
	1.0	0.0	0.0	0.0
	0.0	1.0	0.0	0.0
	0.0	1.0	0.0	0.0
	0.0	0.0	0.0	1.0
	1.0	0.0	0.0	0.0
	1.0	0.0	0.0	0.0
	0.0	0.0	1.0	0.0
	0.0	0.0	1.0	0.0
	0.0	1.0	0.0	0.0
	0.0	0.0	0.0	1.0
	0.0	0.0	1.0	0.0
	1.0	0.0	0.0	0.0
	0.0	0.0	0.0	1.0
	0.0	0.0	1.0	0.0
	1.0	0.0	0.0	0.0
	0.0	0.0	1.0	0.0
	0.0	0.0	1.0	0.0
	0.0	0.0	1.0	0.0
	0.0	1.0	0.0	0.0
	0.0	0.0	0.0	1.0
	1.0	0.0	0.0	0.0
	0.0	0.0	1.0	0.0
	0.0	1.0	0.0	0.0
	1.0	0.0	0.0	0.0

MEME version 4

ALPHABET= ACGT

MOTIF chr14:24611912-24611922

letter-probability matrix: alength= 4 w= 10
	1.0	0.0	0.0	0.0
	1.0	0.0	0.0	0.0
	1.0	0.0	0.0	0.0
	1.0	0.0	0.0	0.0
	0.5	0.0	0.5	0.0
	1.0	0.0	0.0	0.0
	1.0	0.0	0.0	0.0
	1.0	0.0	0.0	0.0
	1.0	0.0	0.0	0.0
	1.0	0.0	0.0	0.0

MEME version 4

ALPHABET= ACGT

MOTIF chr14:24630556-24630581

letter-probability matrix: alength= 4 w= 25
	0.0	1.0	0.0	0.0
	1.0	0.0	0.0	0.0
	0.0	1.0	0.0	0.0
	0.0	1.0	0.0	0.0
	0.0	0.0	0.0	1.0
	1.0	0.0	0.0	0.0
	1.0	0.0	0.0	0.0
	0.0	0.0	1.0	0.0
	0.0	0.0	1.0	0.0
	0.0	1.0	0.0	0.0
	0.0	0.0	0.0	1.0
	0.0	0.0	1.0	0.0
	1.0	0.0	0.0	0.0
	0.0	0.0	0.0	1.0
	0.0	0.0	1.0	0.0
	1.0	0.0	0.0	0.0
	0.0	0.0	1.0	0.0
	0.0	0.0	1.0	0.0
	0.0	0.0	1.0	0.0
	0.0	1.0	0.0	0.0
	0.0	0.0	0.0	1.0
	1.0	0.0	0.0	0.0
	0.0	0.0	1.0	0.0
	0.0	1.0	0.0	0.0
	1.0	0.0	0.0	0.0

MEME version 4

ALPHABET= ACGT

MOTIF chr2:209130382-209130392

letter-probability matrix: alength= 4 w= 10
	1.0	0.0	0.0	0.0
	1.0	0.0	0.0	0.0
	1.0	0.0	0.0	0.0
	1.0	0.0	0.0	0.0
	0.5	0.0	0.5	0.0
	1.0	0.0	0.0	0.0
	1.0	0.0	0.0	0.0
	1.0	0.0	0.0	0.0
	1.0	0.0	0.0	0.0
	1.0	0.0	0.0	0.0

MEME version 4

ALPHABET= ACGT

MOTIF chr2:209150595-209150620

letter-probability matrix: alength= 4 w= 25
	0.0	1.0	0.0	0.0
	1.0	0.0	0.0	0.0
	0.0	1.0	0.0	0.0
	0.0	1.0	0.0	0.0
	0.0	0.0	0.0	1.0
	1.0	0.0	0.0	0.0
	1.0	0.0	0.0	0.0
	0.0	0.0	1.0	0.0
	0.0	0.0	1.0	0.0
	0.0	1.0	0.0	0.0
	0.0	0.0	0.0	1.0
	0.0	0.0	1.0	0.0
	1.0	0.0	0.0	0.0
	0.0	0.0	0.0	1.0
	0.0	0.0	1.0	0.0
	1.0	0.0	0.0	0.0
	0.0	0.0	1.0	0.0
	0.0	0.0	1.0	0.0
	0.0	0.0	1.0	0.0
	0.0	1.0	0.0	0.0
	0.0	0.0	0.0	1.0
	1.0	0.0	0.0	0.0
	0.0	0.0	1.0	0.0
	0.0	1.0	0.0	0.0
	1.0	0.0	0.0	0.0

MEME version 4

ALPHABET= ACGT

MOTIF chr15:64656214-64656224

letter-probability matrix: alength= 4 w= 10
	1.0	0.0	0.0	0.0
	1.0	0.0	0.0	0.0
	1.0	0.0	0.0	0.0
	1.0	0.0	0.0	0.0
	0.5	0.0	0.5	0.0
	1.0	0.0	0.0	0.0
	1.0	0.0	0.0	0.0
	1.0	0.0	0.0	0.0
	1.0	0.0	0.0	0.0
	1.0	0.0	0.0	0.0

MEME version 4

ALPHABET= ACGT

MOTIF chr15:64698106-64698131

letter-probability matrix: alength= 4 w= 25
	0.0	1.0	0.0	0.0
	1.0	0.0	0.0	0.0
	0.0	1.0	0.0	0.0
	0.0	1.0	0.0	0.0
	0.0	0.0	0.0	1.0
	1.0	0.0	0.0	0.0
	1.0	0.0	0.0	0.0
	0.0	0.0	1.0	0.0
	0.0	0.0	1.0	0.0
	0.0	1.0	0.0	0.0
	0.0	0.0	0.0	1.0
	0.0	0.0	1.0	0.0
	1.0	0.0	0.0	0.0
	0.0	0.0	0.0	1.0
	0.0	0.0	1.0	0.0
	1.0	0.0	0.0	0.0
	0.0	0.0	1.0	0.0
	0.0	0.0	1.0	0.0
	0.0	0.0	1.0	0.0
	0.0	1.0	0.0	0.0
	0.0	0.0	0.0	1.0
	1.0	0.0	0.0	0.0
	0.0	0.0	1.0	0.0
	0.0	1.0	0.0	0.0
	1.0	0.0	0.0	0.0

MEME version 4

ALPHABET= ACGT

MOTIF chr19:12793480-12793490

letter-probability matrix: alength= 4 w= 10
	1.0	0.0	0.0	0.0
	1.0	0.0	0.0	0.0
	1.0	0.0	0.0	0.0
	1.0	0.0	0.0	0.0
	0.5	0.0	0.5	0.0
	1.0	0.0	0.0	0.0
	1.0	0.0	0.0	0.0
	1.0	0.0	0.0	0.0
	1.0	0.0	0.0	0.0
	1.0	0.0	0.0	0.0

MEME version 4

ALPHABET= ACGT

MOTIF chr19:12801513-12801538

letter-probability matrix: alength= 4 w= 25
	0.0	1.0	0.0	0.0
	1.0	0.0	0.0	0.0
	0.0	1.0	0.0	0.0
	0.0	1.0	0.0	0.0
	0.0	0.0	0.0	1.0
	1.0	0.0	0.0	0.0
	1.0	0.0	0.0	0.0
	0.0	0.0	1.0	0.0
	0.0	0.0	1.0	0.0
	0.0	1.0	0.0	0.0
	0.0	0.0	0.0	1.0
	0.0	0.0	1.0	0.0
	1.0	0.0	0.0	0.0
	0.0	0.0	0.0	1.0
	0.0	0.0	1.0	0.0
	1.0	0.0	0.0	0.0
	0.0	0.0	1.0	0.0
	0.0	0.0	1.0	0.0
	0.0	0.0	1.0	0.0
	0.0	1.0	0.0	0.0
	0.0	0.0	0.0	1.0
	1.0	0.0	0.0	0.0
	0.0	0.0	1.0	0.0
	0.0	1.0	0.0	0.0
	1.0	0.0	0.0	0.0

MEME version 4

ALPHABET= ACGT

MOTIF chrX:129305100-129305110

letter-probability matrix: alength= 4 w= 10
	1.0	0.0	0.0	0.0
	1.0	0.0	0.0	0.0
	1.0	0.0	0.0	0.0
	1.0	0.0	0.0	0.0
	0.5	0.0	0.5	0.0
	1.0	0.0	0.0	0.0
	1.0	0.0	0.0	0.0
	1.0	0.0	0.0	0.0
	1.0	0.0	0.0	0.0
	1.0	0.0	0.0	0.0

MEME version 4

ALPHABET= ACGT

MOTIF chrX:129274739-129274764

letter-probability matrix: alength= 4 w= 25
	0.0	1.0	0.0	0.0
	1.0	0.0	0.0	0.0
	0.0	1.0	0.0	0.0
	0.0	1.0	0.0	0.0
	0.0	0.0	0.0	1.0
	1.0	0.0	0.0	0.0
	1.0	0.0	0.0	0.0
	0.0	0.0	1.0	0.0
	0.0	0.0	1.0	0.0
	0.0	1.0	0.0	0.0
	0.0	0.0	0.0	1.0
	0.0	0.0	1.0	0.0
	1.0	0.0	0.0	0.0
	0.0	0.0	0.0	1.0
	0.0	0.0	1.0	0.0
	1.0	0.0	0.0	0.0
	0.0	0.0	1.0	0.0
	0.0	0.0	1.0	0.0
	0.0	0.0	1.0	0.0
	0.0	1.0	0.0	0.0
	0.0	0.0	0.0	1.0
	1.0	0.0	0.0	0.0
	0.0	0.0	1.0	0.0
	0.0	1.0	0.0	0.0
	1.0	0.0	0.0	0.0

MEME version 4

ALPHABET= ACGT

MOTIF chr19:40853530-40853540

letter-probability matrix: alength= 4 w= 10
	1.0	0.0	0.0	0.0
	1.0	0.0	0.0	0.0
	1.0	0.0	0.0	0.0
	1.0	0.0	0.0	0.0
	0.5	0.0	0.5	0.0
	1.0	0.0	0.0	0.0
	1.0	0.0	0.0	0.0
	1.0	0.0	0.0	0.0
	1.0	0.0	0.0	0.0
	1.0	0.0	0.0	0.0

MEME version 4

ALPHABET= ACGT

MOTIF chr19:40881122-40881147

letter-probability matrix: alength= 4 w= 25
	0.0	1.0	0.0	0.0
	1.0	0.0	0.0	0.0
	0.0	1.0	0.0	0.0
	0.0	1.0	0.0	0.0
	0.0	0.0	0.0	1.0
	1.0	0.0	0.0	0.0
	1.0	0.0	0.0	0.0
	0.0	0.0	1.0	0.0
	0.0	0.0	1.0	0.0
	0.0	1.0	0.0	0.0
	0.0	0.0	0.0	1.0
	0.0	0.0	1.0	0.0
	1.0	0.0	0.0	0.0
	0.0	0.0	0.0	1.0
	0.0	0.0	1.0	0.0
	1.0	0.0	0.0	0.0
	0.0	0.0	1.0	0.0
	0.0	0.0	1.0	0.0
	0.0	0.0	1.0	0.0
	0.0	1.0	0.0	0.0
	0.0	0.0	0.0	1.0
	1.0	0.0	0.0	0.0
	0.0	0.0	1.0	0.0
	0.0	1.0	0.0	0.0
	1.0	0.0	0.0	0.0

MEME version 4

ALPHABET= ACGT

MOTIF chr7:108194612-108194622

letter-probability matrix: alength= 4 w= 10
	1.0	0.0	0.0	0.0
	1.0	0.0	0.0	0.0
	1.0	0.0	0.0	0.0
	1.0	0.0	0.0	0.0
	0.5	0.0	0.5	0.0
	1.0	0.0	0.0	0.0
	1.0	0.0	0.0	0.0
	1.0	0.0	0.0	0.0
	1.0	0.0	0.0	0.0
	1.0	0.0	0.0	0.0

MEME version 4

ALPHABET= ACGT

MOTIF chr7:108191901-108191926

letter-probability matrix: alength= 4 w= 25
	0.0	1.0	0.0	0.0
	1.0	0.0	0.0	0.0
	0.0	1.0	0.0	0.0
	0.0	1.0	0.0	0.0
	0.0	0.0	0.0	1.0
	1.0	0.0	0.0	0.0
	1.0	0.0	0.0	0.0
	0.0	0.0	1.0	0.0
	0.0	0.0	1.0	0.0
	0.0	1.0	0.0	0.0
	0.0	0.0	0.0	1.0
	0.0	0.0	1.0	0.0
	1.0	0.0	0.0	0.0
	0.0	0.0	0.0	1.0
	0.0	0.0	1.0	0.0
	1.0	0.0	0.0	0.0
	0.0	0.0	1.0	0.0
	0.0	0.0	1.0	0.0
	0.0	0.0	1.0	0.0
	0.0	1.0	0.0	0.0
	0.0	0.0	0.0	1.0
	1.0	0.0	0.0	0.0
	0.0	0.0	1.0	0.0
	0.0	1.0	0.0	0.0
	1.0	0.0	0.0	0.0

MEME version 4

ALPHABET= ACGT

MOTIF chr12:58164781-58164791

letter-probability matrix: alength= 4 w= 10
	1.0	0.0	0.0	0.0
	1.0	0.0	0.0	0.0
	1.0	0.0	0.0	0.0
	1.0	0.0	0.0	0.0
	0.5	0.0	0.5	0.0
	1.0	0.0	0.0	0.0
	1.0	0.0	0.0	0.0
	1.0	0.0	0.0	0.0
	1.0	0.0	0.0	0.0
	1.0	0.0	0.0	0.0

MEME version 4

ALPHABET= ACGT

MOTIF chr12:58150531-58150556

letter-probability matrix: alength= 4 w= 25
	0.0	1.0	0.0	0.0
	1.0	0.0	0.0	0.0
	0.0	1.0	0.0	0.0
	0.0	1.0	0.0	0.0
	0.0	0.0	0.0	1.0
	1.0	0.0	0.0	0.0
	1.0	0.0	0.0	0.0
	0.0	0.0	1.0	0.0
	0.0	0.0	1.0	0.0
	0.0	1.0	0.0	0.0
	0.0	0.0	0.0	1.0
	0.0	0.0	1.0	0.0
	1.0	0.0	0.0	0.0
	0.0	0.0	0.0	1.0
	0.0	0.0	1.0	0.0
	1.0	0.0	0.0	0.0
	0.0	0.0	1.0	0.0
	0.0	0.0	1.0	0.0
	0.0	0.0	1.0	0.0
	0.0	1.0	0.0	0.0
	0.0	0.0	0.0	1.0
	1.0	0.0	0.0	0.0
	0.0	0.0	1.0	0.0
	0.0	1.0	0.0	0.0
	1.0	0.0	0.0	0.0

MEME version 4

ALPHABET= ACGT

MOTIF chr6:4065408-4065418

letter-probability matrix: alength= 4 w= 10
	1.0	0.0	0.0	0.0
	1.0	0.0	0.0	0.0
	1.0	0.0	0.0	0.0
	1.0	0.0	0.0	0.0
	0.5	0.0	0.5	0.0
	1.0	0.0	0.0	0.0
	1.0	0.0	0.0	0.0
	1.0	0.0	0.0	0.0
	1.0	0.0	0.0	0.0
	1.0	0.0	0.0	0.0

MEME version 4

ALPHABET= ACGT

MOTIF chr6:4002719-4002744

letter-probability matrix: alength= 4 w= 25
	0.0	1.0	0.0	0.0
	1.0	0.0	0.0	0.0
	0.0	1.0	0.0	0.0
	0.0	1.0	0.0	0.0
	0.0	0.0	0.0	1.0
	1.0	0.0	0.0	0.0
	1.0	0.0	0.0	0.0
	0.0	0.0	1.0	0.0
	0.0	0.0	1.0	0.0
	0.0	1.0	0.0	0.0
	0.0	0.0	0.0	1.0
	0.0	0.0	1.0	0.0
	1.0	0.0	0.0	0.0
	0.0	0.0	0.0	1.0
	0.0	0.0	1.0	0.0
	1.0	0.0	0.0	0.0
	0.0	0.0	1.0	0.0
	0.0	0.0	1.0	0.0
	0.0	0.0	1.0	0.0
	0.0	1.0	0.0	0.0
	0.0	0.0	0.0	1.0
	1.0	0.0	0.0	0.0
	0.0	0.0	1.0	0.0
	0.0	1.0	0.0	0.0
	1.0	0.0	0.0	0.0

MEME version 4

ALPHABET= ACGT

MOTIF chr17:41836521-41836531

letter-probability matrix: alength= 4 w= 10
	1.0	0.0	0.0	0.0
	1.0	0.0	0.0	0.0
	1.0	0.0	0.0	0.0
	1.0	0.0	0.0	0.0
	0.5	0.0	0.5	0.0
	1.0	0.0	0.0	0.0
	1.0	0.0	0.0	0.0
	1.0	0.0	0.0	0.0
	1.0	0.0	0.0	0.0
	1.0	0.0	0.0	0.0

MEME version 4

ALPHABET= ACGT

MOTIF chr17:41839837-41839862

letter-probability matrix: alength= 4 w= 25
	0.0	1.0	0.0	0.0
	1.0	0.0	0.0	0.0
	0.0	1.0	0.0	0.0
	0.0	1.0	0.0	0.0
	0.0	0.0	0.0	1.0
	1.0	0.0	0.0	0.0
	1.0	0.0	0.0	0.0
	0.0	0.0	1.0	0.0
	0.0	0.0	1.0	0.0
	0.0	1.0	0.0	0.0
	0.0	0.0	0.0	1.0
	0.0	0.0	1.0	0.0
	1.0	0.0	0.0	0.0
	0.0	0.0	0.0	1.0
	0.0	0.0	1.0	0.0
	1.0	0.0	0.0	0.0
	0.0	0.0	1.0	0.0
	0.0	0.0	1.0	0.0
	0.0	0.0	1.0	0.0
	0.0	1.0	0.0	0.0
	0.0	0.0	0.0	1.0
	1.0	0.0	0.0	0.0
	0.0	0.0	1.0	0.0
	0.0	1.0	0.0	0.0
	1.0	0.0	0.0	0.0

MEME version 4

ALPHABET= ACGT

MOTIF chr22:21142049-21142059

letter-probability matrix: alength= 4 w= 10
	1.0	0.0	0.0	0.0
	1.0	0.0	0.0	0.0
	1.0	0.0	0.0	0.0
	1.0	0.0	0.0	0.0
	0.5	0.0	0.5	0.0
	1.0	0.0	0.0	0.0
	1.0	0.0	0.0	0.0
	1.0	0.0	0.0	0.0
	1.0	0.0	0.0	0.0
	1.0	0.0	0.0	0.0

MEME version 4

ALPHABET= ACGT

MOTIF chr22:21123848-21123873

letter-probability matrix: alength= 4 w= 25
	0.0	1.0	0.0	0.0
	1.0	0.0	0.0	0.0
	0.0	1.0	0.0	0.0
	0.0	1.0	0.0	0.0
	0.0	0.0	0.0	1.0
	1.0	0.0	0.0	0.0
	1.0	0.0	0.0	0.0
	0.0	0.0	1.0	0.0
	0.0	0.0	1.0	0.0
	0.0	1.0	0.0	0.0
	0.0	0.0	0.0	1.0
	0.0	0.0	1.0	0.0
	1.0	0.0	0.0	0.0
	0.0	0.0	0.0	1.0
	0.0	0.0	1.0	0.0
	1.0	0.0	0.0	0.0
	0.0	0.0	1.0	0.0
	0.0	0.0	1.0	0.0
	0.0	0.0	1.0	0.0
	0.0	1.0	0.0	0.0
	0.0	0.0	0.0	1.0
	1.0	0.0	0.0	0.0
	0.0	0.0	1.0	0.0
	0.0	1.0	0.0	0.0
	1.0	0.0	0.0	0.0

MEME version 4

ALPHABET= ACGT

MOTIF chr10:126436385-126436395

letter-probability matrix: alength= 4 w= 10
	1.0	0.0	0.0	0.0
	1.0	0.0	0.0	0.0
	1.0	0.0	0.0	0.0
	1.0	0.0	0.0	0.0
	0.5	0.0	0.5	0.0
	1.0	0.0	0.0	0.0
	1.0	0.0	0.0	0.0
	1.0	0.0	0.0	0.0
	1.0	0.0	0.0	0.0
	1.0	0.0	0.0	0.0

MEME version 4

ALPHABET= ACGT

MOTIF chr10:126503919-126503944

letter-probability matrix: alength= 4 w= 25
	0.0	1.0	0.0	0.0
	1.0	0.0	0.0	0.0
	0.0	1.0	0.0	0.0
	0.0	1.0	0.0	0.0
	0.0	0.0	0.0	1.0
	1.0	0.0	0.0	0.0
	1.0	0.0	0.0	0.0
	0.0	0.0	1.0	0.0
	0.0	0.0	1.0	0.0
	0.0	1.0	0.0	0.0
	0.0	0.0	0.0	1.0
	0.0	0.0	1.0	0.0
	1.0	0.0	0.0	0.0
	0.0	0.0	0.0	1.0
	0.0	0.0	1.0	0.0
	1.0	0.0	0.0	0.0
	0.0	0.0	1.0	0.0
	0.0	0.0	1.0	0.0
	0.0	0.0	1.0	0.0
	0.0	1.0	0.0	0.0
	0.0	0.0	0.0	1.0
	1.0	0.0	0.0	0.0
	0.0	0.0	1.0	0.0
	0.0	1.0	0.0	0.0
	1.0	0.0	0.0	0.0

MEME version 4

ALPHABET= ACGT

MOTIF chr6:31547346-31547356

letter-probability matrix: alength= 4 w= 10
	1.0	0.0	0.0	0.0
	1.0	0.0	0.0	0.0
	1.0	0.0	0.0	0.0
	1.0	0.0	0.0	0.0
	0.5	0.0	0.5	0.0
	1.0	0.0	0.0	0.0
	1.0	0.0	0.0	0.0
	1.0	0.0	0.0	0.0
	1.0	0.0	0.0	0.0
	1.0	0.0	0.0	0.0

MEME version 4

ALPHABET= ACGT

MOTIF chr6:31567545-31567570

letter-probability matrix: alength= 4 w= 25
	0.0	1.0	0.0	0.0
	1.0	0.0	0.0	0.0
	0.0	1.0	0.0	0.0
	0.0	1.0	0.0	0.0
	0.0	0.0	0.0	1.0
	1.0	0.0	0.0	0.0
	1.0	0.0	0.0	0.0
	0.0	0.0	1.0	0.0
	0.0	0.0	1.0	0.0
	0.0	1.0	0.0	0.0
	0.0	0.0	0.0	1.0
	0.0	0.0	1.0	0.0
	1.0	0.0	0.0	0.0
	0.0	0.0	0.0	1.0
	0.0	0.0	1.0	0.0
	1.0	0.0	0.0	0.0
	0.0	0.0	1.0	0.0
	0.0	0.0	1.0	0.0
	0.0	0.0	1.0	0.0
	0.0	1.0	0.0	0.0
	0.0	0.0	0.0	1.0
	1.0	0.0	0.0	0.0
	0.0	0.0	1.0	0.0
	0.0	1.0	0.0	0.0
	1.0	0.0	0.0	0.0

MEME version 4

ALPHABET= ACGT

MOTIF chr15:91260364-91260374

letter-probability matrix: alength= 4 w= 10
	1.0	0.0	0.0	0.0
	1.0	0.0	0.0	0.0
	1.0	0.0	0.0	0.0
	1.0	0.0	0.0	0.0
	0.5	0.0	0.5	0.0
	1.0	0.0	0.0	0.0
	1.0	0.0	0.0	0.0
	1.0	0.0	0.0	0.0
	1.0	0.0	0.0	0.0
	1.0	0.0	0.0	0.0

MEME version 4

ALPHABET= ACGT

MOTIF chr15:91241147-91241172

letter-probability matrix: alength= 4 w= 25
	0.0	1.0	0.0	0.0
	1.0	0.0	0.0	0.0
	0.0	1.0	0.0	0.0
	0.0	1.0	0.0	0.0
	0.0	0.0	0.0	1.0
	1.0	0.0	0.0	0.0
	1.0	0.0	0.0	0.0
	0.0	0.0	1.0	0.0
	0.0	0.0	1.0	0.0
	0.0	1.0	0.0	0.0
	0.0	0.0	0.0	1.0
	0.0	0.0	1.0	0.0
	1.0	0.0	0.0	0.0
	0.0	0.0	0.0	1.0
	0.0	0.0	1.0	0.0
	1.0	0.0	0.0	0.0
	0.0	0.0	1.0	0.0
	0.0	0.0	1.0	0.0
	0.0	0.0	1.0	0.0
	0.0	1.0	0.0	0.0
	0.0	0.0	0.0	1.0
	1.0	0.0	0.0	0.0
	0.0	0.0	1.0	0.0
	0.0	1.0	0.0	0.0
	1.0	0.0	0.0	0.0

MEME version 4

ALPHABET= ACGT

MOTIF chr2:136289513-136289523

letter-probability matrix: alength= 4 w= 10
	1.0	0.0	0.0	0.0
	1.0	0.0	0.0	0.0
	1.0	0.0	0.0	0.0
	1.0	0.0	0.0	0.0
	0.5	0.0	0.5	0.0
	1.0	0.0	0.0	0.0
	1.0	0.0	0.0	0.0
	1.0	0.0	0.0	0.0
	1.0	0.0	0.0	0.0
	1.0	0.0	0.0	0.0

MEME version 4

ALPHABET= ACGT

MOTIF chr2:136303904-136303929

letter-probability matrix: alength= 4 w= 25
	0.0	1.0	0.0	0.0
	1.0	0.0	0.0	0.0
	0.0	1.0	0.0	0.0
	0.0	1.0	0.0	0.0
	0.0	0.0	0.0	1.0
	1.0	0.0	0.0	0.0
	1.0	0.0	0.0	0.0
	0.0	0.0	1.0	0.0
	0.0	0.0	1.0	0.0
	0.0	1.0	0.0	0.0
	0.0	0.0	0.0	1.0
	0.0	0.0	1.0	0.0
	1.0	0.0	0.0	0.0
	0.0	0.0	0.0	1.0
	0.0	0.0	1.0	0.0
	1.0	0.0	0.0	0.0
	0.0	0.0	1.0	0.0
	0.0	0.0	1.0	0.0
	0.0	0.0	1.0	0.0
	0.0	1.0	0.0	0.0
	0.0	0.0	0.0	1.0
	1.0	0.0	0.0	0.0
	0.0	0.0	1.0	0.0
	0.0	1.0	0.0	0.0
	1.0	0.0	0.0	0.0

MEME version 4

ALPHABET= ACGT

MOTIF chr19:36316208-36316218

letter-probability matrix: alength= 4 w= 10
	1.0	0.0	0.0	0.0
	1.0	0.0	0.0	0.0
	1.0	0.0	0.0	0.0
	1.0	0.0	0.0	0.0
	0.5	0.0	0.5	0.0
	1.0	0.0	0.0	0.0
	1.0	0.0	0.0	0.0
	1.0	0.0	0.0	0.0
	1.0	0.0	0.0	0.0
	1.0	0.0	0.0	0.0

MEME version 4

ALPHABET= ACGT

MOTIF chr19:36370156-36370181

letter-probability matrix: alength= 4 w= 25
	0.0	1.0	0.0	0.0
	1.0	0.0	0.0	0.0
	0.0	1.0	0.0	0.0
	0.0	1.0	0.0	0.0
	0.0	0.0	0.0	1.0
	1.0	0.0	0.0	0.0
	1.0	0.0	0.0	0.0
	0.0	0.0	1.0	0.0
	0.0	0.0	1.0	0.0
	0.0	1.0	0.0	0.0
	0.0	0.0	0.0	1.0
	0.0	0.0	1.0	0.0
	1.0	0.0	0.0	0.0
	0.0	0.0	0.0	1.0
	0.0	0.0	1.0	0.0
	1.0	0.0	0.0	0.0
	0.0	0.0	1.0	0.0
	0.0	0.0	1.0	0.0
	0.0	0.0	1.0	0.0
	0.0	1.0	0.0	0.0
	0.0	0.0	0.0	1.0
	1.0	0.0	0.0	0.0
	0.0	0.0	1.0	0.0
	0.0	1.0	0.0	0.0
	1.0	0.0	0.0	0.0

MEME version 4

ALPHABET= ACGT

MOTIF chr12:58028052-58028062

letter-probability matrix: alength= 4 w= 10
	1.0	0.0	0.0	0.0
	1.0	0.0	0.0	0.0
	1.0	0.0	0.0	0.0
	1.0	0.0	0.0	0.0
	0.5	0.0	0.5	0.0
	1.0	0.0	0.0	0.0
	1.0	0.0	0.0	0.0
	1.0	0.0	0.0	0.0
	1.0	0.0	0.0	0.0
	1.0	0.0	0.0	0.0

MEME version 4

ALPHABET= ACGT

MOTIF chr12:58017713-58017738

letter-probability matrix: alength= 4 w= 25
	0.0	1.0	0.0	0.0
	1.0	0.0	0.0	0.0
	0.0	1.0	0.0	0.0
	0.0	1.0	0.0	0.0
	0.0	0.0	0.0	1.0
	1.0	0.0	0.0	0.0
	1.0	0.0	0.0	0.0
	0.0	0.0	1.0	0.0
	0.0	0.0	1.0	0.0
	0.0	1.0	0.0	0.0
	0.0	0.0	0.0	1.0
	0.0	0.0	1.0	0.0
	1.0	0.0	0.0	0.0
	0.0	0.0	0.0	1.0
	0.0	0.0	1.0	0.0
	1.0	0.0	0.0	0.0
	0.0	0.0	1.0	0.0
	0.0	0.0	1.0	0.0
	0.0	0.0	1.0	0.0
	0.0	1.0	0.0	0.0
	0.0	0.0	0.0	1.0
	1.0	0.0	0.0	0.0
	0.0	0.0	1.0	0.0
	0.0	1.0	0.0	0.0
	1.0	0.0	0.0	0.0

MEME version 4

ALPHABET= ACGT

MOTIF chr4:108642324-108642334

letter-probability matrix: alength= 4 w= 10
	1.0	0.0	0.0	0.0
	1.0	0.0	0.0	0.0
	1.0	0.0	0.0	0.0
	1.0	0.0	0.0	0.0
	0.5	0.0	0.5	0.0
	1.0	0.0	0.0	0.0
	1.0	0.0	0.0	0.0
	1.0	0.0	0.0	0.0
	1.0	0.0	0.0	0.0
	1.0	0.0	0.0	0.0

MEME version 4

ALPHABET= ACGT

MOTIF chr4:108614534-108614559

letter-probability matrix: alength= 4 w= 25
	0.0	1.0	0.0	0.0
	1.0	0.0	0.0	0.0
	0.0	1.0	0.0	0.0
	0.0	1.0	0.0	0.0
	0.0	0.0	0.0	1.0
	1.0	0.0	0.0	0.0
	1.0	0.0	0.0	0.0
	0.0	0.0	1.0	0.0
	0.0	0.0	1.0	0.0
	0.0	1.0	0.0	0.0
	0.0	0.0	0.0	1.0
	0.0	0.0	1.0	0.0
	1.0	0.0	0.0	0.0
	0.0	0.0	0.0	1.0
	0.0	0.0	1.0	0.0
	1.0	0.0	0.0	0.0
	0.0	0.0	1.0	0.0
	0.0	0.0	1.0	0.0
	0.0	0.0	1.0	0.0
	0.0	1.0	0.0	0.0
	0.0	0.0	0.0	1.0
	1.0	0.0	0.0	0.0
	0.0	0.0	1.0	0.0
	0.0	1.0	0.0	0.0
	1.0	0.0	0.0	0.0

MEME version 4

ALPHABET= ACGT

MOTIF chr19:39875554-39875564

letter-probability matrix: alength= 4 w= 10
	1.0	0.0	0.0	0.0
	1.0	0.0	0.0	0.0
	1.0	0.0	0.0	0.0
	1.0	0.0	0.0	0.0
	0.5	0.0	0.5	0.0
	1.0	0.0	0.0	0.0
	1.0	0.0	0.0	0.0
	1.0	0.0	0.0	0.0
	1.0	0.0	0.0	0.0
	1.0	0.0	0.0	0.0

MEME version 4

ALPHABET= ACGT

MOTIF chr19:39876430-39876455

letter-probability matrix: alength= 4 w= 25
	0.0	1.0	0.0	0.0
	1.0	0.0	0.0	0.0
	0.0	1.0	0.0	0.0
	0.0	1.0	0.0	0.0
	0.0	0.0	0.0	1.0
	1.0	0.0	0.0	0.0
	1.0	0.0	0.0	0.0
	0.0	0.0	1.0	0.0
	0.0	0.0	1.0	0.0
	0.0	1.0	0.0	0.0
	0.0	0.0	0.0	1.0
	0.0	0.0	1.0	0.0
	1.0	0.0	0.0	0.0
	0.0	0.0	0.0	1.0
	0.0	0.0	1.0	0.0
	1.0	0.0	0.0	0.0
	0.0	0.0	1.0	0.0
	0.0	0.0	1.0	0.0
	0.0	0.0	1.0	0.0
	0.0	1.0	0.0	0.0
	0.0	0.0	0.0	1.0
	1.0	0.0	0.0	0.0
	0.0	0.0	1.0	0.0
	0.0	1.0	0.0	0.0
	1.0	0.0	0.0	0.0

MEME version 4

ALPHABET= ACGT

MOTIF chr20:43934800-43934810

letter-probability matrix: alength= 4 w= 10
	1.0	0.0	0.0	0.0
	1.0	0.0	0.0	0.0
	1.0	0.0	0.0	0.0
	1.0	0.0	0.0	0.0
	0.5	0.0	0.5	0.0
	1.0	0.0	0.0	0.0
	1.0	0.0	0.0	0.0
	1.0	0.0	0.0	0.0
	1.0	0.0	0.0	0.0
	1.0	0.0	0.0	0.0

MEME version 4

ALPHABET= ACGT

MOTIF chr20:43945998-43946023

letter-probability matrix: alength= 4 w= 25
	0.0	1.0	0.0	0.0
	1.0	0.0	0.0	0.0
	0.0	1.0	0.0	0.0
	0.0	1.0	0.0	0.0
	0.0	0.0	0.0	1.0
	1.0	0.0	0.0	0.0
	1.0	0.0	0.0	0.0
	0.0	0.0	1.0	0.0
	0.0	0.0	1.0	0.0
	0.0	1.0	0.0	0.0
	0.0	0.0	0.0	1.0
	0.0	0.0	1.0	0.0
	1.0	0.0	0.0	0.0
	0.0	0.0	0.0	1.0
	0.0	0.0	1.0	0.0
	1.0	0.0	0.0	0.0
	0.0	0.0	1.0	0.0
	0.0	0.0	1.0	0.0
	0.0	0.0	1.0	0.0
	0.0	1.0	0.0	0.0
	0.0	0.0	0.0	1.0
	1.0	0.0	0.0	0.0
	0.0	0.0	1.0	0.0
	0.0	1.0	0.0	0.0
	1.0	0.0	0.0	0.0

MEME version 4

ALPHABET= ACGT

MOTIF chr7:2393033-2393043

letter-probability matrix: alength= 4 w= 10
	1.0	0.0	0.0	0.0
	1.0	0.0	0.0	0.0
	1.0	0.0	0.0	0.0
	1.0	0.0	0.0	0.0
	0.5	0.0	0.5	0.0
	1.0	0.0	0.0	0.0
	1.0	0.0	0.0	0.0
	1.0	0.0	0.0	0.0
	1.0	0.0	0.0	0.0
	1.0	0.0	0.0	0.0

MEME version 4

ALPHABET= ACGT

MOTIF chr7:2422620-2422645

letter-probability matrix: alength= 4 w= 25
	0.0	1.0	0.0	0.0
	1.0	0.0	0.0	0.0
	0.0	1.0	0.0	0.0
	0.0	1.0	0.0	0.0
	0.0	0.0	0.0	1.0
	1.0	0.0	0.0	0.0
	1.0	0.0	0.0	0.0
	0.0	0.0	1.0	0.0
	0.0	0.0	1.0	0.0
	0.0	1.0	0.0	0.0
	0.0	0.0	0.0	1.0
	0.0	0.0	1.0	0.0
	1.0	0.0	0.0	0.0
	0.0	0.0	0.0	1.0
	0.0	0.0	1.0	0.0
	1.0	0.0	0.0	0.0
	0.0	0.0	1.0	0.0
	0.0	0.0	1.0	0.0
	0.0	0.0	1.0	0.0
	0.0	1.0	0.0	0.0
	0.0	0.0	0.0	1.0
	1.0	0.0	0.0	0.0
	0.0	0.0	1.0	0.0
	0.0	1.0	0.0	0.0
	1.0	0.0	0.0	0.0

MEME version 4

ALPHABET= ACGT

MOTIF chr2:68695282-68695292

letter-probability matrix: alength= 4 w= 10
	1.0	0.0	0.0	0.0
	1.0	0.0	0.0	0.0
	1.0	0.0	0.0	0.0
	1.0	0.0	0.0	0.0
	0.5	0.0	0.5	0.0
	1.0	0.0	0.0	0.0
	1.0	0.0	0.0	0.0
	1.0	0.0	0.0	0.0
	1.0	0.0	0.0	0.0
	1.0	0.0	0.0	0.0

MEME version 4

ALPHABET= ACGT

MOTIF chr2:68716084-68716109

letter-probability matrix: alength= 4 w= 25
	0.0	1.0	0.0	0.0
	1.0	0.0	0.0	0.0
	0.0	1.0	0.0	0.0
	0.0	1.0	0.0	0.0
	0.0	0.0	0.0	1.0
	1.0	0.0	0.0	0.0
	1.0	0.0	0.0	0.0
	0.0	0.0	1.0	0.0
	0.0	0.0	1.0	0.0
	0.0	1.0	0.0	0.0
	0.0	0.0	0.0	1.0
	0.0	0.0	1.0	0.0
	1.0	0.0	0.0	0.0
	0.0	0.0	0.0	1.0
	0.0	0.0	1.0	0.0
	1.0	0.0	0.0	0.0
	0.0	0.0	1.0	0.0
	0.0	0.0	1.0	0.0
	0.0	0.0	1.0	0.0
	0.0	1.0	0.0	0.0
	0.0	0.0	0.0	1.0
	1.0	0.0	0.0	0.0
	0.0	0.0	1.0	0.0
	0.0	1.0	0.0	0.0
	1.0	0.0	0.0	0.0

MEME version 4

ALPHABET= ACGT

MOTIF chr7:75697702-75697712

letter-probability matrix: alength= 4 w= 10
	1.0	0.0	0.0	0.0
	1.0	0.0	0.0	0.0
	1.0	0.0	0.0	0.0
	1.0	0.0	0.0	0.0
	0.5	0.0	0.5	0.0
	1.0	0.0	0.0	0.0
	1.0	0.0	0.0	0.0
	1.0	0.0	0.0	0.0
	1.0	0.0	0.0	0.0
	1.0	0.0	0.0	0.0

MEME version 4

ALPHABET= ACGT

MOTIF chr7:75649583-75649608

letter-probability matrix: alength= 4 w= 25
	0.0	1.0	0.0	0.0
	1.0	0.0	0.0	0.0
	0.0	1.0	0.0	0.0
	0.0	1.0	0.0	0.0
	0.0	0.0	0.0	1.0
	1.0	0.0	0.0	0.0
	1.0	0.0	0.0	0.0
	0.0	0.0	1.0	0.0
	0.0	0.0	1.0	0.0
	0.0	1.0	0.0	0.0
	0.0	0.0	0.0	1.0
	0.0	0.0	1.0	0.0
	1.0	0.0	0.0	0.0
	0.0	0.0	0.0	1.0
	0.0	0.0	1.0	0.0
	1.0	0.0	0.0	0.0
	0.0	0.0	1.0	0.0
	0.0	0.0	1.0	0.0
	0.0	0.0	1.0	0.0
	0.0	1.0	0.0	0.0
	0.0	0.0	0.0	1.0
	1.0	0.0	0.0	0.0
	0.0	0.0	1.0	0.0
	0.0	1.0	0.0	0.0
	1.0	0.0	0.0	0.0

MEME version 4

ALPHABET= ACGT

MOTIF chr7:5109337-5109347

letter-probability matrix: alength= 4 w= 10
	1.0	0.0	0.0	0.0
	1.0	0.0	0.0	0.0
	1.0	0.0	0.0	0.0
	1.0	0.0	0.0	0.0
	0.5	0.0	0.5	0.0
	1.0	0.0	0.0	0.0
	1.0	0.0	0.0	0.0
	1.0	0.0	0.0	0.0
	1.0	0.0	0.0	0.0
	1.0	0.0	0.0	0.0

MEME version 4

ALPHABET= ACGT

MOTIF chr7:5080061-5080086

letter-probability matrix: alength= 4 w= 25
	0.0	1.0	0.0	0.0
	1.0	0.0	0.0	0.0
	0.0	1.0	0.0	0.0
	0.0	1.0	0.0	0.0
	0.0	0.0	0.0	1.0
	1.0	0.0	0.0	0.0
	1.0	0.0	0.0	0.0
	0.0	0.0	1.0	0.0
	0.0	0.0	1.0	0.0
	0.0	1.0	0.0	0.0
	0.0	0.0	0.0	1.0
	0.0	0.0	1.0	0.0
	1.0	0.0	0.0	0.0
	0.0	0.0	0.0	1.0
	0.0	0.0	1.0	0.0
	1.0	0.0	0.0	0.0
	0.0	0.0	1.0	0.0
	0.0	0.0	1.0	0.0
	0.0	0.0	1.0	0.0
	0.0	1.0	0.0	0.0
	0.0	0.0	0.0	1.0
	1.0	0.0	0.0	0.0
	0.0	0.0	1.0	0.0
	0.0	1.0	0.0	0.0
	1.0	0.0	0.0	0.0

MEME version 4

ALPHABET= ACGT

MOTIF chr1:22004246-22004256

letter-probability matrix: alength= 4 w= 10
	1.0	0.0	0.0	0.0
	1.0	0.0	0.0	0.0
	1.0	0.0	0.0	0.0
	1.0	0.0	0.0	0.0
	0.5	0.0	0.5	0.0
	1.0	0.0	0.0	0.0
	1.0	0.0	0.0	0.0
	1.0	0.0	0.0	0.0
	1.0	0.0	0.0	0.0
	1.0	0.0	0.0	0.0

MEME version 4

ALPHABET= ACGT

MOTIF chr1:22138628-22138653

letter-probability matrix: alength= 4 w= 25
	0.0	1.0	0.0	0.0
	1.0	0.0	0.0	0.0
	0.0	1.0	0.0	0.0
	0.0	1.0	0.0	0.0
	0.0	0.0	0.0	1.0
	1.0	0.0	0.0	0.0
	1.0	0.0	0.0	0.0
	0.0	0.0	1.0	0.0
	0.0	0.0	1.0	0.0
	0.0	1.0	0.0	0.0
	0.0	0.0	0.0	1.0
	0.0	0.0	1.0	0.0
	1.0	0.0	0.0	0.0
	0.0	0.0	0.0	1.0
	0.0	0.0	1.0	0.0
	1.0	0.0	0.0	0.0
	0.0	0.0	1.0	0.0
	0.0	0.0	1.0	0.0
	0.0	0.0	1.0	0.0
	0.0	1.0	0.0	0.0
	0.0	0.0	0.0	1.0
	1.0	0.0	0.0	0.0
	0.0	0.0	1.0	0.0
	0.0	1.0	0.0	0.0
	1.0	0.0	0.0	0.0

MEME version 4

ALPHABET= ACGT

MOTIF chr16:4560696-4560706

letter-probability matrix: alength= 4 w= 10
	1.0	0.0	0.0	0.0
	1.0	0.0	0.0	0.0
	1.0	0.0	0.0	0.0
	1.0	0.0	0.0	0.0
	0.5	0.0	0.5	0.0
	1.0	0.0	0.0	0.0
	1.0	0.0	0.0	0.0
	1.0	0.0	0.0	0.0
	1.0	0.0	0.0	0.0
	1.0	0.0	0.0	0.0

MEME version 4

ALPHABET= ACGT

MOTIF chr16:4478321-4478346

letter-probability matrix: alength= 4 w= 25
	0.0	1.0	0.0	0.0
	1.0	0.0	0.0	0.0
	0.0	1.0	0.0	0.0
	0.0	1.0	0.0	0.0
	0.0	0.0	0.0	1.0
	1.0	0.0	0.0	0.0
	1.0	0.0	0.0	0.0
	0.0	0.0	1.0	0.0
	0.0	0.0	1.0	0.0
	0.0	1.0	0.0	0.0
	0.0	0.0	0.0	1.0
	0.0	0.0	1.0	0.0
	1.0	0.0	0.0	0.0
	0.0	0.0	0.0	1.0
	0.0	0.0	1.0	0.0
	1.0	0.0	0.0	0.0
	0.0	0.0	1.0	0.0
	0.0	0.0	1.0	0.0
	0.0	0.0	1.0	0.0
	0.0	1.0	0.0	0.0
	0.0	0.0	0.0	1.0
	1.0	0.0	0.0	0.0
	0.0	0.0	1.0	0.0
	0.0	1.0	0.0	0.0
	1.0	0.0	0.0	0.0

MEME version 4

ALPHABET= ACGT

MOTIF chr1:22110875-22110885

letter-probability matrix: alength= 4 w= 10
	1.0	0.0	0.0	0.0
	1.0	0.0	0.0	0.0
	1.0	0.0	0.0	0.0
	1.0	0.0	0.0	0.0
	0.5	0.0	0.5	0.0
	1.0	0.0	0.0	0.0
	1.0	0.0	0.0	0.0
	1.0	0.0	0.0	0.0
	1.0	0.0	0.0	0.0
	1.0	0.0	0.0	0.0

MEME version 4

ALPHABET= ACGT

MOTIF chr1:22138628-22138653

letter-probability matrix: alength= 4 w= 25
	0.0	1.0	0.0	0.0
	1.0	0.0	0.0	0.0
	0.0	1.0	0.0	0.0
	0.0	1.0	0.0	0.0
	0.0	0.0	0.0	1.0
	1.0	0.0	0.0	0.0
	1.0	0.0	0.0	0.0
	0.0	0.0	1.0	0.0
	0.0	0.0	1.0	0.0
	0.0	1.0	0.0	0.0
	0.0	0.0	0.0	1.0
	0.0	0.0	1.0	0.0
	1.0	0.0	0.0	0.0
	0.0	0.0	0.0	1.0
	0.0	0.0	1.0	0.0
	1.0	0.0	0.0	0.0
	0.0	0.0	1.0	0.0
	0.0	0.0	1.0	0.0
	0.0	0.0	1.0	0.0
	0.0	1.0	0.0	0.0
	0.0	0.0	0.0	1.0
	1.0	0.0	0.0	0.0
	0.0	0.0	1.0	0.0
	0.0	1.0	0.0	0.0
	1.0	0.0	0.0	0.0

MEME version 4

ALPHABET= ACGT

MOTIF chr20:30251388-30251398

letter-probability matrix: alength= 4 w= 10
	1.0	0.0	0.0	0.0
	1.0	0.0	0.0	0.0
	1.0	0.0	0.0	0.0
	1.0	0.0	0.0	0.0
	0.5	0.0	0.5	0.0
	1.0	0.0	0.0	0.0
	1.0	0.0	0.0	0.0
	1.0	0.0	0.0	0.0
	1.0	0.0	0.0	0.0
	1.0	0.0	0.0	0.0

MEME version 4

ALPHABET= ACGT

MOTIF chr20:30325735-30325760

letter-probability matrix: alength= 4 w= 25
	0.0	1.0	0.0	0.0
	1.0	0.0	0.0	0.0
	0.0	1.0	0.0	0.0
	0.0	1.0	0.0	0.0
	0.0	0.0	0.0	1.0
	1.0	0.0	0.0	0.0
	1.0	0.0	0.0	0.0
	0.0	0.0	1.0	0.0
	0.0	0.0	1.0	0.0
	0.0	1.0	0.0	0.0
	0.0	0.0	0.0	1.0
	0.0	0.0	1.0	0.0
	1.0	0.0	0.0	0.0
	0.0	0.0	0.0	1.0
	0.0	0.0	1.0	0.0
	1.0	0.0	0.0	0.0
	0.0	0.0	1.0	0.0
	0.0	0.0	1.0	0.0
	0.0	0.0	1.0	0.0
	0.0	1.0	0.0	0.0
	0.0	0.0	0.0	1.0
	1.0	0.0	0.0	0.0
	0.0	0.0	1.0	0.0
	0.0	1.0	0.0	0.0
	1.0	0.0	0.0	0.0

MEME version 4

ALPHABET= ACGT

MOTIF chr1:204543698-204543708

letter-probability matrix: alength= 4 w= 10
	1.0	0.0	0.0	0.0
	1.0	0.0	0.0	0.0
	1.0	0.0	0.0	0.0
	1.0	0.0	0.0	0.0
	0.5	0.0	0.5	0.0
	1.0	0.0	0.0	0.0
	1.0	0.0	0.0	0.0
	1.0	0.0	0.0	0.0
	1.0	0.0	0.0	0.0
	1.0	0.0	0.0	0.0

MEME version 4

ALPHABET= ACGT

MOTIF chr1:204478706-204478731

letter-probability matrix: alength= 4 w= 25
	0.0	1.0	0.0	0.0
	1.0	0.0	0.0	0.0
	0.0	1.0	0.0	0.0
	0.0	1.0	0.0	0.0
	0.0	0.0	0.0	1.0
	1.0	0.0	0.0	0.0
	1.0	0.0	0.0	0.0
	0.0	0.0	1.0	0.0
	0.0	0.0	1.0	0.0
	0.0	1.0	0.0	0.0
	0.0	0.0	0.0	1.0
	0.0	0.0	1.0	0.0
	1.0	0.0	0.0	0.0
	0.0	0.0	0.0	1.0
	0.0	0.0	1.0	0.0
	1.0	0.0	0.0	0.0
	0.0	0.0	1.0	0.0
	0.0	0.0	1.0	0.0
	0.0	0.0	1.0	0.0
	0.0	1.0	0.0	0.0
	0.0	0.0	0.0	1.0
	1.0	0.0	0.0	0.0
	0.0	0.0	1.0	0.0
	0.0	1.0	0.0	0.0
	1.0	0.0	0.0	0.0

MEME version 4

ALPHABET= ACGT

MOTIF chr22:41993701-41993711

letter-probability matrix: alength= 4 w= 10
	1.0	0.0	0.0	0.0
	1.0	0.0	0.0	0.0
	1.0	0.0	0.0	0.0
	1.0	0.0	0.0	0.0
	0.5	0.0	0.5	0.0
	1.0	0.0	0.0	0.0
	1.0	0.0	0.0	0.0
	1.0	0.0	0.0	0.0
	1.0	0.0	0.0	0.0
	1.0	0.0	0.0	0.0

MEME version 4

ALPHABET= ACGT

MOTIF chr22:42077724-42077749

letter-probability matrix: alength= 4 w= 25
	0.0	1.0	0.0	0.0
	1.0	0.0	0.0	0.0
	0.0	1.0	0.0	0.0
	0.0	1.0	0.0	0.0
	0.0	0.0	0.0	1.0
	1.0	0.0	0.0	0.0
	1.0	0.0	0.0	0.0
	0.0	0.0	1.0	0.0
	0.0	0.0	1.0	0.0
	0.0	1.0	0.0	0.0
	0.0	0.0	0.0	1.0
	0.0	0.0	1.0	0.0
	1.0	0.0	0.0	0.0
	0.0	0.0	0.0	1.0
	0.0	0.0	1.0	0.0
	1.0	0.0	0.0	0.0
	0.0	0.0	1.0	0.0
	0.0	0.0	1.0	0.0
	0.0	0.0	1.0	0.0
	0.0	1.0	0.0	0.0
	0.0	0.0	0.0	1.0
	1.0	0.0	0.0	0.0
	0.0	0.0	1.0	0.0
	0.0	1.0	0.0	0.0
	1.0	0.0	0.0	0.0

MEME version 4

ALPHABET= ACGT

MOTIF chr1:23695070-23695080

letter-probability matrix: alength= 4 w= 10
	1.0	0.0	0.0	0.0
	1.0	0.0	0.0	0.0
	1.0	0.0	0.0	0.0
	1.0	0.0	0.0	0.0
	0.5	0.0	0.5	0.0
	1.0	0.0	0.0	0.0
	1.0	0.0	0.0	0.0
	1.0	0.0	0.0	0.0
	1.0	0.0	0.0	0.0
	1.0	0.0	0.0	0.0

MEME version 4

ALPHABET= ACGT

MOTIF chr1:23706895-23706920

letter-probability matrix: alength= 4 w= 25
	0.0	1.0	0.0	0.0
	1.0	0.0	0.0	0.0
	0.0	1.0	0.0	0.0
	0.0	1.0	0.0	0.0
	0.0	0.0	0.0	1.0
	1.0	0.0	0.0	0.0
	1.0	0.0	0.0	0.0
	0.0	0.0	1.0	0.0
	0.0	0.0	1.0	0.0
	0.0	1.0	0.0	0.0
	0.0	0.0	0.0	1.0
	0.0	0.0	1.0	0.0
	1.0	0.0	0.0	0.0
	0.0	0.0	0.0	1.0
	0.0	0.0	1.0	0.0
	1.0	0.0	0.0	0.0
	0.0	0.0	1.0	0.0
	0.0	0.0	1.0	0.0
	0.0	0.0	1.0	0.0
	0.0	1.0	0.0	0.0
	0.0	0.0	0.0	1.0
	1.0	0.0	0.0	0.0
	0.0	0.0	1.0	0.0
	0.0	1.0	0.0	0.0
	1.0	0.0	0.0	0.0

MEME version 4

ALPHABET= ACGT

MOTIF chr20:44576635-44576645

letter-probability matrix: alength= 4 w= 10
	1.0	0.0	0.0	0.0
	1.0	0.0	0.0	0.0
	1.0	0.0	0.0	0.0
	1.0	0.0	0.0	0.0
	0.5	0.0	0.5	0.0
	1.0	0.0	0.0	0.0
	1.0	0.0	0.0	0.0
	1.0	0.0	0.0	0.0
	1.0	0.0	0.0	0.0
	1.0	0.0	0.0	0.0

MEME version 4

ALPHABET= ACGT

MOTIF chr20:44611540-44611565

letter-probability matrix: alength= 4 w= 25
	0.0	1.0	0.0	0.0
	1.0	0.0	0.0	0.0
	0.0	1.0	0.0	0.0
	0.0	1.0	0.0	0.0
	0.0	0.0	0.0	1.0
	1.0	0.0	0.0	0.0
	1.0	0.0	0.0	0.0
	0.0	0.0	1.0	0.0
	0.0	0.0	1.0	0.0
	0.0	1.0	0.0	0.0
	0.0	0.0	0.0	1.0
	0.0	0.0	1.0	0.0
	1.0	0.0	0.0	0.0
	0.0	0.0	0.0	1.0
	0.0	0.0	1.0	0.0
	1.0	0.0	0.0	0.0
	0.0	0.0	1.0	0.0
	0.0	0.0	1.0	0.0
	0.0	0.0	1.0	0.0
	0.0	1.0	0.0	0.0
	0.0	0.0	0.0	1.0
	1.0	0.0	0.0	0.0
	0.0	0.0	1.0	0.0
	0.0	1.0	0.0	0.0
	1.0	0.0	0.0	0.0

MEME version 4

ALPHABET= ACGT

MOTIF chr1:38146445-38146455

letter-probability matrix: alength= 4 w= 10
	1.0	0.0	0.0	0.0
	1.0	0.0	0.0	0.0
	1.0	0.0	0.0	0.0
	1.0	0.0	0.0	0.0
	0.5	0.0	0.5	0.0
	1.0	0.0	0.0	0.0
	1.0	0.0	0.0	0.0
	1.0	0.0	0.0	0.0
	1.0	0.0	0.0	0.0
	1.0	0.0	0.0	0.0

MEME version 4

ALPHABET= ACGT

MOTIF chr1:38148318-38148343

letter-probability matrix: alength= 4 w= 25
	0.0	1.0	0.0	0.0
	1.0	0.0	0.0	0.0
	0.0	1.0	0.0	0.0
	0.0	1.0	0.0	0.0
	0.0	0.0	0.0	1.0
	1.0	0.0	0.0	0.0
	1.0	0.0	0.0	0.0
	0.0	0.0	1.0	0.0
	0.0	0.0	1.0	0.0
	0.0	1.0	0.0	0.0
	0.0	0.0	0.0	1.0
	0.0	0.0	1.0	0.0
	1.0	0.0	0.0	0.0
	0.0	0.0	0.0	1.0
	0.0	0.0	1.0	0.0
	1.0	0.0	0.0	0.0
	0.0	0.0	1.0	0.0
	0.0	0.0	1.0	0.0
	0.0	0.0	1.0	0.0
	0.0	1.0	0.0	0.0
	0.0	0.0	0.0	1.0
	1.0	0.0	0.0	0.0
	0.0	0.0	1.0	0.0
	0.0	1.0	0.0	0.0
	1.0	0.0	0.0	0.0

MEME version 4

ALPHABET= ACGT

MOTIF chr17:40086890-40086900

letter-probability matrix: alength= 4 w= 10
	1.0	0.0	0.0	0.0
	1.0	0.0	0.0	0.0
	1.0	0.0	0.0	0.0
	1.0	0.0	0.0	0.0
	0.5	0.0	0.5	0.0
	1.0	0.0	0.0	0.0
	1.0	0.0	0.0	0.0
	1.0	0.0	0.0	0.0
	1.0	0.0	0.0	0.0
	1.0	0.0	0.0	0.0

MEME version 4

ALPHABET= ACGT

MOTIF chr17:40102046-40102071

letter-probability matrix: alength= 4 w= 25
	0.0	1.0	0.0	0.0
	1.0	0.0	0.0	0.0
	0.0	1.0	0.0	0.0
	0.0	1.0	0.0	0.0
	0.0	0.0	0.0	1.0
	1.0	0.0	0.0	0.0
	1.0	0.0	0.0	0.0
	0.0	0.0	1.0	0.0
	0.0	0.0	1.0	0.0
	0.0	1.0	0.0	0.0
	0.0	0.0	0.0	1.0
	0.0	0.0	1.0	0.0
	1.0	0.0	0.0	0.0
	0.0	0.0	0.0	1.0
	0.0	0.0	1.0	0.0
	1.0	0.0	0.0	0.0
	0.0	0.0	1.0	0.0
	0.0	0.0	1.0	0.0
	0.0	0.0	1.0	0.0
	0.0	1.0	0.0	0.0
	0.0	0.0	0.0	1.0
	1.0	0.0	0.0	0.0
	0.0	0.0	1.0	0.0
	0.0	1.0	0.0	0.0
	1.0	0.0	0.0	0.0

MEME version 4

ALPHABET= ACGT

MOTIF chr17:40022947-40022957

letter-probability matrix: alength= 4 w= 10
	1.0	0.0	0.0	0.0
	1.0	0.0	0.0	0.0
	1.0	0.0	0.0	0.0
	1.0	0.0	0.0	0.0
	0.5	0.0	0.5	0.0
	1.0	0.0	0.0	0.0
	1.0	0.0	0.0	0.0
	1.0	0.0	0.0	0.0
	1.0	0.0	0.0	0.0
	1.0	0.0	0.0	0.0

MEME version 4

ALPHABET= ACGT

MOTIF chr17:40102046-40102071

letter-probability matrix: alength= 4 w= 25
	0.0	1.0	0.0	0.0
	1.0	0.0	0.0	0.0
	0.0	1.0	0.0	0.0
	0.0	1.0	0.0	0.0
	0.0	0.0	0.0	1.0
	1.0	0.0	0.0	0.0
	1.0	0.0	0.0	0.0
	0.0	0.0	1.0	0.0
	0.0	0.0	1.0	0.0
	0.0	1.0	0.0	0.0
	0.0	0.0	0.0	1.0
	0.0	0.0	1.0	0.0
	1.0	0.0	0.0	0.0
	0.0	0.0	0.0	1.0
	0.0	0.0	1.0	0.0
	1.0	0.0	0.0	0.0
	0.0	0.0	1.0	0.0
	0.0	0.0	1.0	0.0
	0.0	0.0	1.0	0.0
	0.0	1.0	0.0	0.0
	0.0	0.0	0.0	1.0
	1.0	0.0	0.0	0.0
	0.0	0.0	1.0	0.0
	0.0	1.0	0.0	0.0
	1.0	0.0	0.0	0.0

MEME version 4

ALPHABET= ACGT

MOTIF chr9:140063647-140063657

letter-probability matrix: alength= 4 w= 10
	1.0	0.0	0.0	0.0
	1.0	0.0	0.0	0.0
	1.0	0.0	0.0	0.0
	1.0	0.0	0.0	0.0
	0.5	0.0	0.5	0.0
	1.0	0.0	0.0	0.0
	1.0	0.0	0.0	0.0
	1.0	0.0	0.0	0.0
	1.0	0.0	0.0	0.0
	1.0	0.0	0.0	0.0

MEME version 4

ALPHABET= ACGT

MOTIF chr9:140026215-140026240

letter-probability matrix: alength= 4 w= 25
	0.0	1.0	0.0	0.0
	1.0	0.0	0.0	0.0
	0.0	1.0	0.0	0.0
	0.0	1.0	0.0	0.0
	0.0	0.0	0.0	1.0
	1.0	0.0	0.0	0.0
	1.0	0.0	0.0	0.0
	0.0	0.0	1.0	0.0
	0.0	0.0	1.0	0.0
	0.0	1.0	0.0	0.0
	0.0	0.0	0.0	1.0
	0.0	0.0	1.0	0.0
	1.0	0.0	0.0	0.0
	0.0	0.0	0.0	1.0
	0.0	0.0	1.0	0.0
	1.0	0.0	0.0	0.0
	0.0	0.0	1.0	0.0
	0.0	0.0	1.0	0.0
	0.0	0.0	1.0	0.0
	0.0	1.0	0.0	0.0
	0.0	0.0	0.0	1.0
	1.0	0.0	0.0	0.0
	0.0	0.0	1.0	0.0
	0.0	1.0	0.0	0.0
	1.0	0.0	0.0	0.0

MEME version 4

ALPHABET= ACGT

MOTIF chr10:115594465-115594475

letter-probability matrix: alength= 4 w= 10
	1.0	0.0	0.0	0.0
	1.0	0.0	0.0	0.0
	1.0	0.0	0.0	0.0
	1.0	0.0	0.0	0.0
	0.5	0.0	0.5	0.0
	1.0	0.0	0.0	0.0
	1.0	0.0	0.0	0.0
	1.0	0.0	0.0	0.0
	1.0	0.0	0.0	0.0
	1.0	0.0	0.0	0.0

MEME version 4

ALPHABET= ACGT

MOTIF chr10:115627818-115627843

letter-probability matrix: alength= 4 w= 25
	0.0	1.0	0.0	0.0
	1.0	0.0	0.0	0.0
	0.0	1.0	0.0	0.0
	0.0	1.0	0.0	0.0
	0.0	0.0	0.0	1.0
	1.0	0.0	0.0	0.0
	1.0	0.0	0.0	0.0
	0.0	0.0	1.0	0.0
	0.0	0.0	1.0	0.0
	0.0	1.0	0.0	0.0
	0.0	0.0	0.0	1.0
	0.0	0.0	1.0	0.0
	1.0	0.0	0.0	0.0
	0.0	0.0	0.0	1.0
	0.0	0.0	1.0	0.0
	1.0	0.0	0.0	0.0
	0.0	0.0	1.0	0.0
	0.0	0.0	1.0	0.0
	0.0	0.0	1.0	0.0
	0.0	1.0	0.0	0.0
	0.0	0.0	0.0	1.0
	1.0	0.0	0.0	0.0
	0.0	0.0	1.0	0.0
	0.0	1.0	0.0	0.0
	1.0	0.0	0.0	0.0

MEME version 4

ALPHABET= ACGT

MOTIF chr3:42588620-42588630

letter-probability matrix: alength= 4 w= 10
	1.0	0.0	0.0	0.0
	1.0	0.0	0.0	0.0
	1.0	0.0	0.0	0.0
	1.0	0.0	0.0	0.0
	0.5	0.0	0.5	0.0
	1.0	0.0	0.0	0.0
	1.0	0.0	0.0	0.0
	1.0	0.0	0.0	0.0
	1.0	0.0	0.0	0.0
	1.0	0.0	0.0	0.0

MEME version 4

ALPHABET= ACGT

MOTIF chr3:42630716-42630741

letter-probability matrix: alength= 4 w= 25
	0.0	1.0	0.0	0.0
	1.0	0.0	0.0	0.0
	0.0	1.0	0.0	0.0
	0.0	1.0	0.0	0.0
	0.0	0.0	0.0	1.0
	1.0	0.0	0.0	0.0
	1.0	0.0	0.0	0.0
	0.0	0.0	1.0	0.0
	0.0	0.0	1.0	0.0
	0.0	1.0	0.0	0.0
	0.0	0.0	0.0	1.0
	0.0	0.0	1.0	0.0
	1.0	0.0	0.0	0.0
	0.0	0.0	0.0	1.0
	0.0	0.0	1.0	0.0
	1.0	0.0	0.0	0.0
	0.0	0.0	1.0	0.0
	0.0	0.0	1.0	0.0
	0.0	0.0	1.0	0.0
	0.0	1.0	0.0	0.0
	0.0	0.0	0.0	1.0
	1.0	0.0	0.0	0.0
	0.0	0.0	1.0	0.0
	0.0	1.0	0.0	0.0
	1.0	0.0	0.0	0.0

MEME version 4

ALPHABET= ACGT

MOTIF chr17:79202055-79202065

letter-probability matrix: alength= 4 w= 10
	1.0	0.0	0.0	0.0
	1.0	0.0	0.0	0.0
	1.0	0.0	0.0	0.0
	1.0	0.0	0.0	0.0
	0.5	0.0	0.5	0.0
	1.0	0.0	0.0	0.0
	1.0	0.0	0.0	0.0
	1.0	0.0	0.0	0.0
	1.0	0.0	0.0	0.0
	1.0	0.0	0.0	0.0

MEME version 4

ALPHABET= ACGT

MOTIF chr17:79184513-79184538

letter-probability matrix: alength= 4 w= 25
	0.0	1.0	0.0	0.0
	1.0	0.0	0.0	0.0
	0.0	1.0	0.0	0.0
	0.0	1.0	0.0	0.0
	0.0	0.0	0.0	1.0
	1.0	0.0	0.0	0.0
	1.0	0.0	0.0	0.0
	0.0	0.0	1.0	0.0
	0.0	0.0	1.0	0.0
	0.0	1.0	0.0	0.0
	0.0	0.0	0.0	1.0
	0.0	0.0	1.0	0.0
	1.0	0.0	0.0	0.0
	0.0	0.0	0.0	1.0
	0.0	0.0	1.0	0.0
	1.0	0.0	0.0	0.0
	0.0	0.0	1.0	0.0
	0.0	0.0	1.0	0.0
	0.0	0.0	1.0	0.0
	0.0	1.0	0.0	0.0
	0.0	0.0	0.0	1.0
	1.0	0.0	0.0	0.0
	0.0	0.0	1.0	0.0
	0.0	1.0	0.0	0.0
	1.0	0.0	0.0	0.0

MEME version 4

ALPHABET= ACGT

MOTIF chr7:66451920-66451930

letter-probability matrix: alength= 4 w= 10
	1.0	0.0	0.0	0.0
	1.0	0.0	0.0	0.0
	1.0	0.0	0.0	0.0
	1.0	0.0	0.0	0.0
	0.5	0.0	0.5	0.0
	1.0	0.0	0.0	0.0
	1.0	0.0	0.0	0.0
	1.0	0.0	0.0	0.0
	1.0	0.0	0.0	0.0
	1.0	0.0	0.0	0.0

MEME version 4

ALPHABET= ACGT

MOTIF chr7:66429614-66429639

letter-probability matrix: alength= 4 w= 25
	0.0	1.0	0.0	0.0
	1.0	0.0	0.0	0.0
	0.0	1.0	0.0	0.0
	0.0	1.0	0.0	0.0
	0.0	0.0	0.0	1.0
	1.0	0.0	0.0	0.0
	1.0	0.0	0.0	0.0
	0.0	0.0	1.0	0.0
	0.0	0.0	1.0	0.0
	0.0	1.0	0.0	0.0
	0.0	0.0	0.0	1.0
	0.0	0.0	1.0	0.0
	1.0	0.0	0.0	0.0
	0.0	0.0	0.0	1.0
	0.0	0.0	1.0	0.0
	1.0	0.0	0.0	0.0
	0.0	0.0	1.0	0.0
	0.0	0.0	1.0	0.0
	0.0	0.0	1.0	0.0
	0.0	1.0	0.0	0.0
	0.0	0.0	0.0	1.0
	1.0	0.0	0.0	0.0
	0.0	0.0	1.0	0.0
	0.0	1.0	0.0	0.0
	1.0	0.0	0.0	0.0

MEME version 4

ALPHABET= ACGT

MOTIF chr20:44601643-44601653

letter-probability matrix: alength= 4 w= 10
	1.0	0.0	0.0	0.0
	1.0	0.0	0.0	0.0
	1.0	0.0	0.0	0.0
	1.0	0.0	0.0	0.0
	0.5	0.0	0.5	0.0
	1.0	0.0	0.0	0.0
	1.0	0.0	0.0	0.0
	1.0	0.0	0.0	0.0
	1.0	0.0	0.0	0.0
	1.0	0.0	0.0	0.0

MEME version 4

ALPHABET= ACGT

MOTIF chr20:44611540-44611565

letter-probability matrix: alength= 4 w= 25
	0.0	1.0	0.0	0.0
	1.0	0.0	0.0	0.0
	0.0	1.0	0.0	0.0
	0.0	1.0	0.0	0.0
	0.0	0.0	0.0	1.0
	1.0	0.0	0.0	0.0
	1.0	0.0	0.0	0.0
	0.0	0.0	1.0	0.0
	0.0	0.0	1.0	0.0
	0.0	1.0	0.0	0.0
	0.0	0.0	0.0	1.0
	0.0	0.0	1.0	0.0
	1.0	0.0	0.0	0.0
	0.0	0.0	0.0	1.0
	0.0	0.0	1.0	0.0
	1.0	0.0	0.0	0.0
	0.0	0.0	1.0	0.0
	0.0	0.0	1.0	0.0
	0.0	0.0	1.0	0.0
	0.0	1.0	0.0	0.0
	0.0	0.0	0.0	1.0
	1.0	0.0	0.0	0.0
	0.0	0.0	1.0	0.0
	0.0	1.0	0.0	0.0
	1.0	0.0	0.0	0.0

MEME version 4

ALPHABET= ACGT

MOTIF chr20:32238488-32238498

letter-probability matrix: alength= 4 w= 10
	1.0	0.0	0.0	0.0
	1.0	0.0	0.0	0.0
	1.0	0.0	0.0	0.0
	1.0	0.0	0.0	0.0
	0.5	0.0	0.5	0.0
	1.0	0.0	0.0	0.0
	1.0	0.0	0.0	0.0
	1.0	0.0	0.0	0.0
	1.0	0.0	0.0	0.0
	1.0	0.0	0.0	0.0

MEME version 4

ALPHABET= ACGT

MOTIF chr20:32114980-32115005

letter-probability matrix: alength= 4 w= 25
	0.0	1.0	0.0	0.0
	1.0	0.0	0.0	0.0
	0.0	1.0	0.0	0.0
	0.0	1.0	0.0	0.0
	0.0	0.0	0.0	1.0
	1.0	0.0	0.0	0.0
	1.0	0.0	0.0	0.0
	0.0	0.0	1.0	0.0
	0.0	0.0	1.0	0.0
	0.0	1.0	0.0	0.0
	0.0	0.0	0.0	1.0
	0.0	0.0	1.0	0.0
	1.0	0.0	0.0	0.0
	0.0	0.0	0.0	1.0
	0.0	0.0	1.0	0.0
	1.0	0.0	0.0	0.0
	0.0	0.0	1.0	0.0
	0.0	0.0	1.0	0.0
	0.0	0.0	1.0	0.0
	0.0	1.0	0.0	0.0
	0.0	0.0	0.0	1.0
	1.0	0.0	0.0	0.0
	0.0	0.0	1.0	0.0
	0.0	1.0	0.0	0.0
	1.0	0.0	0.0	0.0

MEME version 4

ALPHABET= ACGT

MOTIF chr2:69622107-69622117

letter-probability matrix: alength= 4 w= 10
	1.0	0.0	0.0	0.0
	1.0	0.0	0.0	0.0
	1.0	0.0	0.0	0.0
	1.0	0.0	0.0	0.0
	0.5	0.0	0.5	0.0
	1.0	0.0	0.0	0.0
	1.0	0.0	0.0	0.0
	1.0	0.0	0.0	0.0
	1.0	0.0	0.0	0.0
	1.0	0.0	0.0	0.0

MEME version 4

ALPHABET= ACGT

MOTIF chr2:69684506-69684531

letter-probability matrix: alength= 4 w= 25
	0.0	1.0	0.0	0.0
	1.0	0.0	0.0	0.0
	0.0	1.0	0.0	0.0
	0.0	1.0	0.0	0.0
	0.0	0.0	0.0	1.0
	1.0	0.0	0.0	0.0
	1.0	0.0	0.0	0.0
	0.0	0.0	1.0	0.0
	0.0	0.0	1.0	0.0
	0.0	1.0	0.0	0.0
	0.0	0.0	0.0	1.0
	0.0	0.0	1.0	0.0
	1.0	0.0	0.0	0.0
	0.0	0.0	0.0	1.0
	0.0	0.0	1.0	0.0
	1.0	0.0	0.0	0.0
	0.0	0.0	1.0	0.0
	0.0	0.0	1.0	0.0
	0.0	0.0	1.0	0.0
	0.0	1.0	0.0	0.0
	0.0	0.0	0.0	1.0
	1.0	0.0	0.0	0.0
	0.0	0.0	1.0	0.0
	0.0	1.0	0.0	0.0
	1.0	0.0	0.0	0.0

MEME version 4

ALPHABET= ACGT

MOTIF chr7:143049809-143049819

letter-probability matrix: alength= 4 w= 10
	1.0	0.0	0.0	0.0
	1.0	0.0	0.0	0.0
	1.0	0.0	0.0	0.0
	1.0	0.0	0.0	0.0
	0.5	0.0	0.5	0.0
	1.0	0.0	0.0	0.0
	1.0	0.0	0.0	0.0
	1.0	0.0	0.0	0.0
	1.0	0.0	0.0	0.0
	1.0	0.0	0.0	0.0

MEME version 4

ALPHABET= ACGT

MOTIF chr7:143004051-143004076

letter-probability matrix: alength= 4 w= 25
	0.0	1.0	0.0	0.0
	1.0	0.0	0.0	0.0
	0.0	1.0	0.0	0.0
	0.0	1.0	0.0	0.0
	0.0	0.0	0.0	1.0
	1.0	0.0	0.0	0.0
	1.0	0.0	0.0	0.0
	0.0	0.0	1.0	0.0
	0.0	0.0	1.0	0.0
	0.0	1.0	0.0	0.0
	0.0	0.0	0.0	1.0
	0.0	0.0	1.0	0.0
	1.0	0.0	0.0	0.0
	0.0	0.0	0.0	1.0
	0.0	0.0	1.0	0.0
	1.0	0.0	0.0	0.0
	0.0	0.0	1.0	0.0
	0.0	0.0	1.0	0.0
	0.0	0.0	1.0	0.0
	0.0	1.0	0.0	0.0
	0.0	0.0	0.0	1.0
	1.0	0.0	0.0	0.0
	0.0	0.0	1.0	0.0
	0.0	1.0	0.0	0.0
	1.0	0.0	0.0	0.0

MEME version 4

ALPHABET= ACGT

MOTIF chr14:31568809-31568819

letter-probability matrix: alength= 4 w= 10
	1.0	0.0	0.0	0.0
	1.0	0.0	0.0	0.0
	1.0	0.0	0.0	0.0
	1.0	0.0	0.0	0.0
	0.5	0.0	0.5	0.0
	1.0	0.0	0.0	0.0
	1.0	0.0	0.0	0.0
	1.0	0.0	0.0	0.0
	1.0	0.0	0.0	0.0
	1.0	0.0	0.0	0.0

MEME version 4

ALPHABET= ACGT

MOTIF chr14:31682568-31682593

letter-probability matrix: alength= 4 w= 25
	0.0	1.0	0.0	0.0
	1.0	0.0	0.0	0.0
	0.0	1.0	0.0	0.0
	0.0	1.0	0.0	0.0
	0.0	0.0	0.0	1.0
	1.0	0.0	0.0	0.0
	1.0	0.0	0.0	0.0
	0.0	0.0	1.0	0.0
	0.0	0.0	1.0	0.0
	0.0	1.0	0.0	0.0
	0.0	0.0	0.0	1.0
	0.0	0.0	1.0	0.0
	1.0	0.0	0.0	0.0
	0.0	0.0	0.0	1.0
	0.0	0.0	1.0	0.0
	1.0	0.0	0.0	0.0
	0.0	0.0	1.0	0.0
	0.0	0.0	1.0	0.0
	0.0	0.0	1.0	0.0
	0.0	1.0	0.0	0.0
	0.0	0.0	0.0	1.0
	1.0	0.0	0.0	0.0
	0.0	0.0	1.0	0.0
	0.0	1.0	0.0	0.0
	1.0	0.0	0.0	0.0

MEME version 4

ALPHABET= ACGT

MOTIF chr12:133297496-133297506

letter-probability matrix: alength= 4 w= 10
	1.0	0.0	0.0	0.0
	1.0	0.0	0.0	0.0
	1.0	0.0	0.0	0.0
	1.0	0.0	0.0	0.0
	0.5	0.0	0.5	0.0
	1.0	0.0	0.0	0.0
	1.0	0.0	0.0	0.0
	1.0	0.0	0.0	0.0
	1.0	0.0	0.0	0.0
	1.0	0.0	0.0	0.0

MEME version 4

ALPHABET= ACGT

MOTIF chr12:133217819-133217844

letter-probability matrix: alength= 4 w= 25
	0.0	1.0	0.0	0.0
	1.0	0.0	0.0	0.0
	0.0	1.0	0.0	0.0
	0.0	1.0	0.0	0.0
	0.0	0.0	0.0	1.0
	1.0	0.0	0.0	0.0
	1.0	0.0	0.0	0.0
	0.0	0.0	1.0	0.0
	0.0	0.0	1.0	0.0
	0.0	1.0	0.0	0.0
	0.0	0.0	0.0	1.0
	0.0	0.0	1.0	0.0
	1.0	0.0	0.0	0.0
	0.0	0.0	0.0	1.0
	0.0	0.0	1.0	0.0
	1.0	0.0	0.0	0.0
	0.0	0.0	1.0	0.0
	0.0	0.0	1.0	0.0
	0.0	0.0	1.0	0.0
	0.0	1.0	0.0	0.0
	0.0	0.0	0.0	1.0
	1.0	0.0	0.0	0.0
	0.0	0.0	1.0	0.0
	0.0	1.0	0.0	0.0
	1.0	0.0	0.0	0.0

MEME version 4

ALPHABET= ACGT

MOTIF chr3:15484408-15484418

letter-probability matrix: alength= 4 w= 10
	1.0	0.0	0.0	0.0
	1.0	0.0	0.0	0.0
	1.0	0.0	0.0	0.0
	1.0	0.0	0.0	0.0
	0.5	0.0	0.5	0.0
	1.0	0.0	0.0	0.0
	1.0	0.0	0.0	0.0
	1.0	0.0	0.0	0.0
	1.0	0.0	0.0	0.0
	1.0	0.0	0.0	0.0

MEME version 4

ALPHABET= ACGT

MOTIF chr3:15500450-15500475

letter-probability matrix: alength= 4 w= 25
	0.0	1.0	0.0	0.0
	1.0	0.0	0.0	0.0
	0.0	1.0	0.0	0.0
	0.0	1.0	0.0	0.0
	0.0	0.0	0.0	1.0
	1.0	0.0	0.0	0.0
	1.0	0.0	0.0	0.0
	0.0	0.0	1.0	0.0
	0.0	0.0	1.0	0.0
	0.0	1.0	0.0	0.0
	0.0	0.0	0.0	1.0
	0.0	0.0	1.0	0.0
	1.0	0.0	0.0	0.0
	0.0	0.0	0.0	1.0
	0.0	0.0	1.0	0.0
	1.0	0.0	0.0	0.0
	0.0	0.0	1.0	0.0
	0.0	0.0	1.0	0.0
	0.0	0.0	1.0	0.0
	0.0	1.0	0.0	0.0
	0.0	0.0	0.0	1.0
	1.0	0.0	0.0	0.0
	0.0	0.0	1.0	0.0
	0.0	1.0	0.0	0.0
	1.0	0.0	0.0	0.0

MEME version 4

ALPHABET= ACGT

MOTIF chr20:32077437-32077447

letter-probability matrix: alength= 4 w= 10
	1.0	0.0	0.0	0.0
	1.0	0.0	0.0	0.0
	1.0	0.0	0.0	0.0
	1.0	0.0	0.0	0.0
	0.5	0.0	0.5	0.0
	1.0	0.0	0.0	0.0
	1.0	0.0	0.0	0.0
	1.0	0.0	0.0	0.0
	1.0	0.0	0.0	0.0
	1.0	0.0	0.0	0.0

MEME version 4

ALPHABET= ACGT

MOTIF chr20:32114980-32115005

letter-probability matrix: alength= 4 w= 25
	0.0	1.0	0.0	0.0
	1.0	0.0	0.0	0.0
	0.0	1.0	0.0	0.0
	0.0	1.0	0.0	0.0
	0.0	0.0	0.0	1.0
	1.0	0.0	0.0	0.0
	1.0	0.0	0.0	0.0
	0.0	0.0	1.0	0.0
	0.0	0.0	1.0	0.0
	0.0	1.0	0.0	0.0
	0.0	0.0	0.0	1.0
	0.0	0.0	1.0	0.0
	1.0	0.0	0.0	0.0
	0.0	0.0	0.0	1.0
	0.0	0.0	1.0	0.0
	1.0	0.0	0.0	0.0
	0.0	0.0	1.0	0.0
	0.0	0.0	1.0	0.0
	0.0	0.0	1.0	0.0
	0.0	1.0	0.0	0.0
	0.0	0.0	0.0	1.0
	1.0	0.0	0.0	0.0
	0.0	0.0	1.0	0.0
	0.0	1.0	0.0	0.0
	1.0	0.0	0.0	0.0

MEME version 4

ALPHABET= ACGT

MOTIF chr2:209223511-209223521

letter-probability matrix: alength= 4 w= 10
	1.0	0.0	0.0	0.0
	1.0	0.0	0.0	0.0
	1.0	0.0	0.0	0.0
	1.0	0.0	0.0	0.0
	0.5	0.0	0.5	0.0
	1.0	0.0	0.0	0.0
	1.0	0.0	0.0	0.0
	1.0	0.0	0.0	0.0
	1.0	0.0	0.0	0.0
	1.0	0.0	0.0	0.0

MEME version 4

ALPHABET= ACGT

MOTIF chr2:209150595-209150620

letter-probability matrix: alength= 4 w= 25
	0.0	1.0	0.0	0.0
	1.0	0.0	0.0	0.0
	0.0	1.0	0.0	0.0
	0.0	1.0	0.0	0.0
	0.0	0.0	0.0	1.0
	1.0	0.0	0.0	0.0
	1.0	0.0	0.0	0.0
	0.0	0.0	1.0	0.0
	0.0	0.0	1.0	0.0
	0.0	1.0	0.0	0.0
	0.0	0.0	0.0	1.0
	0.0	0.0	1.0	0.0
	1.0	0.0	0.0	0.0
	0.0	0.0	0.0	1.0
	0.0	0.0	1.0	0.0
	1.0	0.0	0.0	0.0
	0.0	0.0	1.0	0.0
	0.0	0.0	1.0	0.0
	0.0	0.0	1.0	0.0
	0.0	1.0	0.0	0.0
	0.0	0.0	0.0	1.0
	1.0	0.0	0.0	0.0
	0.0	0.0	1.0	0.0
	0.0	1.0	0.0	0.0
	1.0	0.0	0.0	0.0

MEME version 4

ALPHABET= ACGT

MOTIF chr2:24287096-24287106

letter-probability matrix: alength= 4 w= 10
	1.0	0.0	0.0	0.0
	1.0	0.0	0.0	0.0
	1.0	0.0	0.0	0.0
	1.0	0.0	0.0	0.0
	0.5	0.0	0.5	0.0
	1.0	0.0	0.0	0.0
	1.0	0.0	0.0	0.0
	1.0	0.0	0.0	0.0
	1.0	0.0	0.0	0.0
	1.0	0.0	0.0	0.0

MEME version 4

ALPHABET= ACGT

MOTIF chr2:24282179-24282204

letter-probability matrix: alength= 4 w= 25
	0.0	1.0	0.0	0.0
	1.0	0.0	0.0	0.0
	0.0	1.0	0.0	0.0
	0.0	1.0	0.0	0.0
	0.0	0.0	0.0	1.0
	1.0	0.0	0.0	0.0
	1.0	0.0	0.0	0.0
	0.0	0.0	1.0	0.0
	0.0	0.0	1.0	0.0
	0.0	1.0	0.0	0.0
	0.0	0.0	0.0	1.0
	0.0	0.0	1.0	0.0
	1.0	0.0	0.0	0.0
	0.0	0.0	0.0	1.0
	0.0	0.0	1.0	0.0
	1.0	0.0	0.0	0.0
	0.0	0.0	1.0	0.0
	0.0	0.0	1.0	0.0
	0.0	0.0	1.0	0.0
	0.0	1.0	0.0	0.0
	0.0	0.0	0.0	1.0
	1.0	0.0	0.0	0.0
	0.0	0.0	1.0	0.0
	0.0	1.0	0.0	0.0
	1.0	0.0	0.0	0.0

MEME version 4

ALPHABET= ACGT

MOTIF chr19:55692302-55692312

letter-probability matrix: alength= 4 w= 10
	1.0	0.0	0.0	0.0
	1.0	0.0	0.0	0.0
	1.0	0.0	0.0	0.0
	1.0	0.0	0.0	0.0
	0.5	0.0	0.5	0.0
	1.0	0.0	0.0	0.0
	1.0	0.0	0.0	0.0
	1.0	0.0	0.0	0.0
	1.0	0.0	0.0	0.0
	1.0	0.0	0.0	0.0

MEME version 4

ALPHABET= ACGT

MOTIF chr19:55696576-55696601

letter-probability matrix: alength= 4 w= 25
	0.0	1.0	0.0	0.0
	1.0	0.0	0.0	0.0
	0.0	1.0	0.0	0.0
	0.0	1.0	0.0	0.0
	0.0	0.0	0.0	1.0
	1.0	0.0	0.0	0.0
	1.0	0.0	0.0	0.0
	0.0	0.0	1.0	0.0
	0.0	0.0	1.0	0.0
	0.0	1.0	0.0	0.0
	0.0	0.0	0.0	1.0
	0.0	0.0	1.0	0.0
	1.0	0.0	0.0	0.0
	0.0	0.0	0.0	1.0
	0.0	0.0	1.0	0.0
	1.0	0.0	0.0	0.0
	0.0	0.0	1.0	0.0
	0.0	0.0	1.0	0.0
	0.0	0.0	1.0	0.0
	0.0	1.0	0.0	0.0
	0.0	0.0	0.0	1.0
	1.0	0.0	0.0	0.0
	0.0	0.0	1.0	0.0
	0.0	1.0	0.0	0.0
	1.0	0.0	0.0	0.0

MEME version 4

ALPHABET= ACGT

MOTIF chr1:29138360-29138370

letter-probability matrix: alength= 4 w= 10
	1.0	0.0	0.0	0.0
	1.0	0.0	0.0	0.0
	1.0	0.0	0.0	0.0
	1.0	0.0	0.0	0.0
	0.5	0.0	0.5	0.0
	1.0	0.0	0.0	0.0
	1.0	0.0	0.0	0.0
	1.0	0.0	0.0	0.0
	1.0	0.0	0.0	0.0
	1.0	0.0	0.0	0.0

MEME version 4

ALPHABET= ACGT

MOTIF chr1:29112103-29112128

letter-probability matrix: alength= 4 w= 25
	0.0	1.0	0.0	0.0
	1.0	0.0	0.0	0.0
	0.0	1.0	0.0	0.0
	0.0	1.0	0.0	0.0
	0.0	0.0	0.0	1.0
	1.0	0.0	0.0	0.0
	1.0	0.0	0.0	0.0
	0.0	0.0	1.0	0.0
	0.0	0.0	1.0	0.0
	0.0	1.0	0.0	0.0
	0.0	0.0	0.0	1.0
	0.0	0.0	1.0	0.0
	1.0	0.0	0.0	0.0
	0.0	0.0	0.0	1.0
	0.0	0.0	1.0	0.0
	1.0	0.0	0.0	0.0
	0.0	0.0	1.0	0.0
	0.0	0.0	1.0	0.0
	0.0	0.0	1.0	0.0
	0.0	1.0	0.0	0.0
	0.0	0.0	0.0	1.0
	1.0	0.0	0.0	0.0
	0.0	0.0	1.0	0.0
	0.0	1.0	0.0	0.0
	1.0	0.0	0.0	0.0

MEME version 4

ALPHABET= ACGT

MOTIF chr16:67264138-67264148

letter-probability matrix: alength= 4 w= 10
	1.0	0.0	0.0	0.0
	1.0	0.0	0.0	0.0
	1.0	0.0	0.0	0.0
	1.0	0.0	0.0	0.0
	0.5	0.0	0.5	0.0
	1.0	0.0	0.0	0.0
	1.0	0.0	0.0	0.0
	1.0	0.0	0.0	0.0
	1.0	0.0	0.0	0.0
	1.0	0.0	0.0	0.0

MEME version 4

ALPHABET= ACGT

MOTIF chr16:67254507-67254532

letter-probability matrix: alength= 4 w= 25
	0.0	1.0	0.0	0.0
	1.0	0.0	0.0	0.0
	0.0	1.0	0.0	0.0
	0.0	1.0	0.0	0.0
	0.0	0.0	0.0	1.0
	1.0	0.0	0.0	0.0
	1.0	0.0	0.0	0.0
	0.0	0.0	1.0	0.0
	0.0	0.0	1.0	0.0
	0.0	1.0	0.0	0.0
	0.0	0.0	0.0	1.0
	0.0	0.0	1.0	0.0
	1.0	0.0	0.0	0.0
	0.0	0.0	0.0	1.0
	0.0	0.0	1.0	0.0
	1.0	0.0	0.0	0.0
	0.0	0.0	1.0	0.0
	0.0	0.0	1.0	0.0
	0.0	0.0	1.0	0.0
	0.0	1.0	0.0	0.0
	0.0	0.0	0.0	1.0
	1.0	0.0	0.0	0.0
	0.0	0.0	1.0	0.0
	0.0	1.0	0.0	0.0
	1.0	0.0	0.0	0.0

MEME version 4

ALPHABET= ACGT

MOTIF chr12:58017168-58017178

letter-probability matrix: alength= 4 w= 10
	1.0	0.0	0.0	0.0
	1.0	0.0	0.0	0.0
	1.0	0.0	0.0	0.0
	1.0	0.0	0.0	0.0
	0.5	0.0	0.5	0.0
	1.0	0.0	0.0	0.0
	1.0	0.0	0.0	0.0
	1.0	0.0	0.0	0.0
	1.0	0.0	0.0	0.0
	1.0	0.0	0.0	0.0

MEME version 4

ALPHABET= ACGT

MOTIF chr12:58017713-58017738

letter-probability matrix: alength= 4 w= 25
	0.0	1.0	0.0	0.0
	1.0	0.0	0.0	0.0
	0.0	1.0	0.0	0.0
	0.0	1.0	0.0	0.0
	0.0	0.0	0.0	1.0
	1.0	0.0	0.0	0.0
	1.0	0.0	0.0	0.0
	0.0	0.0	1.0	0.0
	0.0	0.0	1.0	0.0
	0.0	1.0	0.0	0.0
	0.0	0.0	0.0	1.0
	0.0	0.0	1.0	0.0
	1.0	0.0	0.0	0.0
	0.0	0.0	0.0	1.0
	0.0	0.0	1.0	0.0
	1.0	0.0	0.0	0.0
	0.0	0.0	1.0	0.0
	0.0	0.0	1.0	0.0
	0.0	0.0	1.0	0.0
	0.0	1.0	0.0	0.0
	0.0	0.0	0.0	1.0
	1.0	0.0	0.0	0.0
	0.0	0.0	1.0	0.0
	0.0	1.0	0.0	0.0
	1.0	0.0	0.0	0.0

MEME version 4

ALPHABET= ACGT

MOTIF chr16:19533879-19533889

letter-probability matrix: alength= 4 w= 10
	1.0	0.0	0.0	0.0
	1.0	0.0	0.0	0.0
	1.0	0.0	0.0	0.0
	1.0	0.0	0.0	0.0
	0.5	0.0	0.5	0.0
	1.0	0.0	0.0	0.0
	1.0	0.0	0.0	0.0
	1.0	0.0	0.0	0.0
	1.0	0.0	0.0	0.0
	1.0	0.0	0.0	0.0

MEME version 4

ALPHABET= ACGT

MOTIF chr16:19565407-19565432

letter-probability matrix: alength= 4 w= 25
	0.0	1.0	0.0	0.0
	1.0	0.0	0.0	0.0
	0.0	1.0	0.0	0.0
	0.0	1.0	0.0	0.0
	0.0	0.0	0.0	1.0
	1.0	0.0	0.0	0.0
	1.0	0.0	0.0	0.0
	0.0	0.0	1.0	0.0
	0.0	0.0	1.0	0.0
	0.0	1.0	0.0	0.0
	0.0	0.0	0.0	1.0
	0.0	0.0	1.0	0.0
	1.0	0.0	0.0	0.0
	0.0	0.0	0.0	1.0
	0.0	0.0	1.0	0.0
	1.0	0.0	0.0	0.0
	0.0	0.0	1.0	0.0
	0.0	0.0	1.0	0.0
	0.0	0.0	1.0	0.0
	0.0	1.0	0.0	0.0
	0.0	0.0	0.0	1.0
	1.0	0.0	0.0	0.0
	0.0	0.0	1.0	0.0
	0.0	1.0	0.0	0.0
	1.0	0.0	0.0	0.0

MEME version 4

ALPHABET= ACGT

MOTIF chr16:18802973-18802983

letter-probability matrix: alength= 4 w= 10
	1.0	0.0	0.0	0.0
	1.0	0.0	0.0	0.0
	1.0	0.0	0.0	0.0
	1.0	0.0	0.0	0.0
	0.5	0.0	0.5	0.0
	1.0	0.0	0.0	0.0
	1.0	0.0	0.0	0.0
	1.0	0.0	0.0	0.0
	1.0	0.0	0.0	0.0
	1.0	0.0	0.0	0.0

MEME version 4

ALPHABET= ACGT

MOTIF chr16:18828935-18828960

letter-probability matrix: alength= 4 w= 25
	0.0	1.0	0.0	0.0
	1.0	0.0	0.0	0.0
	0.0	1.0	0.0	0.0
	0.0	1.0	0.0	0.0
	0.0	0.0	0.0	1.0
	1.0	0.0	0.0	0.0
	1.0	0.0	0.0	0.0
	0.0	0.0	1.0	0.0
	0.0	0.0	1.0	0.0
	0.0	1.0	0.0	0.0
	0.0	0.0	0.0	1.0
	0.0	0.0	1.0	0.0
	1.0	0.0	0.0	0.0
	0.0	0.0	0.0	1.0
	0.0	0.0	1.0	0.0
	1.0	0.0	0.0	0.0
	0.0	0.0	1.0	0.0
	0.0	0.0	1.0	0.0
	0.0	0.0	1.0	0.0
	0.0	1.0	0.0	0.0
	0.0	0.0	0.0	1.0
	1.0	0.0	0.0	0.0
	0.0	0.0	1.0	0.0
	0.0	1.0	0.0	0.0
	1.0	0.0	0.0	0.0

MEME version 4

ALPHABET= ACGT

MOTIF chr4:103715462-103715472

letter-probability matrix: alength= 4 w= 10
	1.0	0.0	0.0	0.0
	1.0	0.0	0.0	0.0
	1.0	0.0	0.0	0.0
	1.0	0.0	0.0	0.0
	0.5	0.0	0.5	0.0
	1.0	0.0	0.0	0.0
	1.0	0.0	0.0	0.0
	1.0	0.0	0.0	0.0
	1.0	0.0	0.0	0.0
	1.0	0.0	0.0	0.0

MEME version 4

ALPHABET= ACGT

MOTIF chr4:103776163-103776188

letter-probability matrix: alength= 4 w= 25
	0.0	1.0	0.0	0.0
	1.0	0.0	0.0	0.0
	0.0	1.0	0.0	0.0
	0.0	1.0	0.0	0.0
	0.0	0.0	0.0	1.0
	1.0	0.0	0.0	0.0
	1.0	0.0	0.0	0.0
	0.0	0.0	1.0	0.0
	0.0	0.0	1.0	0.0
	0.0	1.0	0.0	0.0
	0.0	0.0	0.0	1.0
	0.0	0.0	1.0	0.0
	1.0	0.0	0.0	0.0
	0.0	0.0	0.0	1.0
	0.0	0.0	1.0	0.0
	1.0	0.0	0.0	0.0
	0.0	0.0	1.0	0.0
	0.0	0.0	1.0	0.0
	0.0	0.0	1.0	0.0
	0.0	1.0	0.0	0.0
	0.0	0.0	0.0	1.0
	1.0	0.0	0.0	0.0
	0.0	0.0	1.0	0.0
	0.0	1.0	0.0	0.0
	1.0	0.0	0.0	0.0

MEME version 4

ALPHABET= ACGT

MOTIF chr19:14170330-14170340

letter-probability matrix: alength= 4 w= 10
	1.0	0.0	0.0	0.0
	1.0	0.0	0.0	0.0
	1.0	0.0	0.0	0.0
	1.0	0.0	0.0	0.0
	0.5	0.0	0.5	0.0
	1.0	0.0	0.0	0.0
	1.0	0.0	0.0	0.0
	1.0	0.0	0.0	0.0
	1.0	0.0	0.0	0.0
	1.0	0.0	0.0	0.0

MEME version 4

ALPHABET= ACGT

MOTIF chr19:14177526-14177551

letter-probability matrix: alength= 4 w= 25
	0.0	1.0	0.0	0.0
	1.0	0.0	0.0	0.0
	0.0	1.0	0.0	0.0
	0.0	1.0	0.0	0.0
	0.0	0.0	0.0	1.0
	1.0	0.0	0.0	0.0
	1.0	0.0	0.0	0.0
	0.0	0.0	1.0	0.0
	0.0	0.0	1.0	0.0
	0.0	1.0	0.0	0.0
	0.0	0.0	0.0	1.0
	0.0	0.0	1.0	0.0
	1.0	0.0	0.0	0.0
	0.0	0.0	0.0	1.0
	0.0	0.0	1.0	0.0
	1.0	0.0	0.0	0.0
	0.0	0.0	1.0	0.0
	0.0	0.0	1.0	0.0
	0.0	0.0	1.0	0.0
	0.0	1.0	0.0	0.0
	0.0	0.0	0.0	1.0
	1.0	0.0	0.0	0.0
	0.0	0.0	1.0	0.0
	0.0	1.0	0.0	0.0
	1.0	0.0	0.0	0.0

MEME version 4

ALPHABET= ACGT

MOTIF chr1:161148421-161148431

letter-probability matrix: alength= 4 w= 10
	1.0	0.0	0.0	0.0
	1.0	0.0	0.0	0.0
	1.0	0.0	0.0	0.0
	1.0	0.0	0.0	0.0
	0.5	0.0	0.5	0.0
	1.0	0.0	0.0	0.0
	1.0	0.0	0.0	0.0
	1.0	0.0	0.0	0.0
	1.0	0.0	0.0	0.0
	1.0	0.0	0.0	0.0

MEME version 4

ALPHABET= ACGT

MOTIF chr1:161124817-161124842

letter-probability matrix: alength= 4 w= 25
	0.0	1.0	0.0	0.0
	1.0	0.0	0.0	0.0
	0.0	1.0	0.0	0.0
	0.0	1.0	0.0	0.0
	0.0	0.0	0.0	1.0
	1.0	0.0	0.0	0.0
	1.0	0.0	0.0	0.0
	0.0	0.0	1.0	0.0
	0.0	0.0	1.0	0.0
	0.0	1.0	0.0	0.0
	0.0	0.0	0.0	1.0
	0.0	0.0	1.0	0.0
	1.0	0.0	0.0	0.0
	0.0	0.0	0.0	1.0
	0.0	0.0	1.0	0.0
	1.0	0.0	0.0	0.0
	0.0	0.0	1.0	0.0
	0.0	0.0	1.0	0.0
	0.0	0.0	1.0	0.0
	0.0	1.0	0.0	0.0
	0.0	0.0	0.0	1.0
	1.0	0.0	0.0	0.0
	0.0	0.0	1.0	0.0
	0.0	1.0	0.0	0.0
	1.0	0.0	0.0	0.0

MEME version 4

ALPHABET= ACGT

MOTIF chr7:75676417-75676427

letter-probability matrix: alength= 4 w= 10
	1.0	0.0	0.0	0.0
	1.0	0.0	0.0	0.0
	1.0	0.0	0.0	0.0
	1.0	0.0	0.0	0.0
	0.5	0.0	0.5	0.0
	1.0	0.0	0.0	0.0
	1.0	0.0	0.0	0.0
	1.0	0.0	0.0	0.0
	1.0	0.0	0.0	0.0
	1.0	0.0	0.0	0.0

MEME version 4

ALPHABET= ACGT

MOTIF chr7:75649583-75649608

letter-probability matrix: alength= 4 w= 25
	0.0	1.0	0.0	0.0
	1.0	0.0	0.0	0.0
	0.0	1.0	0.0	0.0
	0.0	1.0	0.0	0.0
	0.0	0.0	0.0	1.0
	1.0	0.0	0.0	0.0
	1.0	0.0	0.0	0.0
	0.0	0.0	1.0	0.0
	0.0	0.0	1.0	0.0
	0.0	1.0	0.0	0.0
	0.0	0.0	0.0	1.0
	0.0	0.0	1.0	0.0
	1.0	0.0	0.0	0.0
	0.0	0.0	0.0	1.0
	0.0	0.0	1.0	0.0
	1.0	0.0	0.0	0.0
	0.0	0.0	1.0	0.0
	0.0	0.0	1.0	0.0
	0.0	0.0	1.0	0.0
	0.0	1.0	0.0	0.0
	0.0	0.0	0.0	1.0
	1.0	0.0	0.0	0.0
	0.0	0.0	1.0	0.0
	0.0	1.0	0.0	0.0
	1.0	0.0	0.0	0.0

MEME version 4

ALPHABET= ACGT

MOTIF chr5:112211732-112211742

letter-probability matrix: alength= 4 w= 10
	1.0	0.0	0.0	0.0
	1.0	0.0	0.0	0.0
	1.0	0.0	0.0	0.0
	1.0	0.0	0.0	0.0
	0.5	0.0	0.5	0.0
	1.0	0.0	0.0	0.0
	1.0	0.0	0.0	0.0
	1.0	0.0	0.0	0.0
	1.0	0.0	0.0	0.0
	1.0	0.0	0.0	0.0

MEME version 4

ALPHABET= ACGT

MOTIF chr5:112276542-112276567

letter-probability matrix: alength= 4 w= 25
	0.0	1.0	0.0	0.0
	1.0	0.0	0.0	0.0
	0.0	1.0	0.0	0.0
	0.0	1.0	0.0	0.0
	0.0	0.0	0.0	1.0
	1.0	0.0	0.0	0.0
	1.0	0.0	0.0	0.0
	0.0	0.0	1.0	0.0
	0.0	0.0	1.0	0.0
	0.0	1.0	0.0	0.0
	0.0	0.0	0.0	1.0
	0.0	0.0	1.0	0.0
	1.0	0.0	0.0	0.0
	0.0	0.0	0.0	1.0
	0.0	0.0	1.0	0.0
	1.0	0.0	0.0	0.0
	0.0	0.0	1.0	0.0
	0.0	0.0	1.0	0.0
	0.0	0.0	1.0	0.0
	0.0	1.0	0.0	0.0
	0.0	0.0	0.0	1.0
	1.0	0.0	0.0	0.0
	0.0	0.0	1.0	0.0
	0.0	1.0	0.0	0.0
	1.0	0.0	0.0	0.0

MEME version 4

ALPHABET= ACGT

MOTIF chr12:82751285-82751295

letter-probability matrix: alength= 4 w= 10
	1.0	0.0	0.0	0.0
	1.0	0.0	0.0	0.0
	1.0	0.0	0.0	0.0
	1.0	0.0	0.0	0.0
	0.5	0.0	0.5	0.0
	1.0	0.0	0.0	0.0
	1.0	0.0	0.0	0.0
	1.0	0.0	0.0	0.0
	1.0	0.0	0.0	0.0
	1.0	0.0	0.0	0.0

MEME version 4

ALPHABET= ACGT

MOTIF chr12:82744353-82744378

letter-probability matrix: alength= 4 w= 25
	0.0	1.0	0.0	0.0
	1.0	0.0	0.0	0.0
	0.0	1.0	0.0	0.0
	0.0	1.0	0.0	0.0
	0.0	0.0	0.0	1.0
	1.0	0.0	0.0	0.0
	1.0	0.0	0.0	0.0
	0.0	0.0	1.0	0.0
	0.0	0.0	1.0	0.0
	0.0	1.0	0.0	0.0
	0.0	0.0	0.0	1.0
	0.0	0.0	1.0	0.0
	1.0	0.0	0.0	0.0
	0.0	0.0	0.0	1.0
	0.0	0.0	1.0	0.0
	1.0	0.0	0.0	0.0
	0.0	0.0	1.0	0.0
	0.0	0.0	1.0	0.0
	0.0	0.0	1.0	0.0
	0.0	1.0	0.0	0.0
	0.0	0.0	0.0	1.0
	1.0	0.0	0.0	0.0
	0.0	0.0	1.0	0.0
	0.0	1.0	0.0	0.0
	1.0	0.0	0.0	0.0

MEME version 4

ALPHABET= ACGT

MOTIF chr13:31736768-31736778

letter-probability matrix: alength= 4 w= 10
	1.0	0.0	0.0	0.0
	1.0	0.0	0.0	0.0
	1.0	0.0	0.0	0.0
	1.0	0.0	0.0	0.0
	0.5	0.0	0.5	0.0
	1.0	0.0	0.0	0.0
	1.0	0.0	0.0	0.0
	1.0	0.0	0.0	0.0
	1.0	0.0	0.0	0.0
	1.0	0.0	0.0	0.0

MEME version 4

ALPHABET= ACGT

MOTIF chr13:31753661-31753686

letter-probability matrix: alength= 4 w= 25
	0.0	1.0	0.0	0.0
	1.0	0.0	0.0	0.0
	0.0	1.0	0.0	0.0
	0.0	1.0	0.0	0.0
	0.0	0.0	0.0	1.0
	1.0	0.0	0.0	0.0
	1.0	0.0	0.0	0.0
	0.0	0.0	1.0	0.0
	0.0	0.0	1.0	0.0
	0.0	1.0	0.0	0.0
	0.0	0.0	0.0	1.0
	0.0	0.0	1.0	0.0
	1.0	0.0	0.0	0.0
	0.0	0.0	0.0	1.0
	0.0	0.0	1.0	0.0
	1.0	0.0	0.0	0.0
	0.0	0.0	1.0	0.0
	0.0	0.0	1.0	0.0
	0.0	0.0	1.0	0.0
	0.0	1.0	0.0	0.0
	0.0	0.0	0.0	1.0
	1.0	0.0	0.0	0.0
	0.0	0.0	1.0	0.0
	0.0	1.0	0.0	0.0
	1.0	0.0	0.0	0.0

MEME version 4

ALPHABET= ACGT

MOTIF chr19:17434188-17434198

letter-probability matrix: alength= 4 w= 10
	1.0	0.0	0.0	0.0
	1.0	0.0	0.0	0.0
	1.0	0.0	0.0	0.0
	1.0	0.0	0.0	0.0
	0.5	0.0	0.5	0.0
	1.0	0.0	0.0	0.0
	1.0	0.0	0.0	0.0
	1.0	0.0	0.0	0.0
	1.0	0.0	0.0	0.0
	1.0	0.0	0.0	0.0

MEME version 4

ALPHABET= ACGT

MOTIF chr19:17444375-17444400

letter-probability matrix: alength= 4 w= 25
	0.0	1.0	0.0	0.0
	1.0	0.0	0.0	0.0
	0.0	1.0	0.0	0.0
	0.0	1.0	0.0	0.0
	0.0	0.0	0.0	1.0
	1.0	0.0	0.0	0.0
	1.0	0.0	0.0	0.0
	0.0	0.0	1.0	0.0
	0.0	0.0	1.0	0.0
	0.0	1.0	0.0	0.0
	0.0	0.0	0.0	1.0
	0.0	0.0	1.0	0.0
	1.0	0.0	0.0	0.0
	0.0	0.0	0.0	1.0
	0.0	0.0	1.0	0.0
	1.0	0.0	0.0	0.0
	0.0	0.0	1.0	0.0
	0.0	0.0	1.0	0.0
	0.0	0.0	1.0	0.0
	0.0	1.0	0.0	0.0
	0.0	0.0	0.0	1.0
	1.0	0.0	0.0	0.0
	0.0	0.0	1.0	0.0
	0.0	1.0	0.0	0.0
	1.0	0.0	0.0	0.0

MEME version 4

ALPHABET= ACGT

MOTIF chr2:24272064-24272074

letter-probability matrix: alength= 4 w= 10
	1.0	0.0	0.0	0.0
	1.0	0.0	0.0	0.0
	1.0	0.0	0.0	0.0
	1.0	0.0	0.0	0.0
	0.5	0.0	0.5	0.0
	1.0	0.0	0.0	0.0
	1.0	0.0	0.0	0.0
	1.0	0.0	0.0	0.0
	1.0	0.0	0.0	0.0
	1.0	0.0	0.0	0.0

MEME version 4

ALPHABET= ACGT

MOTIF chr2:24282179-24282204

letter-probability matrix: alength= 4 w= 25
	0.0	1.0	0.0	0.0
	1.0	0.0	0.0	0.0
	0.0	1.0	0.0	0.0
	0.0	1.0	0.0	0.0
	0.0	0.0	0.0	1.0
	1.0	0.0	0.0	0.0
	1.0	0.0	0.0	0.0
	0.0	0.0	1.0	0.0
	0.0	0.0	1.0	0.0
	0.0	1.0	0.0	0.0
	0.0	0.0	0.0	1.0
	0.0	0.0	1.0	0.0
	1.0	0.0	0.0	0.0
	0.0	0.0	0.0	1.0
	0.0	0.0	1.0	0.0
	1.0	0.0	0.0	0.0
	0.0	0.0	1.0	0.0
	0.0	0.0	1.0	0.0
	0.0	0.0	1.0	0.0
	0.0	1.0	0.0	0.0
	0.0	0.0	0.0	1.0
	1.0	0.0	0.0	0.0
	0.0	0.0	1.0	0.0
	0.0	1.0	0.0	0.0
	1.0	0.0	0.0	0.0

MEME version 4

ALPHABET= ACGT

MOTIF chr5:112258514-112258524

letter-probability matrix: alength= 4 w= 10
	1.0	0.0	0.0	0.0
	1.0	0.0	0.0	0.0
	1.0	0.0	0.0	0.0
	1.0	0.0	0.0	0.0
	0.5	0.0	0.5	0.0
	1.0	0.0	0.0	0.0
	1.0	0.0	0.0	0.0
	1.0	0.0	0.0	0.0
	1.0	0.0	0.0	0.0
	1.0	0.0	0.0	0.0

MEME version 4

ALPHABET= ACGT

MOTIF chr5:112276542-112276567

letter-probability matrix: alength= 4 w= 25
	0.0	1.0	0.0	0.0
	1.0	0.0	0.0	0.0
	0.0	1.0	0.0	0.0
	0.0	1.0	0.0	0.0
	0.0	0.0	0.0	1.0
	1.0	0.0	0.0	0.0
	1.0	0.0	0.0	0.0
	0.0	0.0	1.0	0.0
	0.0	0.0	1.0	0.0
	0.0	1.0	0.0	0.0
	0.0	0.0	0.0	1.0
	0.0	0.0	1.0	0.0
	1.0	0.0	0.0	0.0
	0.0	0.0	0.0	1.0
	0.0	0.0	1.0	0.0
	1.0	0.0	0.0	0.0
	0.0	0.0	1.0	0.0
	0.0	0.0	1.0	0.0
	0.0	0.0	1.0	0.0
	0.0	1.0	0.0	0.0
	0.0	0.0	0.0	1.0
	1.0	0.0	0.0	0.0
	0.0	0.0	1.0	0.0
	0.0	1.0	0.0	0.0
	1.0	0.0	0.0	0.0

MEME version 4

ALPHABET= ACGT

MOTIF chr9:103064123-103064133

letter-probability matrix: alength= 4 w= 10
	1.0	0.0	0.0	0.0
	1.0	0.0	0.0	0.0
	1.0	0.0	0.0	0.0
	1.0	0.0	0.0	0.0
	0.5	0.0	0.5	0.0
	1.0	0.0	0.0	0.0
	1.0	0.0	0.0	0.0
	1.0	0.0	0.0	0.0
	1.0	0.0	0.0	0.0
	1.0	0.0	0.0	0.0

MEME version 4

ALPHABET= ACGT

MOTIF chr9:103139119-103139144

letter-probability matrix: alength= 4 w= 25
	0.0	1.0	0.0	0.0
	1.0	0.0	0.0	0.0
	0.0	1.0	0.0	0.0
	0.0	1.0	0.0	0.0
	0.0	0.0	0.0	1.0
	1.0	0.0	0.0	0.0
	1.0	0.0	0.0	0.0
	0.0	0.0	1.0	0.0
	0.0	0.0	1.0	0.0
	0.0	1.0	0.0	0.0
	0.0	0.0	0.0	1.0
	0.0	0.0	1.0	0.0
	1.0	0.0	0.0	0.0
	0.0	0.0	0.0	1.0
	0.0	0.0	1.0	0.0
	1.0	0.0	0.0	0.0
	0.0	0.0	1.0	0.0
	0.0	0.0	1.0	0.0
	0.0	0.0	1.0	0.0
	0.0	1.0	0.0	0.0
	0.0	0.0	0.0	1.0
	1.0	0.0	0.0	0.0
	0.0	0.0	1.0	0.0
	0.0	1.0	0.0	0.0
	1.0	0.0	0.0	0.0

MEME version 4

ALPHABET= ACGT

MOTIF chr4:103811060-103811070

letter-probability matrix: alength= 4 w= 10
	1.0	0.0	0.0	0.0
	1.0	0.0	0.0	0.0
	1.0	0.0	0.0	0.0
	1.0	0.0	0.0	0.0
	0.5	0.0	0.5	0.0
	1.0	0.0	0.0	0.0
	1.0	0.0	0.0	0.0
	1.0	0.0	0.0	0.0
	1.0	0.0	0.0	0.0
	1.0	0.0	0.0	0.0

MEME version 4

ALPHABET= ACGT

MOTIF chr4:103776163-103776188

letter-probability matrix: alength= 4 w= 25
	0.0	1.0	0.0	0.0
	1.0	0.0	0.0	0.0
	0.0	1.0	0.0	0.0
	0.0	1.0	0.0	0.0
	0.0	0.0	0.0	1.0
	1.0	0.0	0.0	0.0
	1.0	0.0	0.0	0.0
	0.0	0.0	1.0	0.0
	0.0	0.0	1.0	0.0
	0.0	1.0	0.0	0.0
	0.0	0.0	0.0	1.0
	0.0	0.0	1.0	0.0
	1.0	0.0	0.0	0.0
	0.0	0.0	0.0	1.0
	0.0	0.0	1.0	0.0
	1.0	0.0	0.0	0.0
	0.0	0.0	1.0	0.0
	0.0	0.0	1.0	0.0
	0.0	0.0	1.0	0.0
	0.0	1.0	0.0	0.0
	0.0	0.0	0.0	1.0
	1.0	0.0	0.0	0.0
	0.0	0.0	1.0	0.0
	0.0	1.0	0.0	0.0
	1.0	0.0	0.0	0.0

MEME version 4

ALPHABET= ACGT

MOTIF chr10:43880789-43880799

letter-probability matrix: alength= 4 w= 10
	1.0	0.0	0.0	0.0
	1.0	0.0	0.0	0.0
	1.0	0.0	0.0	0.0
	1.0	0.0	0.0	0.0
	0.5	0.0	0.5	0.0
	1.0	0.0	0.0	0.0
	1.0	0.0	0.0	0.0
	1.0	0.0	0.0	0.0
	1.0	0.0	0.0	0.0
	1.0	0.0	0.0	0.0

MEME version 4

ALPHABET= ACGT

MOTIF chr10:43909130-43909155

letter-probability matrix: alength= 4 w= 25
	0.0	1.0	0.0	0.0
	1.0	0.0	0.0	0.0
	0.0	1.0	0.0	0.0
	0.0	1.0	0.0	0.0
	0.0	0.0	0.0	1.0
	1.0	0.0	0.0	0.0
	1.0	0.0	0.0	0.0
	0.0	0.0	1.0	0.0
	0.0	0.0	1.0	0.0
	0.0	1.0	0.0	0.0
	0.0	0.0	0.0	1.0
	0.0	0.0	1.0	0.0
	1.0	0.0	0.0	0.0
	0.0	0.0	0.0	1.0
	0.0	0.0	1.0	0.0
	1.0	0.0	0.0	0.0
	0.0	0.0	1.0	0.0
	0.0	0.0	1.0	0.0
	0.0	0.0	1.0	0.0
	0.0	1.0	0.0	0.0
	0.0	0.0	0.0	1.0
	1.0	0.0	0.0	0.0
	0.0	0.0	1.0	0.0
	0.0	1.0	0.0	0.0
	1.0	0.0	0.0	0.0

MEME version 4

ALPHABET= ACGT

MOTIF chr2:68686130-68686140

letter-probability matrix: alength= 4 w= 10
	1.0	0.0	0.0	0.0
	1.0	0.0	0.0	0.0
	1.0	0.0	0.0	0.0
	1.0	0.0	0.0	0.0
	0.5	0.0	0.5	0.0
	1.0	0.0	0.0	0.0
	1.0	0.0	0.0	0.0
	1.0	0.0	0.0	0.0
	1.0	0.0	0.0	0.0
	1.0	0.0	0.0	0.0

MEME version 4

ALPHABET= ACGT

MOTIF chr2:68709650-68709675

letter-probability matrix: alength= 4 w= 25
	0.0	1.0	0.0	0.0
	1.0	0.0	0.0	0.0
	0.0	1.0	0.0	0.0
	0.0	1.0	0.0	0.0
	0.0	0.0	0.0	1.0
	1.0	0.0	0.0	0.0
	1.0	0.0	0.0	0.0
	0.0	0.0	1.0	0.0
	0.0	0.0	1.0	0.0
	0.0	1.0	0.0	0.0
	0.0	0.0	0.0	1.0
	0.0	0.0	1.0	0.0
	1.0	0.0	0.0	0.0
	0.0	0.0	0.0	1.0
	0.0	0.0	1.0	0.0
	1.0	0.0	0.0	0.0
	0.0	0.0	1.0	0.0
	0.0	0.0	1.0	0.0
	0.0	0.0	1.0	0.0
	0.0	1.0	0.0	0.0
	0.0	0.0	0.0	1.0
	1.0	0.0	0.0	0.0
	0.0	0.0	1.0	0.0
	0.0	1.0	0.0	0.0
	1.0	0.0	0.0	0.0

MEME version 4

ALPHABET= ACGT

MOTIF chr1:23698399-23698409

letter-probability matrix: alength= 4 w= 10
	1.0	0.0	0.0	0.0
	1.0	0.0	0.0	0.0
	1.0	0.0	0.0	0.0
	1.0	0.0	0.0	0.0
	0.5	0.0	0.5	0.0
	1.0	0.0	0.0	0.0
	1.0	0.0	0.0	0.0
	1.0	0.0	0.0	0.0
	1.0	0.0	0.0	0.0
	1.0	0.0	0.0	0.0

MEME version 4

ALPHABET= ACGT

MOTIF chr1:23706895-23706920

letter-probability matrix: alength= 4 w= 25
	0.0	1.0	0.0	0.0
	1.0	0.0	0.0	0.0
	0.0	1.0	0.0	0.0
	0.0	1.0	0.0	0.0
	0.0	0.0	0.0	1.0
	1.0	0.0	0.0	0.0
	1.0	0.0	0.0	0.0
	0.0	0.0	1.0	0.0
	0.0	0.0	1.0	0.0
	0.0	1.0	0.0	0.0
	0.0	0.0	0.0	1.0
	0.0	0.0	1.0	0.0
	1.0	0.0	0.0	0.0
	0.0	0.0	0.0	1.0
	0.0	0.0	1.0	0.0
	1.0	0.0	0.0	0.0
	0.0	0.0	1.0	0.0
	0.0	0.0	1.0	0.0
	0.0	0.0	1.0	0.0
	0.0	1.0	0.0	0.0
	0.0	0.0	0.0	1.0
	1.0	0.0	0.0	0.0
	0.0	0.0	1.0	0.0
	0.0	1.0	0.0	0.0
	1.0	0.0	0.0	0.0

MEME version 4

ALPHABET= ACGT

MOTIF chr7:25159557-25159567

letter-probability matrix: alength= 4 w= 10
	1.0	0.0	0.0	0.0
	1.0	0.0	0.0	0.0
	1.0	0.0	0.0	0.0
	1.0	0.0	0.0	0.0
	0.5	0.0	0.5	0.0
	1.0	0.0	0.0	0.0
	1.0	0.0	0.0	0.0
	1.0	0.0	0.0	0.0
	1.0	0.0	0.0	0.0
	1.0	0.0	0.0	0.0

MEME version 4

ALPHABET= ACGT

MOTIF chr7:25113480-25113505

letter-probability matrix: alength= 4 w= 25
	0.0	1.0	0.0	0.0
	1.0	0.0	0.0	0.0
	0.0	1.0	0.0	0.0
	0.0	1.0	0.0	0.0
	0.0	0.0	0.0	1.0
	1.0	0.0	0.0	0.0
	1.0	0.0	0.0	0.0
	0.0	0.0	1.0	0.0
	0.0	0.0	1.0	0.0
	0.0	1.0	0.0	0.0
	0.0	0.0	0.0	1.0
	0.0	0.0	1.0	0.0
	1.0	0.0	0.0	0.0
	0.0	0.0	0.0	1.0
	0.0	0.0	1.0	0.0
	1.0	0.0	0.0	0.0
	0.0	0.0	1.0	0.0
	0.0	0.0	1.0	0.0
	0.0	0.0	1.0	0.0
	0.0	1.0	0.0	0.0
	0.0	0.0	0.0	1.0
	1.0	0.0	0.0	0.0
	0.0	0.0	1.0	0.0
	0.0	1.0	0.0	0.0
	1.0	0.0	0.0	0.0

MEME version 4

ALPHABET= ACGT

MOTIF chr20:43946550-43946560

letter-probability matrix: alength= 4 w= 10
	1.0	0.0	0.0	0.0
	1.0	0.0	0.0	0.0
	1.0	0.0	0.0	0.0
	1.0	0.0	0.0	0.0
	0.5	0.0	0.5	0.0
	1.0	0.0	0.0	0.0
	1.0	0.0	0.0	0.0
	1.0	0.0	0.0	0.0
	1.0	0.0	0.0	0.0
	1.0	0.0	0.0	0.0

MEME version 4

ALPHABET= ACGT

MOTIF chr20:43945998-43946023

letter-probability matrix: alength= 4 w= 25
	0.0	1.0	0.0	0.0
	1.0	0.0	0.0	0.0
	0.0	1.0	0.0	0.0
	0.0	1.0	0.0	0.0
	0.0	0.0	0.0	1.0
	1.0	0.0	0.0	0.0
	1.0	0.0	0.0	0.0
	0.0	0.0	1.0	0.0
	0.0	0.0	1.0	0.0
	0.0	1.0	0.0	0.0
	0.0	0.0	0.0	1.0
	0.0	0.0	1.0	0.0
	1.0	0.0	0.0	0.0
	0.0	0.0	0.0	1.0
	0.0	0.0	1.0	0.0
	1.0	0.0	0.0	0.0
	0.0	0.0	1.0	0.0
	0.0	0.0	1.0	0.0
	0.0	0.0	1.0	0.0
	0.0	1.0	0.0	0.0
	0.0	0.0	0.0	1.0
	1.0	0.0	0.0	0.0
	0.0	0.0	1.0	0.0
	0.0	1.0	0.0	0.0
	1.0	0.0	0.0	0.0

MEME version 4

ALPHABET= ACGT

MOTIF chrX:129319512-129319522

letter-probability matrix: alength= 4 w= 10
	1.0	0.0	0.0	0.0
	1.0	0.0	0.0	0.0
	1.0	0.0	0.0	0.0
	1.0	0.0	0.0	0.0
	0.5	0.0	0.5	0.0
	1.0	0.0	0.0	0.0
	1.0	0.0	0.0	0.0
	1.0	0.0	0.0	0.0
	1.0	0.0	0.0	0.0
	1.0	0.0	0.0	0.0

MEME version 4

ALPHABET= ACGT

MOTIF chrX:129274739-129274764

letter-probability matrix: alength= 4 w= 25
	0.0	1.0	0.0	0.0
	1.0	0.0	0.0	0.0
	0.0	1.0	0.0	0.0
	0.0	1.0	0.0	0.0
	0.0	0.0	0.0	1.0
	1.0	0.0	0.0	0.0
	1.0	0.0	0.0	0.0
	0.0	0.0	1.0	0.0
	0.0	0.0	1.0	0.0
	0.0	1.0	0.0	0.0
	0.0	0.0	0.0	1.0
	0.0	0.0	1.0	0.0
	1.0	0.0	0.0	0.0
	0.0	0.0	0.0	1.0
	0.0	0.0	1.0	0.0
	1.0	0.0	0.0	0.0
	0.0	0.0	1.0	0.0
	0.0	0.0	1.0	0.0
	0.0	0.0	1.0	0.0
	0.0	1.0	0.0	0.0
	0.0	0.0	0.0	1.0
	1.0	0.0	0.0	0.0
	0.0	0.0	1.0	0.0
	0.0	1.0	0.0	0.0
	1.0	0.0	0.0	0.0

MEME version 4

ALPHABET= ACGT

MOTIF chr15:91359312-91359322

letter-probability matrix: alength= 4 w= 10
	1.0	0.0	0.0	0.0
	1.0	0.0	0.0	0.0
	1.0	0.0	0.0	0.0
	1.0	0.0	0.0	0.0
	0.5	0.0	0.5	0.0
	1.0	0.0	0.0	0.0
	1.0	0.0	0.0	0.0
	1.0	0.0	0.0	0.0
	1.0	0.0	0.0	0.0
	1.0	0.0	0.0	0.0

MEME version 4

ALPHABET= ACGT

MOTIF chr15:91241147-91241172

letter-probability matrix: alength= 4 w= 25
	0.0	1.0	0.0	0.0
	1.0	0.0	0.0	0.0
	0.0	1.0	0.0	0.0
	0.0	1.0	0.0	0.0
	0.0	0.0	0.0	1.0
	1.0	0.0	0.0	0.0
	1.0	0.0	0.0	0.0
	0.0	0.0	1.0	0.0
	0.0	0.0	1.0	0.0
	0.0	1.0	0.0	0.0
	0.0	0.0	0.0	1.0
	0.0	0.0	1.0	0.0
	1.0	0.0	0.0	0.0
	0.0	0.0	0.0	1.0
	0.0	0.0	1.0	0.0
	1.0	0.0	0.0	0.0
	0.0	0.0	1.0	0.0
	0.0	0.0	1.0	0.0
	0.0	0.0	1.0	0.0
	0.0	1.0	0.0	0.0
	0.0	0.0	0.0	1.0
	1.0	0.0	0.0	0.0
	0.0	0.0	1.0	0.0
	0.0	1.0	0.0	0.0
	1.0	0.0	0.0	0.0

MEME version 4

ALPHABET= ACGT

MOTIF chr20:43151536-43151546

letter-probability matrix: alength= 4 w= 10
	1.0	0.0	0.0	0.0
	1.0	0.0	0.0	0.0
	1.0	0.0	0.0	0.0
	1.0	0.0	0.0	0.0
	0.5	0.0	0.5	0.0
	1.0	0.0	0.0	0.0
	1.0	0.0	0.0	0.0
	1.0	0.0	0.0	0.0
	1.0	0.0	0.0	0.0
	1.0	0.0	0.0	0.0

MEME version 4

ALPHABET= ACGT

MOTIF chr20:43165160-43165185

letter-probability matrix: alength= 4 w= 25
	0.0	1.0	0.0	0.0
	1.0	0.0	0.0	0.0
	0.0	1.0	0.0	0.0
	0.0	1.0	0.0	0.0
	0.0	0.0	0.0	1.0
	1.0	0.0	0.0	0.0
	1.0	0.0	0.0	0.0
	0.0	0.0	1.0	0.0
	0.0	0.0	1.0	0.0
	0.0	1.0	0.0	0.0
	0.0	0.0	0.0	1.0
	0.0	0.0	1.0	0.0
	1.0	0.0	0.0	0.0
	0.0	0.0	0.0	1.0
	0.0	0.0	1.0	0.0
	1.0	0.0	0.0	0.0
	0.0	0.0	1.0	0.0
	0.0	0.0	1.0	0.0
	0.0	0.0	1.0	0.0
	0.0	1.0	0.0	0.0
	0.0	0.0	0.0	1.0
	1.0	0.0	0.0	0.0
	0.0	0.0	1.0	0.0
	0.0	1.0	0.0	0.0
	1.0	0.0	0.0	0.0

MEME version 4

ALPHABET= ACGT

MOTIF chr7:2393033-2393043

letter-probability matrix: alength= 4 w= 10
	1.0	0.0	0.0	0.0
	1.0	0.0	0.0	0.0
	1.0	0.0	0.0	0.0
	1.0	0.0	0.0	0.0
	0.5	0.0	0.5	0.0
	1.0	0.0	0.0	0.0
	1.0	0.0	0.0	0.0
	1.0	0.0	0.0	0.0
	1.0	0.0	0.0	0.0
	1.0	0.0	0.0	0.0

MEME version 4

ALPHABET= ACGT

MOTIF chr7:2370133-2370158

letter-probability matrix: alength= 4 w= 25
	0.0	1.0	0.0	0.0
	1.0	0.0	0.0	0.0
	0.0	1.0	0.0	0.0
	0.0	1.0	0.0	0.0
	0.0	0.0	0.0	1.0
	1.0	0.0	0.0	0.0
	1.0	0.0	0.0	0.0
	0.0	0.0	1.0	0.0
	0.0	0.0	1.0	0.0
	0.0	1.0	0.0	0.0
	0.0	0.0	0.0	1.0
	0.0	0.0	1.0	0.0
	1.0	0.0	0.0	0.0
	0.0	0.0	0.0	1.0
	0.0	0.0	1.0	0.0
	1.0	0.0	0.0	0.0
	0.0	0.0	1.0	0.0
	0.0	0.0	1.0	0.0
	0.0	0.0	1.0	0.0
	0.0	1.0	0.0	0.0
	0.0	0.0	0.0	1.0
	1.0	0.0	0.0	0.0
	0.0	0.0	1.0	0.0
	0.0	1.0	0.0	0.0
	1.0	0.0	0.0	0.0

MEME version 4

ALPHABET= ACGT

MOTIF chr19:33168337-33168347

letter-probability matrix: alength= 4 w= 10
	1.0	0.0	0.0	0.0
	1.0	0.0	0.0	0.0
	1.0	0.0	0.0	0.0
	1.0	0.0	0.0	0.0
	0.5	0.0	0.5	0.0
	1.0	0.0	0.0	0.0
	1.0	0.0	0.0	0.0
	1.0	0.0	0.0	0.0
	1.0	0.0	0.0	0.0
	1.0	0.0	0.0	0.0

MEME version 4

ALPHABET= ACGT

MOTIF chr19:33179509-33179534

letter-probability matrix: alength= 4 w= 25
	0.0	1.0	0.0	0.0
	1.0	0.0	0.0	0.0
	0.0	1.0	0.0	0.0
	0.0	1.0	0.0	0.0
	0.0	0.0	0.0	1.0
	1.0	0.0	0.0	0.0
	1.0	0.0	0.0	0.0
	0.0	0.0	1.0	0.0
	0.0	0.0	1.0	0.0
	0.0	1.0	0.0	0.0
	0.0	0.0	0.0	1.0
	0.0	0.0	1.0	0.0
	1.0	0.0	0.0	0.0
	0.0	0.0	0.0	1.0
	0.0	0.0	1.0	0.0
	1.0	0.0	0.0	0.0
	0.0	0.0	1.0	0.0
	0.0	0.0	1.0	0.0
	0.0	0.0	1.0	0.0
	0.0	1.0	0.0	0.0
	0.0	0.0	0.0	1.0
	1.0	0.0	0.0	0.0
	0.0	0.0	1.0	0.0
	0.0	1.0	0.0	0.0
	1.0	0.0	0.0	0.0

MEME version 4

ALPHABET= ACGT

MOTIF chr16:19512317-19512327

letter-probability matrix: alength= 4 w= 10
	1.0	0.0	0.0	0.0
	1.0	0.0	0.0	0.0
	1.0	0.0	0.0	0.0
	1.0	0.0	0.0	0.0
	0.5	0.0	0.5	0.0
	1.0	0.0	0.0	0.0
	1.0	0.0	0.0	0.0
	1.0	0.0	0.0	0.0
	1.0	0.0	0.0	0.0
	1.0	0.0	0.0	0.0

MEME version 4

ALPHABET= ACGT

MOTIF chr16:19565407-19565432

letter-probability matrix: alength= 4 w= 25
	0.0	1.0	0.0	0.0
	1.0	0.0	0.0	0.0
	0.0	1.0	0.0	0.0
	0.0	1.0	0.0	0.0
	0.0	0.0	0.0	1.0
	1.0	0.0	0.0	0.0
	1.0	0.0	0.0	0.0
	0.0	0.0	1.0	0.0
	0.0	0.0	1.0	0.0
	0.0	1.0	0.0	0.0
	0.0	0.0	0.0	1.0
	0.0	0.0	1.0	0.0
	1.0	0.0	0.0	0.0
	0.0	0.0	0.0	1.0
	0.0	0.0	1.0	0.0
	1.0	0.0	0.0	0.0
	0.0	0.0	1.0	0.0
	0.0	0.0	1.0	0.0
	0.0	0.0	1.0	0.0
	0.0	1.0	0.0	0.0
	0.0	0.0	0.0	1.0
	1.0	0.0	0.0	0.0
	0.0	0.0	1.0	0.0
	0.0	1.0	0.0	0.0
	1.0	0.0	0.0	0.0

MEME version 4

ALPHABET= ACGT

MOTIF chr9:103115549-103115559

letter-probability matrix: alength= 4 w= 10
	1.0	0.0	0.0	0.0
	1.0	0.0	0.0	0.0
	1.0	0.0	0.0	0.0
	1.0	0.0	0.0	0.0
	0.5	0.0	0.5	0.0
	1.0	0.0	0.0	0.0
	1.0	0.0	0.0	0.0
	1.0	0.0	0.0	0.0
	1.0	0.0	0.0	0.0
	1.0	0.0	0.0	0.0

MEME version 4

ALPHABET= ACGT

MOTIF chr9:103139119-103139144

letter-probability matrix: alength= 4 w= 25
	0.0	1.0	0.0	0.0
	1.0	0.0	0.0	0.0
	0.0	1.0	0.0	0.0
	0.0	1.0	0.0	0.0
	0.0	0.0	0.0	1.0
	1.0	0.0	0.0	0.0
	1.0	0.0	0.0	0.0
	0.0	0.0	1.0	0.0
	0.0	0.0	1.0	0.0
	0.0	1.0	0.0	0.0
	0.0	0.0	0.0	1.0
	0.0	0.0	1.0	0.0
	1.0	0.0	0.0	0.0
	0.0	0.0	0.0	1.0
	0.0	0.0	1.0	0.0
	1.0	0.0	0.0	0.0
	0.0	0.0	1.0	0.0
	0.0	0.0	1.0	0.0
	0.0	0.0	1.0	0.0
	0.0	1.0	0.0	0.0
	0.0	0.0	0.0	1.0
	1.0	0.0	0.0	0.0
	0.0	0.0	1.0	0.0
	0.0	1.0	0.0	0.0
	1.0	0.0	0.0	0.0

MEME version 4

ALPHABET= ACGT

MOTIF chr9:79010175-79010185

letter-probability matrix: alength= 4 w= 10
	1.0	0.0	0.0	0.0
	1.0	0.0	0.0	0.0
	1.0	0.0	0.0	0.0
	1.0	0.0	0.0	0.0
	0.5	0.0	0.5	0.0
	1.0	0.0	0.0	0.0
	1.0	0.0	0.0	0.0
	1.0	0.0	0.0	0.0
	1.0	0.0	0.0	0.0
	1.0	0.0	0.0	0.0

MEME version 4

ALPHABET= ACGT

MOTIF chr9:79028170-79028195

letter-probability matrix: alength= 4 w= 25
	0.0	1.0	0.0	0.0
	1.0	0.0	0.0	0.0
	0.0	1.0	0.0	0.0
	0.0	1.0	0.0	0.0
	0.0	0.0	0.0	1.0
	1.0	0.0	0.0	0.0
	1.0	0.0	0.0	0.0
	0.0	0.0	1.0	0.0
	0.0	0.0	1.0	0.0
	0.0	1.0	0.0	0.0
	0.0	0.0	0.0	1.0
	0.0	0.0	1.0	0.0
	1.0	0.0	0.0	0.0
	0.0	0.0	0.0	1.0
	0.0	0.0	1.0	0.0
	1.0	0.0	0.0	0.0
	0.0	0.0	1.0	0.0
	0.0	0.0	1.0	0.0
	0.0	0.0	1.0	0.0
	0.0	1.0	0.0	0.0
	0.0	0.0	0.0	1.0
	1.0	0.0	0.0	0.0
	0.0	0.0	1.0	0.0
	0.0	1.0	0.0	0.0
	1.0	0.0	0.0	0.0

MEME version 4

ALPHABET= ACGT

MOTIF chr16:67260254-67260264

letter-probability matrix: alength= 4 w= 10
	1.0	0.0	0.0	0.0
	1.0	0.0	0.0	0.0
	1.0	0.0	0.0	0.0
	1.0	0.0	0.0	0.0
	0.5	0.0	0.5	0.0
	1.0	0.0	0.0	0.0
	1.0	0.0	0.0	0.0
	1.0	0.0	0.0	0.0
	1.0	0.0	0.0	0.0
	1.0	0.0	0.0	0.0

MEME version 4

ALPHABET= ACGT

MOTIF chr16:67254507-67254532

letter-probability matrix: alength= 4 w= 25
	0.0	1.0	0.0	0.0
	1.0	0.0	0.0	0.0
	0.0	1.0	0.0	0.0
	0.0	1.0	0.0	0.0
	0.0	0.0	0.0	1.0
	1.0	0.0	0.0	0.0
	1.0	0.0	0.0	0.0
	0.0	0.0	1.0	0.0
	0.0	0.0	1.0	0.0
	0.0	1.0	0.0	0.0
	0.0	0.0	0.0	1.0
	0.0	0.0	1.0	0.0
	1.0	0.0	0.0	0.0
	0.0	0.0	0.0	1.0
	0.0	0.0	1.0	0.0
	1.0	0.0	0.0	0.0
	0.0	0.0	1.0	0.0
	0.0	0.0	1.0	0.0
	0.0	0.0	1.0	0.0
	0.0	1.0	0.0	0.0
	0.0	0.0	0.0	1.0
	1.0	0.0	0.0	0.0
	0.0	0.0	1.0	0.0
	0.0	1.0	0.0	0.0
	1.0	0.0	0.0	0.0

MEME version 4

ALPHABET= ACGT

MOTIF chr4:74860595-74860605

letter-probability matrix: alength= 4 w= 10
	1.0	0.0	0.0	0.0
	1.0	0.0	0.0	0.0
	1.0	0.0	0.0	0.0
	1.0	0.0	0.0	0.0
	0.5	0.0	0.5	0.0
	1.0	0.0	0.0	0.0
	1.0	0.0	0.0	0.0
	1.0	0.0	0.0	0.0
	1.0	0.0	0.0	0.0
	1.0	0.0	0.0	0.0

MEME version 4

ALPHABET= ACGT

MOTIF chr4:74853693-74853718

letter-probability matrix: alength= 4 w= 25
	0.0	1.0	0.0	0.0
	1.0	0.0	0.0	0.0
	0.0	1.0	0.0	0.0
	0.0	1.0	0.0	0.0
	0.0	0.0	0.0	1.0
	1.0	0.0	0.0	0.0
	1.0	0.0	0.0	0.0
	0.0	0.0	1.0	0.0
	0.0	0.0	1.0	0.0
	0.0	1.0	0.0	0.0
	0.0	0.0	0.0	1.0
	0.0	0.0	1.0	0.0
	1.0	0.0	0.0	0.0
	0.0	0.0	0.0	1.0
	0.0	0.0	1.0	0.0
	1.0	0.0	0.0	0.0
	0.0	0.0	1.0	0.0
	0.0	0.0	1.0	0.0
	0.0	0.0	1.0	0.0
	0.0	1.0	0.0	0.0
	0.0	0.0	0.0	1.0
	1.0	0.0	0.0	0.0
	0.0	0.0	1.0	0.0
	0.0	1.0	0.0	0.0
	1.0	0.0	0.0	0.0

MEME version 4

ALPHABET= ACGT

MOTIF chr2:209100647-209100657

letter-probability matrix: alength= 4 w= 10
	1.0	0.0	0.0	0.0
	1.0	0.0	0.0	0.0
	1.0	0.0	0.0	0.0
	1.0	0.0	0.0	0.0
	0.5	0.0	0.5	0.0
	1.0	0.0	0.0	0.0
	1.0	0.0	0.0	0.0
	1.0	0.0	0.0	0.0
	1.0	0.0	0.0	0.0
	1.0	0.0	0.0	0.0

MEME version 4

ALPHABET= ACGT

MOTIF chr2:209150595-209150620

letter-probability matrix: alength= 4 w= 25
	0.0	1.0	0.0	0.0
	1.0	0.0	0.0	0.0
	0.0	1.0	0.0	0.0
	0.0	1.0	0.0	0.0
	0.0	0.0	0.0	1.0
	1.0	0.0	0.0	0.0
	1.0	0.0	0.0	0.0
	0.0	0.0	1.0	0.0
	0.0	0.0	1.0	0.0
	0.0	1.0	0.0	0.0
	0.0	0.0	0.0	1.0
	0.0	0.0	1.0	0.0
	1.0	0.0	0.0	0.0
	0.0	0.0	0.0	1.0
	0.0	0.0	1.0	0.0
	1.0	0.0	0.0	0.0
	0.0	0.0	1.0	0.0
	0.0	0.0	1.0	0.0
	0.0	0.0	1.0	0.0
	0.0	1.0	0.0	0.0
	0.0	0.0	0.0	1.0
	1.0	0.0	0.0	0.0
	0.0	0.0	1.0	0.0
	0.0	1.0	0.0	0.0
	1.0	0.0	0.0	0.0

MEME version 4

ALPHABET= ACGT

MOTIF chr16:20861542-20861552

letter-probability matrix: alength= 4 w= 10
	1.0	0.0	0.0	0.0
	1.0	0.0	0.0	0.0
	1.0	0.0	0.0	0.0
	1.0	0.0	0.0	0.0
	0.5	0.0	0.5	0.0
	1.0	0.0	0.0	0.0
	1.0	0.0	0.0	0.0
	1.0	0.0	0.0	0.0
	1.0	0.0	0.0	0.0
	1.0	0.0	0.0	0.0

MEME version 4

ALPHABET= ACGT

MOTIF chr16:20849866-20849891

letter-probability matrix: alength= 4 w= 25
	0.0	1.0	0.0	0.0
	1.0	0.0	0.0	0.0
	0.0	1.0	0.0	0.0
	0.0	1.0	0.0	0.0
	0.0	0.0	0.0	1.0
	1.0	0.0	0.0	0.0
	1.0	0.0	0.0	0.0
	0.0	0.0	1.0	0.0
	0.0	0.0	1.0	0.0
	0.0	1.0	0.0	0.0
	0.0	0.0	0.0	1.0
	0.0	0.0	1.0	0.0
	1.0	0.0	0.0	0.0
	0.0	0.0	0.0	1.0
	0.0	0.0	1.0	0.0
	1.0	0.0	0.0	0.0
	0.0	0.0	1.0	0.0
	0.0	0.0	1.0	0.0
	0.0	0.0	1.0	0.0
	0.0	1.0	0.0	0.0
	0.0	0.0	0.0	1.0
	1.0	0.0	0.0	0.0
	0.0	0.0	1.0	0.0
	0.0	1.0	0.0	0.0
	1.0	0.0	0.0	0.0

MEME version 4

ALPHABET= ACGT

MOTIF chr1:204484976-204484986

letter-probability matrix: alength= 4 w= 10
	1.0	0.0	0.0	0.0
	1.0	0.0	0.0	0.0
	1.0	0.0	0.0	0.0
	1.0	0.0	0.0	0.0
	0.5	0.0	0.5	0.0
	1.0	0.0	0.0	0.0
	1.0	0.0	0.0	0.0
	1.0	0.0	0.0	0.0
	1.0	0.0	0.0	0.0
	1.0	0.0	0.0	0.0

MEME version 4

ALPHABET= ACGT

MOTIF chr1:204478706-204478731

letter-probability matrix: alength= 4 w= 25
	0.0	1.0	0.0	0.0
	1.0	0.0	0.0	0.0
	0.0	1.0	0.0	0.0
	0.0	1.0	0.0	0.0
	0.0	0.0	0.0	1.0
	1.0	0.0	0.0	0.0
	1.0	0.0	0.0	0.0
	0.0	0.0	1.0	0.0
	0.0	0.0	1.0	0.0
	0.0	1.0	0.0	0.0
	0.0	0.0	0.0	1.0
	0.0	0.0	1.0	0.0
	1.0	0.0	0.0	0.0
	0.0	0.0	0.0	1.0
	0.0	0.0	1.0	0.0
	1.0	0.0	0.0	0.0
	0.0	0.0	1.0	0.0
	0.0	0.0	1.0	0.0
	0.0	0.0	1.0	0.0
	0.0	1.0	0.0	0.0
	0.0	0.0	0.0	1.0
	1.0	0.0	0.0	0.0
	0.0	0.0	1.0	0.0
	0.0	1.0	0.0	0.0
	1.0	0.0	0.0	0.0

MEME version 4

ALPHABET= ACGT

MOTIF chr17:79633287-79633297

letter-probability matrix: alength= 4 w= 10
	1.0	0.0	0.0	0.0
	1.0	0.0	0.0	0.0
	1.0	0.0	0.0	0.0
	1.0	0.0	0.0	0.0
	0.5	0.0	0.5	0.0
	1.0	0.0	0.0	0.0
	1.0	0.0	0.0	0.0
	1.0	0.0	0.0	0.0
	1.0	0.0	0.0	0.0
	1.0	0.0	0.0	0.0

MEME version 4

ALPHABET= ACGT

MOTIF chr17:79612601-79612626

letter-probability matrix: alength= 4 w= 25
	0.0	1.0	0.0	0.0
	1.0	0.0	0.0	0.0
	0.0	1.0	0.0	0.0
	0.0	1.0	0.0	0.0
	0.0	0.0	0.0	1.0
	1.0	0.0	0.0	0.0
	1.0	0.0	0.0	0.0
	0.0	0.0	1.0	0.0
	0.0	0.0	1.0	0.0
	0.0	1.0	0.0	0.0
	0.0	0.0	0.0	1.0
	0.0	0.0	1.0	0.0
	1.0	0.0	0.0	0.0
	0.0	0.0	0.0	1.0
	0.0	0.0	1.0	0.0
	1.0	0.0	0.0	0.0
	0.0	0.0	1.0	0.0
	0.0	0.0	1.0	0.0
	0.0	0.0	1.0	0.0
	0.0	1.0	0.0	0.0
	0.0	0.0	0.0	1.0
	1.0	0.0	0.0	0.0
	0.0	0.0	1.0	0.0
	0.0	1.0	0.0	0.0
	1.0	0.0	0.0	0.0

MEME version 4

ALPHABET= ACGT

MOTIF chr15:64679312-64679322

letter-probability matrix: alength= 4 w= 10
	1.0	0.0	0.0	0.0
	1.0	0.0	0.0	0.0
	1.0	0.0	0.0	0.0
	1.0	0.0	0.0	0.0
	0.5	0.0	0.5	0.0
	1.0	0.0	0.0	0.0
	1.0	0.0	0.0	0.0
	1.0	0.0	0.0	0.0
	1.0	0.0	0.0	0.0
	1.0	0.0	0.0	0.0

MEME version 4

ALPHABET= ACGT

MOTIF chr15:64698106-64698131

letter-probability matrix: alength= 4 w= 25
	0.0	1.0	0.0	0.0
	1.0	0.0	0.0	0.0
	0.0	1.0	0.0	0.0
	0.0	1.0	0.0	0.0
	0.0	0.0	0.0	1.0
	1.0	0.0	0.0	0.0
	1.0	0.0	0.0	0.0
	0.0	0.0	1.0	0.0
	0.0	0.0	1.0	0.0
	0.0	1.0	0.0	0.0
	0.0	0.0	0.0	1.0
	0.0	0.0	1.0	0.0
	1.0	0.0	0.0	0.0
	0.0	0.0	0.0	1.0
	0.0	0.0	1.0	0.0
	1.0	0.0	0.0	0.0
	0.0	0.0	1.0	0.0
	0.0	0.0	1.0	0.0
	0.0	0.0	1.0	0.0
	0.0	1.0	0.0	0.0
	0.0	0.0	0.0	1.0
	1.0	0.0	0.0	0.0
	0.0	0.0	1.0	0.0
	0.0	1.0	0.0	0.0
	1.0	0.0	0.0	0.0

MEME version 4

ALPHABET= ACGT

MOTIF chr3:138554588-138554598

letter-probability matrix: alength= 4 w= 10
	1.0	0.0	0.0	0.0
	1.0	0.0	0.0	0.0
	1.0	0.0	0.0	0.0
	1.0	0.0	0.0	0.0
	0.5	0.0	0.5	0.0
	1.0	0.0	0.0	0.0
	1.0	0.0	0.0	0.0
	1.0	0.0	0.0	0.0
	1.0	0.0	0.0	0.0
	1.0	0.0	0.0	0.0

MEME version 4

ALPHABET= ACGT

MOTIF chr3:138534122-138534147

letter-probability matrix: alength= 4 w= 25
	0.0	1.0	0.0	0.0
	1.0	0.0	0.0	0.0
	0.0	1.0	0.0	0.0
	0.0	1.0	0.0	0.0
	0.0	0.0	0.0	1.0
	1.0	0.0	0.0	0.0
	1.0	0.0	0.0	0.0
	0.0	0.0	1.0	0.0
	0.0	0.0	1.0	0.0
	0.0	1.0	0.0	0.0
	0.0	0.0	0.0	1.0
	0.0	0.0	1.0	0.0
	1.0	0.0	0.0	0.0
	0.0	0.0	0.0	1.0
	0.0	0.0	1.0	0.0
	1.0	0.0	0.0	0.0
	0.0	0.0	1.0	0.0
	0.0	0.0	1.0	0.0
	0.0	0.0	1.0	0.0
	0.0	1.0	0.0	0.0
	0.0	0.0	0.0	1.0
	1.0	0.0	0.0	0.0
	0.0	0.0	1.0	0.0
	0.0	1.0	0.0	0.0
	1.0	0.0	0.0	0.0

MEME version 4

ALPHABET= ACGT

MOTIF chr6:26016332-26016342

letter-probability matrix: alength= 4 w= 10
	1.0	0.0	0.0	0.0
	1.0	0.0	0.0	0.0
	1.0	0.0	0.0	0.0
	1.0	0.0	0.0	0.0
	0.5	0.0	0.5	0.0
	1.0	0.0	0.0	0.0
	1.0	0.0	0.0	0.0
	1.0	0.0	0.0	0.0
	1.0	0.0	0.0	0.0
	1.0	0.0	0.0	0.0

MEME version 4

ALPHABET= ACGT

MOTIF chr6:26005831-26005856

letter-probability matrix: alength= 4 w= 25
	0.0	1.0	0.0	0.0
	1.0	0.0	0.0	0.0
	0.0	1.0	0.0	0.0
	0.0	1.0	0.0	0.0
	0.0	0.0	0.0	1.0
	1.0	0.0	0.0	0.0
	1.0	0.0	0.0	0.0
	0.0	0.0	1.0	0.0
	0.0	0.0	1.0	0.0
	0.0	1.0	0.0	0.0
	0.0	0.0	0.0	1.0
	0.0	0.0	1.0	0.0
	1.0	0.0	0.0	0.0
	0.0	0.0	0.0	1.0
	0.0	0.0	1.0	0.0
	1.0	0.0	0.0	0.0
	0.0	0.0	1.0	0.0
	0.0	0.0	1.0	0.0
	0.0	0.0	1.0	0.0
	0.0	1.0	0.0	0.0
	0.0	0.0	0.0	1.0
	1.0	0.0	0.0	0.0
	0.0	0.0	1.0	0.0
	0.0	1.0	0.0	0.0
	1.0	0.0	0.0	0.0

MEME version 4

ALPHABET= ACGT

MOTIF chr8:105479782-105479792

letter-probability matrix: alength= 4 w= 10
	1.0	0.0	0.0	0.0
	1.0	0.0	0.0	0.0
	1.0	0.0	0.0	0.0
	1.0	0.0	0.0	0.0
	0.5	0.0	0.5	0.0
	1.0	0.0	0.0	0.0
	1.0	0.0	0.0	0.0
	1.0	0.0	0.0	0.0
	1.0	0.0	0.0	0.0
	1.0	0.0	0.0	0.0

MEME version 4

ALPHABET= ACGT

MOTIF chr8:105460259-105460284

letter-probability matrix: alength= 4 w= 25
	0.0	1.0	0.0	0.0
	1.0	0.0	0.0	0.0
	0.0	1.0	0.0	0.0
	0.0	1.0	0.0	0.0
	0.0	0.0	0.0	1.0
	1.0	0.0	0.0	0.0
	1.0	0.0	0.0	0.0
	0.0	0.0	1.0	0.0
	0.0	0.0	1.0	0.0
	0.0	1.0	0.0	0.0
	0.0	0.0	0.0	1.0
	0.0	0.0	1.0	0.0
	1.0	0.0	0.0	0.0
	0.0	0.0	0.0	1.0
	0.0	0.0	1.0	0.0
	1.0	0.0	0.0	0.0
	0.0	0.0	1.0	0.0
	0.0	0.0	1.0	0.0
	0.0	0.0	1.0	0.0
	0.0	1.0	0.0	0.0
	0.0	0.0	0.0	1.0
	1.0	0.0	0.0	0.0
	0.0	0.0	1.0	0.0
	0.0	1.0	0.0	0.0
	1.0	0.0	0.0	0.0

MEME version 4

ALPHABET= ACGT

MOTIF chr12:122326036-122326046

letter-probability matrix: alength= 4 w= 10
	1.0	0.0	0.0	0.0
	1.0	0.0	0.0	0.0
	1.0	0.0	0.0	0.0
	1.0	0.0	0.0	0.0
	0.5	0.0	0.5	0.0
	1.0	0.0	0.0	0.0
	1.0	0.0	0.0	0.0
	1.0	0.0	0.0	0.0
	1.0	0.0	0.0	0.0
	1.0	0.0	0.0	0.0

MEME version 4

ALPHABET= ACGT

MOTIF chr12:122319496-122319521

letter-probability matrix: alength= 4 w= 25
	0.0	1.0	0.0	0.0
	1.0	0.0	0.0	0.0
	0.0	1.0	0.0	0.0
	0.0	1.0	0.0	0.0
	0.0	0.0	0.0	1.0
	1.0	0.0	0.0	0.0
	1.0	0.0	0.0	0.0
	0.0	0.0	1.0	0.0
	0.0	0.0	1.0	0.0
	0.0	1.0	0.0	0.0
	0.0	0.0	0.0	1.0
	0.0	0.0	1.0	0.0
	1.0	0.0	0.0	0.0
	0.0	0.0	0.0	1.0
	0.0	0.0	1.0	0.0
	1.0	0.0	0.0	0.0
	0.0	0.0	1.0	0.0
	0.0	0.0	1.0	0.0
	0.0	0.0	1.0	0.0
	0.0	1.0	0.0	0.0
	0.0	0.0	0.0	1.0
	1.0	0.0	0.0	0.0
	0.0	0.0	1.0	0.0
	0.0	1.0	0.0	0.0
	1.0	0.0	0.0	0.0

MEME version 4

ALPHABET= ACGT

MOTIF chr11:63973704-63973714

letter-probability matrix: alength= 4 w= 10
	1.0	0.0	0.0	0.0
	1.0	0.0	0.0	0.0
	1.0	0.0	0.0	0.0
	1.0	0.0	0.0	0.0
	0.5	0.0	0.5	0.0
	1.0	0.0	0.0	0.0
	1.0	0.0	0.0	0.0
	1.0	0.0	0.0	0.0
	1.0	0.0	0.0	0.0
	1.0	0.0	0.0	0.0

MEME version 4

ALPHABET= ACGT

MOTIF chr11:63965900-63965925

letter-probability matrix: alength= 4 w= 25
	0.0	1.0	0.0	0.0
	1.0	0.0	0.0	0.0
	0.0	1.0	0.0	0.0
	0.0	1.0	0.0	0.0
	0.0	0.0	0.0	1.0
	1.0	0.0	0.0	0.0
	1.0	0.0	0.0	0.0
	0.0	0.0	1.0	0.0
	0.0	0.0	1.0	0.0
	0.0	1.0	0.0	0.0
	0.0	0.0	0.0	1.0
	0.0	0.0	1.0	0.0
	1.0	0.0	0.0	0.0
	0.0	0.0	0.0	1.0
	0.0	0.0	1.0	0.0
	1.0	0.0	0.0	0.0
	0.0	0.0	1.0	0.0
	0.0	0.0	1.0	0.0
	0.0	0.0	1.0	0.0
	0.0	1.0	0.0	0.0
	0.0	0.0	0.0	1.0
	1.0	0.0	0.0	0.0
	0.0	0.0	1.0	0.0
	0.0	1.0	0.0	0.0
	1.0	0.0	0.0	0.0

MEME version 4

ALPHABET= ACGT

MOTIF chr17:56633337-56633347

letter-probability matrix: alength= 4 w= 10
	1.0	0.0	0.0	0.0
	1.0	0.0	0.0	0.0
	1.0	0.0	0.0	0.0
	1.0	0.0	0.0	0.0
	0.5	0.0	0.5	0.0
	1.0	0.0	0.0	0.0
	1.0	0.0	0.0	0.0
	1.0	0.0	0.0	0.0
	1.0	0.0	0.0	0.0
	1.0	0.0	0.0	0.0

MEME version 4

ALPHABET= ACGT

MOTIF chr17:56774185-56774210

letter-probability matrix: alength= 4 w= 25
	0.0	1.0	0.0	0.0
	1.0	0.0	0.0	0.0
	0.0	1.0	0.0	0.0
	0.0	1.0	0.0	0.0
	0.0	0.0	0.0	1.0
	1.0	0.0	0.0	0.0
	1.0	0.0	0.0	0.0
	0.0	0.0	1.0	0.0
	0.0	0.0	1.0	0.0
	0.0	1.0	0.0	0.0
	0.0	0.0	0.0	1.0
	0.0	0.0	1.0	0.0
	1.0	0.0	0.0	0.0
	0.0	0.0	0.0	1.0
	0.0	0.0	1.0	0.0
	1.0	0.0	0.0	0.0
	0.0	0.0	1.0	0.0
	0.0	0.0	1.0	0.0
	0.0	0.0	1.0	0.0
	0.0	1.0	0.0	0.0
	0.0	0.0	0.0	1.0
	1.0	0.0	0.0	0.0
	0.0	0.0	1.0	0.0
	0.0	1.0	0.0	0.0
	1.0	0.0	0.0	0.0

MEME version 4

ALPHABET= ACGT

MOTIF chr1:247616227-247616237

letter-probability matrix: alength= 4 w= 10
	1.0	0.0	0.0	0.0
	1.0	0.0	0.0	0.0
	1.0	0.0	0.0	0.0
	1.0	0.0	0.0	0.0
	0.5	0.0	0.5	0.0
	1.0	0.0	0.0	0.0
	1.0	0.0	0.0	0.0
	1.0	0.0	0.0	0.0
	1.0	0.0	0.0	0.0
	1.0	0.0	0.0	0.0

MEME version 4

ALPHABET= ACGT

MOTIF chr1:247632719-247632744

letter-probability matrix: alength= 4 w= 25
	0.0	1.0	0.0	0.0
	1.0	0.0	0.0	0.0
	0.0	1.0	0.0	0.0
	0.0	1.0	0.0	0.0
	0.0	0.0	0.0	1.0
	1.0	0.0	0.0	0.0
	1.0	0.0	0.0	0.0
	0.0	0.0	1.0	0.0
	0.0	0.0	1.0	0.0
	0.0	1.0	0.0	0.0
	0.0	0.0	0.0	1.0
	0.0	0.0	1.0	0.0
	1.0	0.0	0.0	0.0
	0.0	0.0	0.0	1.0
	0.0	0.0	1.0	0.0
	1.0	0.0	0.0	0.0
	0.0	0.0	1.0	0.0
	0.0	0.0	1.0	0.0
	0.0	0.0	1.0	0.0
	0.0	1.0	0.0	0.0
	0.0	0.0	0.0	1.0
	1.0	0.0	0.0	0.0
	0.0	0.0	1.0	0.0
	0.0	1.0	0.0	0.0
	1.0	0.0	0.0	0.0

MEME version 4

ALPHABET= ACGT

MOTIF chr1:161135504-161135514

letter-probability matrix: alength= 4 w= 10
	1.0	0.0	0.0	0.0
	1.0	0.0	0.0	0.0
	1.0	0.0	0.0	0.0
	1.0	0.0	0.0	0.0
	0.5	0.0	0.5	0.0
	1.0	0.0	0.0	0.0
	1.0	0.0	0.0	0.0
	1.0	0.0	0.0	0.0
	1.0	0.0	0.0	0.0
	1.0	0.0	0.0	0.0

MEME version 4

ALPHABET= ACGT

MOTIF chr1:161124817-161124842

letter-probability matrix: alength= 4 w= 25
	0.0	1.0	0.0	0.0
	1.0	0.0	0.0	0.0
	0.0	1.0	0.0	0.0
	0.0	1.0	0.0	0.0
	0.0	0.0	0.0	1.0
	1.0	0.0	0.0	0.0
	1.0	0.0	0.0	0.0
	0.0	0.0	1.0	0.0
	0.0	0.0	1.0	0.0
	0.0	1.0	0.0	0.0
	0.0	0.0	0.0	1.0
	0.0	0.0	1.0	0.0
	1.0	0.0	0.0	0.0
	0.0	0.0	0.0	1.0
	0.0	0.0	1.0	0.0
	1.0	0.0	0.0	0.0
	0.0	0.0	1.0	0.0
	0.0	0.0	1.0	0.0
	0.0	0.0	1.0	0.0
	0.0	1.0	0.0	0.0
	0.0	0.0	0.0	1.0
	1.0	0.0	0.0	0.0
	0.0	0.0	1.0	0.0
	0.0	1.0	0.0	0.0
	1.0	0.0	0.0	0.0

MEME version 4

ALPHABET= ACGT

MOTIF chr17:41830485-41830495

letter-probability matrix: alength= 4 w= 10
	1.0	0.0	0.0	0.0
	1.0	0.0	0.0	0.0
	1.0	0.0	0.0	0.0
	1.0	0.0	0.0	0.0
	0.5	0.0	0.5	0.0
	1.0	0.0	0.0	0.0
	1.0	0.0	0.0	0.0
	1.0	0.0	0.0	0.0
	1.0	0.0	0.0	0.0
	1.0	0.0	0.0	0.0

MEME version 4

ALPHABET= ACGT

MOTIF chr17:41839837-41839862

letter-probability matrix: alength= 4 w= 25
	0.0	1.0	0.0	0.0
	1.0	0.0	0.0	0.0
	0.0	1.0	0.0	0.0
	0.0	1.0	0.0	0.0
	0.0	0.0	0.0	1.0
	1.0	0.0	0.0	0.0
	1.0	0.0	0.0	0.0
	0.0	0.0	1.0	0.0
	0.0	0.0	1.0	0.0
	0.0	1.0	0.0	0.0
	0.0	0.0	0.0	1.0
	0.0	0.0	1.0	0.0
	1.0	0.0	0.0	0.0
	0.0	0.0	0.0	1.0
	0.0	0.0	1.0	0.0
	1.0	0.0	0.0	0.0
	0.0	0.0	1.0	0.0
	0.0	0.0	1.0	0.0
	0.0	0.0	1.0	0.0
	0.0	1.0	0.0	0.0
	0.0	0.0	0.0	1.0
	1.0	0.0	0.0	0.0
	0.0	0.0	1.0	0.0
	0.0	1.0	0.0	0.0
	1.0	0.0	0.0	0.0

