MEME version 4

ALPHABET= ACGT

MOTIF chr18:21269339-21269349

letter-probability matrix: alength= 4 w= 10
	0.0	0.93	0.0	0.07
	0.0	0.07	0.0	0.93
	0.04	0.92	0.04	0.0
	0.04	0.96	0.0	0.0
	0.13	0.29	0.0	0.59
	0.04	0.0	0.57	0.4
	0.0	0.89	0.11	0.0
	0.0	0.96	0.04	0.0
	0.03	0.4	0.0	0.57
	0.07	0.58	0.23	0.12

MEME version 4

ALPHABET= ACGT

MOTIF chr18:21278662-21278687

letter-probability matrix: alength= 4 w= 25
	0.0	0.78	0.0	0.22
	1.0	0.0	0.0	0.0
	0.07	0.0	0.93	0.0
	0.0	0.0	1.0	0.0
	0.0	0.92	0.0	0.08
	0.32	0.0	0.59	0.09
	0.0	0.0	0.0	1.0
	0.0	0.15	0.85	0.0
	1.0	0.0	0.0	0.0
	0.0	0.0	1.0	0.0
	0.0	1.0	0.0	0.0
	0.0	1.0	0.0	0.0
	1.0	0.0	0.0	0.0
	0.0	1.0	0.0	0.0
	0.0	0.77	0.0	0.23
	0.22	0.0	0.78	0.0
	0.0	0.85	0.0	0.15
	0.06	0.04	0.83	0.07
	0.02	0.91	0.0	0.07
	0.0	0.93	0.0	0.07
	0.0	0.81	0.0	0.19
	0.19	0.0	0.81	0.0
	0.0	0.0	1.0	0.0
	0.0	1.0	0.0	0.0
	0.0	0.93	0.0	0.07

MEME version 4

ALPHABET= ACGT

MOTIF chr1:29190741-29190751

letter-probability matrix: alength= 4 w= 10
	0.0	0.93	0.0	0.07
	0.0	0.07	0.0	0.93
	0.04	0.92	0.04	0.0
	0.04	0.96	0.0	0.0
	0.13	0.29	0.0	0.59
	0.04	0.0	0.57	0.4
	0.0	0.89	0.11	0.0
	0.0	0.96	0.04	0.0
	0.03	0.4	0.0	0.57
	0.07	0.58	0.23	0.12

MEME version 4

ALPHABET= ACGT

MOTIF chr1:29102916-29102941

letter-probability matrix: alength= 4 w= 25
	0.0	0.78	0.0	0.22
	1.0	0.0	0.0	0.0
	0.07	0.0	0.93	0.0
	0.0	0.0	1.0	0.0
	0.0	0.92	0.0	0.08
	0.32	0.0	0.59	0.09
	0.0	0.0	0.0	1.0
	0.0	0.15	0.85	0.0
	1.0	0.0	0.0	0.0
	0.0	0.0	1.0	0.0
	0.0	1.0	0.0	0.0
	0.0	1.0	0.0	0.0
	1.0	0.0	0.0	0.0
	0.0	1.0	0.0	0.0
	0.0	0.77	0.0	0.23
	0.22	0.0	0.78	0.0
	0.0	0.85	0.0	0.15
	0.06	0.04	0.83	0.07
	0.02	0.91	0.0	0.07
	0.0	0.93	0.0	0.07
	0.0	0.81	0.0	0.19
	0.19	0.0	0.81	0.0
	0.0	0.0	1.0	0.0
	0.0	1.0	0.0	0.0
	0.0	0.93	0.0	0.07

MEME version 4

ALPHABET= ACGT

MOTIF chr14:31677372-31677382

letter-probability matrix: alength= 4 w= 10
	0.0	0.93	0.0	0.07
	0.0	0.07	0.0	0.93
	0.04	0.92	0.04	0.0
	0.04	0.96	0.0	0.0
	0.13	0.29	0.0	0.59
	0.04	0.0	0.57	0.4
	0.0	0.89	0.11	0.0
	0.0	0.96	0.04	0.0
	0.03	0.4	0.0	0.57
	0.07	0.58	0.23	0.12

MEME version 4

ALPHABET= ACGT

MOTIF chr14:31682542-31682567

letter-probability matrix: alength= 4 w= 25
	0.0	0.78	0.0	0.22
	1.0	0.0	0.0	0.0
	0.07	0.0	0.93	0.0
	0.0	0.0	1.0	0.0
	0.0	0.92	0.0	0.08
	0.32	0.0	0.59	0.09
	0.0	0.0	0.0	1.0
	0.0	0.15	0.85	0.0
	1.0	0.0	0.0	0.0
	0.0	0.0	1.0	0.0
	0.0	1.0	0.0	0.0
	0.0	1.0	0.0	0.0
	1.0	0.0	0.0	0.0
	0.0	1.0	0.0	0.0
	0.0	0.77	0.0	0.23
	0.22	0.0	0.78	0.0
	0.0	0.85	0.0	0.15
	0.06	0.04	0.83	0.07
	0.02	0.91	0.0	0.07
	0.0	0.93	0.0	0.07
	0.0	0.81	0.0	0.19
	0.19	0.0	0.81	0.0
	0.0	0.0	1.0	0.0
	0.0	1.0	0.0	0.0
	0.0	0.93	0.0	0.07

MEME version 4

ALPHABET= ACGT

MOTIF chr13:46527975-46527985

letter-probability matrix: alength= 4 w= 10
	0.0	0.93	0.0	0.07
	0.0	0.07	0.0	0.93
	0.04	0.92	0.04	0.0
	0.04	0.96	0.0	0.0
	0.13	0.29	0.0	0.59
	0.04	0.0	0.57	0.4
	0.0	0.89	0.11	0.0
	0.0	0.96	0.04	0.0
	0.03	0.4	0.0	0.57
	0.07	0.58	0.23	0.12

MEME version 4

ALPHABET= ACGT

MOTIF chr13:46592308-46592333

letter-probability matrix: alength= 4 w= 25
	0.0	0.78	0.0	0.22
	1.0	0.0	0.0	0.0
	0.07	0.0	0.93	0.0
	0.0	0.0	1.0	0.0
	0.0	0.92	0.0	0.08
	0.32	0.0	0.59	0.09
	0.0	0.0	0.0	1.0
	0.0	0.15	0.85	0.0
	1.0	0.0	0.0	0.0
	0.0	0.0	1.0	0.0
	0.0	1.0	0.0	0.0
	0.0	1.0	0.0	0.0
	1.0	0.0	0.0	0.0
	0.0	1.0	0.0	0.0
	0.0	0.77	0.0	0.23
	0.22	0.0	0.78	0.0
	0.0	0.85	0.0	0.15
	0.06	0.04	0.83	0.07
	0.02	0.91	0.0	0.07
	0.0	0.93	0.0	0.07
	0.0	0.81	0.0	0.19
	0.19	0.0	0.81	0.0
	0.0	0.0	1.0	0.0
	0.0	1.0	0.0	0.0
	0.0	0.93	0.0	0.07

MEME version 4

ALPHABET= ACGT

MOTIF chr8:74942003-74942013

letter-probability matrix: alength= 4 w= 10
	0.0	0.93	0.0	0.07
	0.0	0.07	0.0	0.93
	0.04	0.92	0.04	0.0
	0.04	0.96	0.0	0.0
	0.13	0.29	0.0	0.59
	0.04	0.0	0.57	0.4
	0.0	0.89	0.11	0.0
	0.0	0.96	0.04	0.0
	0.03	0.4	0.0	0.57
	0.07	0.58	0.23	0.12

MEME version 4

ALPHABET= ACGT

MOTIF chr8:74909368-74909393

letter-probability matrix: alength= 4 w= 25
	0.0	0.78	0.0	0.22
	1.0	0.0	0.0	0.0
	0.07	0.0	0.93	0.0
	0.0	0.0	1.0	0.0
	0.0	0.92	0.0	0.08
	0.32	0.0	0.59	0.09
	0.0	0.0	0.0	1.0
	0.0	0.15	0.85	0.0
	1.0	0.0	0.0	0.0
	0.0	0.0	1.0	0.0
	0.0	1.0	0.0	0.0
	0.0	1.0	0.0	0.0
	1.0	0.0	0.0	0.0
	0.0	1.0	0.0	0.0
	0.0	0.77	0.0	0.23
	0.22	0.0	0.78	0.0
	0.0	0.85	0.0	0.15
	0.06	0.04	0.83	0.07
	0.02	0.91	0.0	0.07
	0.0	0.93	0.0	0.07
	0.0	0.81	0.0	0.19
	0.19	0.0	0.81	0.0
	0.0	0.0	1.0	0.0
	0.0	1.0	0.0	0.0
	0.0	0.93	0.0	0.07

MEME version 4

ALPHABET= ACGT

MOTIF chr2:136483295-136483305

letter-probability matrix: alength= 4 w= 10
	0.0	0.93	0.0	0.07
	0.0	0.07	0.0	0.93
	0.04	0.92	0.04	0.0
	0.04	0.96	0.0	0.0
	0.13	0.29	0.0	0.59
	0.04	0.0	0.57	0.4
	0.0	0.89	0.11	0.0
	0.0	0.96	0.04	0.0
	0.03	0.4	0.0	0.57
	0.07	0.58	0.23	0.12

MEME version 4

ALPHABET= ACGT

MOTIF chr2:136303832-136303857

letter-probability matrix: alength= 4 w= 25
	0.0	0.78	0.0	0.22
	1.0	0.0	0.0	0.0
	0.07	0.0	0.93	0.0
	0.0	0.0	1.0	0.0
	0.0	0.92	0.0	0.08
	0.32	0.0	0.59	0.09
	0.0	0.0	0.0	1.0
	0.0	0.15	0.85	0.0
	1.0	0.0	0.0	0.0
	0.0	0.0	1.0	0.0
	0.0	1.0	0.0	0.0
	0.0	1.0	0.0	0.0
	1.0	0.0	0.0	0.0
	0.0	1.0	0.0	0.0
	0.0	0.77	0.0	0.23
	0.22	0.0	0.78	0.0
	0.0	0.85	0.0	0.15
	0.06	0.04	0.83	0.07
	0.02	0.91	0.0	0.07
	0.0	0.93	0.0	0.07
	0.0	0.81	0.0	0.19
	0.19	0.0	0.81	0.0
	0.0	0.0	1.0	0.0
	0.0	1.0	0.0	0.0
	0.0	0.93	0.0	0.07

MEME version 4

ALPHABET= ACGT

MOTIF chr6:4020642-4020652

letter-probability matrix: alength= 4 w= 10
	0.0	0.93	0.0	0.07
	0.0	0.07	0.0	0.93
	0.04	0.92	0.04	0.0
	0.04	0.96	0.0	0.0
	0.13	0.29	0.0	0.59
	0.04	0.0	0.57	0.4
	0.0	0.89	0.11	0.0
	0.0	0.96	0.04	0.0
	0.03	0.4	0.0	0.57
	0.07	0.58	0.23	0.12

MEME version 4

ALPHABET= ACGT

MOTIF chr6:4002245-4002270

letter-probability matrix: alength= 4 w= 25
	0.0	0.78	0.0	0.22
	1.0	0.0	0.0	0.0
	0.07	0.0	0.93	0.0
	0.0	0.0	1.0	0.0
	0.0	0.92	0.0	0.08
	0.32	0.0	0.59	0.09
	0.0	0.0	0.0	1.0
	0.0	0.15	0.85	0.0
	1.0	0.0	0.0	0.0
	0.0	0.0	1.0	0.0
	0.0	1.0	0.0	0.0
	0.0	1.0	0.0	0.0
	1.0	0.0	0.0	0.0
	0.0	1.0	0.0	0.0
	0.0	0.77	0.0	0.23
	0.22	0.0	0.78	0.0
	0.0	0.85	0.0	0.15
	0.06	0.04	0.83	0.07
	0.02	0.91	0.0	0.07
	0.0	0.93	0.0	0.07
	0.0	0.81	0.0	0.19
	0.19	0.0	0.81	0.0
	0.0	0.0	1.0	0.0
	0.0	1.0	0.0	0.0
	0.0	0.93	0.0	0.07

MEME version 4

ALPHABET= ACGT

MOTIF chr12:110436078-110436088

letter-probability matrix: alength= 4 w= 10
	0.0	0.93	0.0	0.07
	0.0	0.07	0.0	0.93
	0.04	0.92	0.04	0.0
	0.04	0.96	0.0	0.0
	0.13	0.29	0.0	0.59
	0.04	0.0	0.57	0.4
	0.0	0.89	0.11	0.0
	0.0	0.96	0.04	0.0
	0.03	0.4	0.0	0.57
	0.07	0.58	0.23	0.12

MEME version 4

ALPHABET= ACGT

MOTIF chr12:110417354-110417379

letter-probability matrix: alength= 4 w= 25
	0.0	0.78	0.0	0.22
	1.0	0.0	0.0	0.0
	0.07	0.0	0.93	0.0
	0.0	0.0	1.0	0.0
	0.0	0.92	0.0	0.08
	0.32	0.0	0.59	0.09
	0.0	0.0	0.0	1.0
	0.0	0.15	0.85	0.0
	1.0	0.0	0.0	0.0
	0.0	0.0	1.0	0.0
	0.0	1.0	0.0	0.0
	0.0	1.0	0.0	0.0
	1.0	0.0	0.0	0.0
	0.0	1.0	0.0	0.0
	0.0	0.77	0.0	0.23
	0.22	0.0	0.78	0.0
	0.0	0.85	0.0	0.15
	0.06	0.04	0.83	0.07
	0.02	0.91	0.0	0.07
	0.0	0.93	0.0	0.07
	0.0	0.81	0.0	0.19
	0.19	0.0	0.81	0.0
	0.0	0.0	1.0	0.0
	0.0	1.0	0.0	0.0
	0.0	0.93	0.0	0.07

MEME version 4

ALPHABET= ACGT

MOTIF chr7:2420779-2420789

letter-probability matrix: alength= 4 w= 10
	0.0	0.93	0.0	0.07
	0.0	0.07	0.0	0.93
	0.04	0.92	0.04	0.0
	0.04	0.96	0.0	0.0
	0.13	0.29	0.0	0.59
	0.04	0.0	0.57	0.4
	0.0	0.89	0.11	0.0
	0.0	0.96	0.04	0.0
	0.03	0.4	0.0	0.57
	0.07	0.58	0.23	0.12

MEME version 4

ALPHABET= ACGT

MOTIF chr7:2422790-2422815

letter-probability matrix: alength= 4 w= 25
	0.0	0.78	0.0	0.22
	1.0	0.0	0.0	0.0
	0.07	0.0	0.93	0.0
	0.0	0.0	1.0	0.0
	0.0	0.92	0.0	0.08
	0.32	0.0	0.59	0.09
	0.0	0.0	0.0	1.0
	0.0	0.15	0.85	0.0
	1.0	0.0	0.0	0.0
	0.0	0.0	1.0	0.0
	0.0	1.0	0.0	0.0
	0.0	1.0	0.0	0.0
	1.0	0.0	0.0	0.0
	0.0	1.0	0.0	0.0
	0.0	0.77	0.0	0.23
	0.22	0.0	0.78	0.0
	0.0	0.85	0.0	0.15
	0.06	0.04	0.83	0.07
	0.02	0.91	0.0	0.07
	0.0	0.93	0.0	0.07
	0.0	0.81	0.0	0.19
	0.19	0.0	0.81	0.0
	0.0	0.0	1.0	0.0
	0.0	1.0	0.0	0.0
	0.0	0.93	0.0	0.07

MEME version 4

ALPHABET= ACGT

MOTIF chr16:67261848-67261858

letter-probability matrix: alength= 4 w= 10
	0.0	0.93	0.0	0.07
	0.0	0.07	0.0	0.93
	0.04	0.92	0.04	0.0
	0.04	0.96	0.0	0.0
	0.13	0.29	0.0	0.59
	0.04	0.0	0.57	0.4
	0.0	0.89	0.11	0.0
	0.0	0.96	0.04	0.0
	0.03	0.4	0.0	0.57
	0.07	0.58	0.23	0.12

MEME version 4

ALPHABET= ACGT

MOTIF chr16:67254331-67254356

letter-probability matrix: alength= 4 w= 25
	0.0	0.78	0.0	0.22
	1.0	0.0	0.0	0.0
	0.07	0.0	0.93	0.0
	0.0	0.0	1.0	0.0
	0.0	0.92	0.0	0.08
	0.32	0.0	0.59	0.09
	0.0	0.0	0.0	1.0
	0.0	0.15	0.85	0.0
	1.0	0.0	0.0	0.0
	0.0	0.0	1.0	0.0
	0.0	1.0	0.0	0.0
	0.0	1.0	0.0	0.0
	1.0	0.0	0.0	0.0
	0.0	1.0	0.0	0.0
	0.0	0.77	0.0	0.23
	0.22	0.0	0.78	0.0
	0.0	0.85	0.0	0.15
	0.06	0.04	0.83	0.07
	0.02	0.91	0.0	0.07
	0.0	0.93	0.0	0.07
	0.0	0.81	0.0	0.19
	0.19	0.0	0.81	0.0
	0.0	0.0	1.0	0.0
	0.0	1.0	0.0	0.0
	0.0	0.93	0.0	0.07

MEME version 4

ALPHABET= ACGT

MOTIF chr3:42642636-42642646

letter-probability matrix: alength= 4 w= 10
	0.0	0.93	0.0	0.07
	0.0	0.07	0.0	0.93
	0.04	0.92	0.04	0.0
	0.04	0.96	0.0	0.0
	0.13	0.29	0.0	0.59
	0.04	0.0	0.57	0.4
	0.0	0.89	0.11	0.0
	0.0	0.96	0.04	0.0
	0.03	0.4	0.0	0.57
	0.07	0.58	0.23	0.12

MEME version 4

ALPHABET= ACGT

MOTIF chr3:42632027-42632052

letter-probability matrix: alength= 4 w= 25
	0.0	0.78	0.0	0.22
	1.0	0.0	0.0	0.0
	0.07	0.0	0.93	0.0
	0.0	0.0	1.0	0.0
	0.0	0.92	0.0	0.08
	0.32	0.0	0.59	0.09
	0.0	0.0	0.0	1.0
	0.0	0.15	0.85	0.0
	1.0	0.0	0.0	0.0
	0.0	0.0	1.0	0.0
	0.0	1.0	0.0	0.0
	0.0	1.0	0.0	0.0
	1.0	0.0	0.0	0.0
	0.0	1.0	0.0	0.0
	0.0	0.77	0.0	0.23
	0.22	0.0	0.78	0.0
	0.0	0.85	0.0	0.15
	0.06	0.04	0.83	0.07
	0.02	0.91	0.0	0.07
	0.0	0.93	0.0	0.07
	0.0	0.81	0.0	0.19
	0.19	0.0	0.81	0.0
	0.0	0.0	1.0	0.0
	0.0	1.0	0.0	0.0
	0.0	0.93	0.0	0.07

MEME version 4

ALPHABET= ACGT

MOTIF chr19:40886699-40886709

letter-probability matrix: alength= 4 w= 10
	0.0	0.93	0.0	0.07
	0.0	0.07	0.0	0.93
	0.04	0.92	0.04	0.0
	0.04	0.96	0.0	0.0
	0.13	0.29	0.0	0.59
	0.04	0.0	0.57	0.4
	0.0	0.89	0.11	0.0
	0.0	0.96	0.04	0.0
	0.03	0.4	0.0	0.57
	0.07	0.58	0.23	0.12

MEME version 4

ALPHABET= ACGT

MOTIF chr19:40878805-40878830

letter-probability matrix: alength= 4 w= 25
	0.0	0.78	0.0	0.22
	1.0	0.0	0.0	0.0
	0.07	0.0	0.93	0.0
	0.0	0.0	1.0	0.0
	0.0	0.92	0.0	0.08
	0.32	0.0	0.59	0.09
	0.0	0.0	0.0	1.0
	0.0	0.15	0.85	0.0
	1.0	0.0	0.0	0.0
	0.0	0.0	1.0	0.0
	0.0	1.0	0.0	0.0
	0.0	1.0	0.0	0.0
	1.0	0.0	0.0	0.0
	0.0	1.0	0.0	0.0
	0.0	0.77	0.0	0.23
	0.22	0.0	0.78	0.0
	0.0	0.85	0.0	0.15
	0.06	0.04	0.83	0.07
	0.02	0.91	0.0	0.07
	0.0	0.93	0.0	0.07
	0.0	0.81	0.0	0.19
	0.19	0.0	0.81	0.0
	0.0	0.0	1.0	0.0
	0.0	1.0	0.0	0.0
	0.0	0.93	0.0	0.07

MEME version 4

ALPHABET= ACGT

MOTIF chr11:63991365-63991375

letter-probability matrix: alength= 4 w= 10
	0.0	0.93	0.0	0.07
	0.0	0.07	0.0	0.93
	0.04	0.92	0.04	0.0
	0.04	0.96	0.0	0.0
	0.13	0.29	0.0	0.59
	0.04	0.0	0.57	0.4
	0.0	0.89	0.11	0.0
	0.0	0.96	0.04	0.0
	0.03	0.4	0.0	0.57
	0.07	0.58	0.23	0.12

MEME version 4

ALPHABET= ACGT

MOTIF chr11:63966095-63966120

letter-probability matrix: alength= 4 w= 25
	0.0	0.78	0.0	0.22
	1.0	0.0	0.0	0.0
	0.07	0.0	0.93	0.0
	0.0	0.0	1.0	0.0
	0.0	0.92	0.0	0.08
	0.32	0.0	0.59	0.09
	0.0	0.0	0.0	1.0
	0.0	0.15	0.85	0.0
	1.0	0.0	0.0	0.0
	0.0	0.0	1.0	0.0
	0.0	1.0	0.0	0.0
	0.0	1.0	0.0	0.0
	1.0	0.0	0.0	0.0
	0.0	1.0	0.0	0.0
	0.0	0.77	0.0	0.23
	0.22	0.0	0.78	0.0
	0.0	0.85	0.0	0.15
	0.06	0.04	0.83	0.07
	0.02	0.91	0.0	0.07
	0.0	0.93	0.0	0.07
	0.0	0.81	0.0	0.19
	0.19	0.0	0.81	0.0
	0.0	0.0	1.0	0.0
	0.0	1.0	0.0	0.0
	0.0	0.93	0.0	0.07

MEME version 4

ALPHABET= ACGT

MOTIF chr7:108210342-108210352

letter-probability matrix: alength= 4 w= 10
	0.0	0.93	0.0	0.07
	0.0	0.07	0.0	0.93
	0.04	0.92	0.04	0.0
	0.04	0.96	0.0	0.0
	0.13	0.29	0.0	0.59
	0.04	0.0	0.57	0.4
	0.0	0.89	0.11	0.0
	0.0	0.96	0.04	0.0
	0.03	0.4	0.0	0.57
	0.07	0.58	0.23	0.12

MEME version 4

ALPHABET= ACGT

MOTIF chr7:108192719-108192744

letter-probability matrix: alength= 4 w= 25
	0.0	0.78	0.0	0.22
	1.0	0.0	0.0	0.0
	0.07	0.0	0.93	0.0
	0.0	0.0	1.0	0.0
	0.0	0.92	0.0	0.08
	0.32	0.0	0.59	0.09
	0.0	0.0	0.0	1.0
	0.0	0.15	0.85	0.0
	1.0	0.0	0.0	0.0
	0.0	0.0	1.0	0.0
	0.0	1.0	0.0	0.0
	0.0	1.0	0.0	0.0
	1.0	0.0	0.0	0.0
	0.0	1.0	0.0	0.0
	0.0	0.77	0.0	0.23
	0.22	0.0	0.78	0.0
	0.0	0.85	0.0	0.15
	0.06	0.04	0.83	0.07
	0.02	0.91	0.0	0.07
	0.0	0.93	0.0	0.07
	0.0	0.81	0.0	0.19
	0.19	0.0	0.81	0.0
	0.0	0.0	1.0	0.0
	0.0	1.0	0.0	0.0
	0.0	0.93	0.0	0.07

MEME version 4

ALPHABET= ACGT

MOTIF chr10:115614852-115614862

letter-probability matrix: alength= 4 w= 10
	0.0	0.93	0.0	0.07
	0.0	0.07	0.0	0.93
	0.04	0.92	0.04	0.0
	0.04	0.96	0.0	0.0
	0.13	0.29	0.0	0.59
	0.04	0.0	0.57	0.4
	0.0	0.89	0.11	0.0
	0.0	0.96	0.04	0.0
	0.03	0.4	0.0	0.57
	0.07	0.58	0.23	0.12

MEME version 4

ALPHABET= ACGT

MOTIF chr10:115627892-115627917

letter-probability matrix: alength= 4 w= 25
	0.0	0.78	0.0	0.22
	1.0	0.0	0.0	0.0
	0.07	0.0	0.93	0.0
	0.0	0.0	1.0	0.0
	0.0	0.92	0.0	0.08
	0.32	0.0	0.59	0.09
	0.0	0.0	0.0	1.0
	0.0	0.15	0.85	0.0
	1.0	0.0	0.0	0.0
	0.0	0.0	1.0	0.0
	0.0	1.0	0.0	0.0
	0.0	1.0	0.0	0.0
	1.0	0.0	0.0	0.0
	0.0	1.0	0.0	0.0
	0.0	0.77	0.0	0.23
	0.22	0.0	0.78	0.0
	0.0	0.85	0.0	0.15
	0.06	0.04	0.83	0.07
	0.02	0.91	0.0	0.07
	0.0	0.93	0.0	0.07
	0.0	0.81	0.0	0.19
	0.19	0.0	0.81	0.0
	0.0	0.0	1.0	0.0
	0.0	1.0	0.0	0.0
	0.0	0.93	0.0	0.07

MEME version 4

ALPHABET= ACGT

MOTIF chr10:115613753-115613763

letter-probability matrix: alength= 4 w= 10
	0.0	0.93	0.0	0.07
	0.0	0.07	0.0	0.93
	0.04	0.92	0.04	0.0
	0.04	0.96	0.0	0.0
	0.13	0.29	0.0	0.59
	0.04	0.0	0.57	0.4
	0.0	0.89	0.11	0.0
	0.0	0.96	0.04	0.0
	0.03	0.4	0.0	0.57
	0.07	0.58	0.23	0.12

MEME version 4

ALPHABET= ACGT

MOTIF chr10:115627892-115627917

letter-probability matrix: alength= 4 w= 25
	0.0	0.78	0.0	0.22
	1.0	0.0	0.0	0.0
	0.07	0.0	0.93	0.0
	0.0	0.0	1.0	0.0
	0.0	0.92	0.0	0.08
	0.32	0.0	0.59	0.09
	0.0	0.0	0.0	1.0
	0.0	0.15	0.85	0.0
	1.0	0.0	0.0	0.0
	0.0	0.0	1.0	0.0
	0.0	1.0	0.0	0.0
	0.0	1.0	0.0	0.0
	1.0	0.0	0.0	0.0
	0.0	1.0	0.0	0.0
	0.0	0.77	0.0	0.23
	0.22	0.0	0.78	0.0
	0.0	0.85	0.0	0.15
	0.06	0.04	0.83	0.07
	0.02	0.91	0.0	0.07
	0.0	0.93	0.0	0.07
	0.0	0.81	0.0	0.19
	0.19	0.0	0.81	0.0
	0.0	0.0	1.0	0.0
	0.0	1.0	0.0	0.0
	0.0	0.93	0.0	0.07

MEME version 4

ALPHABET= ACGT

MOTIF chr19:33087031-33087041

letter-probability matrix: alength= 4 w= 10
	0.0	0.93	0.0	0.07
	0.0	0.07	0.0	0.93
	0.04	0.92	0.04	0.0
	0.04	0.96	0.0	0.0
	0.13	0.29	0.0	0.59
	0.04	0.0	0.57	0.4
	0.0	0.89	0.11	0.0
	0.0	0.96	0.04	0.0
	0.03	0.4	0.0	0.57
	0.07	0.58	0.23	0.12

MEME version 4

ALPHABET= ACGT

MOTIF chr19:33179225-33179250

letter-probability matrix: alength= 4 w= 25
	0.0	0.78	0.0	0.22
	1.0	0.0	0.0	0.0
	0.07	0.0	0.93	0.0
	0.0	0.0	1.0	0.0
	0.0	0.92	0.0	0.08
	0.32	0.0	0.59	0.09
	0.0	0.0	0.0	1.0
	0.0	0.15	0.85	0.0
	1.0	0.0	0.0	0.0
	0.0	0.0	1.0	0.0
	0.0	1.0	0.0	0.0
	0.0	1.0	0.0	0.0
	1.0	0.0	0.0	0.0
	0.0	1.0	0.0	0.0
	0.0	0.77	0.0	0.23
	0.22	0.0	0.78	0.0
	0.0	0.85	0.0	0.15
	0.06	0.04	0.83	0.07
	0.02	0.91	0.0	0.07
	0.0	0.93	0.0	0.07
	0.0	0.81	0.0	0.19
	0.19	0.0	0.81	0.0
	0.0	0.0	1.0	0.0
	0.0	1.0	0.0	0.0
	0.0	0.93	0.0	0.07

MEME version 4

ALPHABET= ACGT

MOTIF chr10:32345468-32345478

letter-probability matrix: alength= 4 w= 10
	0.0	0.93	0.0	0.07
	0.0	0.07	0.0	0.93
	0.04	0.92	0.04	0.0
	0.04	0.96	0.0	0.0
	0.13	0.29	0.0	0.59
	0.04	0.0	0.57	0.4
	0.0	0.89	0.11	0.0
	0.0	0.96	0.04	0.0
	0.03	0.4	0.0	0.57
	0.07	0.58	0.23	0.12

MEME version 4

ALPHABET= ACGT

MOTIF chr10:32355730-32355755

letter-probability matrix: alength= 4 w= 25
	0.0	0.78	0.0	0.22
	1.0	0.0	0.0	0.0
	0.07	0.0	0.93	0.0
	0.0	0.0	1.0	0.0
	0.0	0.92	0.0	0.08
	0.32	0.0	0.59	0.09
	0.0	0.0	0.0	1.0
	0.0	0.15	0.85	0.0
	1.0	0.0	0.0	0.0
	0.0	0.0	1.0	0.0
	0.0	1.0	0.0	0.0
	0.0	1.0	0.0	0.0
	1.0	0.0	0.0	0.0
	0.0	1.0	0.0	0.0
	0.0	0.77	0.0	0.23
	0.22	0.0	0.78	0.0
	0.0	0.85	0.0	0.15
	0.06	0.04	0.83	0.07
	0.02	0.91	0.0	0.07
	0.0	0.93	0.0	0.07
	0.0	0.81	0.0	0.19
	0.19	0.0	0.81	0.0
	0.0	0.0	1.0	0.0
	0.0	1.0	0.0	0.0
	0.0	0.93	0.0	0.07

MEME version 4

ALPHABET= ACGT

MOTIF chr17:79213495-79213505

letter-probability matrix: alength= 4 w= 10
	0.0	0.93	0.0	0.07
	0.0	0.07	0.0	0.93
	0.04	0.92	0.04	0.0
	0.04	0.96	0.0	0.0
	0.13	0.29	0.0	0.59
	0.04	0.0	0.57	0.4
	0.0	0.89	0.11	0.0
	0.0	0.96	0.04	0.0
	0.03	0.4	0.0	0.57
	0.07	0.58	0.23	0.12

MEME version 4

ALPHABET= ACGT

MOTIF chr17:79184235-79184260

letter-probability matrix: alength= 4 w= 25
	0.0	0.78	0.0	0.22
	1.0	0.0	0.0	0.0
	0.07	0.0	0.93	0.0
	0.0	0.0	1.0	0.0
	0.0	0.92	0.0	0.08
	0.32	0.0	0.59	0.09
	0.0	0.0	0.0	1.0
	0.0	0.15	0.85	0.0
	1.0	0.0	0.0	0.0
	0.0	0.0	1.0	0.0
	0.0	1.0	0.0	0.0
	0.0	1.0	0.0	0.0
	1.0	0.0	0.0	0.0
	0.0	1.0	0.0	0.0
	0.0	0.77	0.0	0.23
	0.22	0.0	0.78	0.0
	0.0	0.85	0.0	0.15
	0.06	0.04	0.83	0.07
	0.02	0.91	0.0	0.07
	0.0	0.93	0.0	0.07
	0.0	0.81	0.0	0.19
	0.19	0.0	0.81	0.0
	0.0	0.0	1.0	0.0
	0.0	1.0	0.0	0.0
	0.0	0.93	0.0	0.07

MEME version 4

ALPHABET= ACGT

MOTIF chr15:75872173-75872183

letter-probability matrix: alength= 4 w= 10
	0.0	0.93	0.0	0.07
	0.0	0.07	0.0	0.93
	0.04	0.92	0.04	0.0
	0.04	0.96	0.0	0.0
	0.13	0.29	0.0	0.59
	0.04	0.0	0.57	0.4
	0.0	0.89	0.11	0.0
	0.0	0.96	0.04	0.0
	0.03	0.4	0.0	0.57
	0.07	0.58	0.23	0.12

MEME version 4

ALPHABET= ACGT

MOTIF chr15:75843263-75843288

letter-probability matrix: alength= 4 w= 25
	0.0	0.78	0.0	0.22
	1.0	0.0	0.0	0.0
	0.07	0.0	0.93	0.0
	0.0	0.0	1.0	0.0
	0.0	0.92	0.0	0.08
	0.32	0.0	0.59	0.09
	0.0	0.0	0.0	1.0
	0.0	0.15	0.85	0.0
	1.0	0.0	0.0	0.0
	0.0	0.0	1.0	0.0
	0.0	1.0	0.0	0.0
	0.0	1.0	0.0	0.0
	1.0	0.0	0.0	0.0
	0.0	1.0	0.0	0.0
	0.0	0.77	0.0	0.23
	0.22	0.0	0.78	0.0
	0.0	0.85	0.0	0.15
	0.06	0.04	0.83	0.07
	0.02	0.91	0.0	0.07
	0.0	0.93	0.0	0.07
	0.0	0.81	0.0	0.19
	0.19	0.0	0.81	0.0
	0.0	0.0	1.0	0.0
	0.0	1.0	0.0	0.0
	0.0	0.93	0.0	0.07

MEME version 4

ALPHABET= ACGT

MOTIF chr13:46627267-46627277

letter-probability matrix: alength= 4 w= 10
	0.0	0.93	0.0	0.07
	0.0	0.07	0.0	0.93
	0.04	0.92	0.04	0.0
	0.04	0.96	0.0	0.0
	0.13	0.29	0.0	0.59
	0.04	0.0	0.57	0.4
	0.0	0.89	0.11	0.0
	0.0	0.96	0.04	0.0
	0.03	0.4	0.0	0.57
	0.07	0.58	0.23	0.12

MEME version 4

ALPHABET= ACGT

MOTIF chr13:46592308-46592333

letter-probability matrix: alength= 4 w= 25
	0.0	0.78	0.0	0.22
	1.0	0.0	0.0	0.0
	0.07	0.0	0.93	0.0
	0.0	0.0	1.0	0.0
	0.0	0.92	0.0	0.08
	0.32	0.0	0.59	0.09
	0.0	0.0	0.0	1.0
	0.0	0.15	0.85	0.0
	1.0	0.0	0.0	0.0
	0.0	0.0	1.0	0.0
	0.0	1.0	0.0	0.0
	0.0	1.0	0.0	0.0
	1.0	0.0	0.0	0.0
	0.0	1.0	0.0	0.0
	0.0	0.77	0.0	0.23
	0.22	0.0	0.78	0.0
	0.0	0.85	0.0	0.15
	0.06	0.04	0.83	0.07
	0.02	0.91	0.0	0.07
	0.0	0.93	0.0	0.07
	0.0	0.81	0.0	0.19
	0.19	0.0	0.81	0.0
	0.0	0.0	1.0	0.0
	0.0	1.0	0.0	0.0
	0.0	0.93	0.0	0.07

MEME version 4

ALPHABET= ACGT

MOTIF chr19:39881931-39881941

letter-probability matrix: alength= 4 w= 10
	0.0	0.93	0.0	0.07
	0.0	0.07	0.0	0.93
	0.04	0.92	0.04	0.0
	0.04	0.96	0.0	0.0
	0.13	0.29	0.0	0.59
	0.04	0.0	0.57	0.4
	0.0	0.89	0.11	0.0
	0.0	0.96	0.04	0.0
	0.03	0.4	0.0	0.57
	0.07	0.58	0.23	0.12

MEME version 4

ALPHABET= ACGT

MOTIF chr19:39876141-39876166

letter-probability matrix: alength= 4 w= 25
	0.0	0.78	0.0	0.22
	1.0	0.0	0.0	0.0
	0.07	0.0	0.93	0.0
	0.0	0.0	1.0	0.0
	0.0	0.92	0.0	0.08
	0.32	0.0	0.59	0.09
	0.0	0.0	0.0	1.0
	0.0	0.15	0.85	0.0
	1.0	0.0	0.0	0.0
	0.0	0.0	1.0	0.0
	0.0	1.0	0.0	0.0
	0.0	1.0	0.0	0.0
	1.0	0.0	0.0	0.0
	0.0	1.0	0.0	0.0
	0.0	0.77	0.0	0.23
	0.22	0.0	0.78	0.0
	0.0	0.85	0.0	0.15
	0.06	0.04	0.83	0.07
	0.02	0.91	0.0	0.07
	0.0	0.93	0.0	0.07
	0.0	0.81	0.0	0.19
	0.19	0.0	0.81	0.0
	0.0	0.0	1.0	0.0
	0.0	1.0	0.0	0.0
	0.0	0.93	0.0	0.07

MEME version 4

ALPHABET= ACGT

MOTIF chr15:64748282-64748292

letter-probability matrix: alength= 4 w= 10
	0.0	0.93	0.0	0.07
	0.0	0.07	0.0	0.93
	0.04	0.92	0.04	0.0
	0.04	0.96	0.0	0.0
	0.13	0.29	0.0	0.59
	0.04	0.0	0.57	0.4
	0.0	0.89	0.11	0.0
	0.0	0.96	0.04	0.0
	0.03	0.4	0.0	0.57
	0.07	0.58	0.23	0.12

MEME version 4

ALPHABET= ACGT

MOTIF chr15:64697629-64697654

letter-probability matrix: alength= 4 w= 25
	0.0	0.78	0.0	0.22
	1.0	0.0	0.0	0.0
	0.07	0.0	0.93	0.0
	0.0	0.0	1.0	0.0
	0.0	0.92	0.0	0.08
	0.32	0.0	0.59	0.09
	0.0	0.0	0.0	1.0
	0.0	0.15	0.85	0.0
	1.0	0.0	0.0	0.0
	0.0	0.0	1.0	0.0
	0.0	1.0	0.0	0.0
	0.0	1.0	0.0	0.0
	1.0	0.0	0.0	0.0
	0.0	1.0	0.0	0.0
	0.0	0.77	0.0	0.23
	0.22	0.0	0.78	0.0
	0.0	0.85	0.0	0.15
	0.06	0.04	0.83	0.07
	0.02	0.91	0.0	0.07
	0.0	0.93	0.0	0.07
	0.0	0.81	0.0	0.19
	0.19	0.0	0.81	0.0
	0.0	0.0	1.0	0.0
	0.0	1.0	0.0	0.0
	0.0	0.93	0.0	0.07

MEME version 4

ALPHABET= ACGT

MOTIF chr14:24708101-24708111

letter-probability matrix: alength= 4 w= 10
	0.0	0.93	0.0	0.07
	0.0	0.07	0.0	0.93
	0.04	0.92	0.04	0.0
	0.04	0.96	0.0	0.0
	0.13	0.29	0.0	0.59
	0.04	0.0	0.57	0.4
	0.0	0.89	0.11	0.0
	0.0	0.96	0.04	0.0
	0.03	0.4	0.0	0.57
	0.07	0.58	0.23	0.12

MEME version 4

ALPHABET= ACGT

MOTIF chr14:24684566-24684591

letter-probability matrix: alength= 4 w= 25
	0.0	0.78	0.0	0.22
	1.0	0.0	0.0	0.0
	0.07	0.0	0.93	0.0
	0.0	0.0	1.0	0.0
	0.0	0.92	0.0	0.08
	0.32	0.0	0.59	0.09
	0.0	0.0	0.0	1.0
	0.0	0.15	0.85	0.0
	1.0	0.0	0.0	0.0
	0.0	0.0	1.0	0.0
	0.0	1.0	0.0	0.0
	0.0	1.0	0.0	0.0
	1.0	0.0	0.0	0.0
	0.0	1.0	0.0	0.0
	0.0	0.77	0.0	0.23
	0.22	0.0	0.78	0.0
	0.0	0.85	0.0	0.15
	0.06	0.04	0.83	0.07
	0.02	0.91	0.0	0.07
	0.0	0.93	0.0	0.07
	0.0	0.81	0.0	0.19
	0.19	0.0	0.81	0.0
	0.0	0.0	1.0	0.0
	0.0	1.0	0.0	0.0
	0.0	0.93	0.0	0.07

MEME version 4

ALPHABET= ACGT

MOTIF chr1:173639020-173639030

letter-probability matrix: alength= 4 w= 10
	0.0	0.93	0.0	0.07
	0.0	0.07	0.0	0.93
	0.04	0.92	0.04	0.0
	0.04	0.96	0.0	0.0
	0.13	0.29	0.0	0.59
	0.04	0.0	0.57	0.4
	0.0	0.89	0.11	0.0
	0.0	0.96	0.04	0.0
	0.03	0.4	0.0	0.57
	0.07	0.58	0.23	0.12

MEME version 4

ALPHABET= ACGT

MOTIF chr1:173632169-173632194

letter-probability matrix: alength= 4 w= 25
	0.0	0.78	0.0	0.22
	1.0	0.0	0.0	0.0
	0.07	0.0	0.93	0.0
	0.0	0.0	1.0	0.0
	0.0	0.92	0.0	0.08
	0.32	0.0	0.59	0.09
	0.0	0.0	0.0	1.0
	0.0	0.15	0.85	0.0
	1.0	0.0	0.0	0.0
	0.0	0.0	1.0	0.0
	0.0	1.0	0.0	0.0
	0.0	1.0	0.0	0.0
	1.0	0.0	0.0	0.0
	0.0	1.0	0.0	0.0
	0.0	0.77	0.0	0.23
	0.22	0.0	0.78	0.0
	0.0	0.85	0.0	0.15
	0.06	0.04	0.83	0.07
	0.02	0.91	0.0	0.07
	0.0	0.93	0.0	0.07
	0.0	0.81	0.0	0.19
	0.19	0.0	0.81	0.0
	0.0	0.0	1.0	0.0
	0.0	1.0	0.0	0.0
	0.0	0.93	0.0	0.07

MEME version 4

ALPHABET= ACGT

MOTIF chr19:41870889-41870899

letter-probability matrix: alength= 4 w= 10
	0.0	0.93	0.0	0.07
	0.0	0.07	0.0	0.93
	0.04	0.92	0.04	0.0
	0.04	0.96	0.0	0.0
	0.13	0.29	0.0	0.59
	0.04	0.0	0.57	0.4
	0.0	0.89	0.11	0.0
	0.0	0.96	0.04	0.0
	0.03	0.4	0.0	0.57
	0.07	0.58	0.23	0.12

MEME version 4

ALPHABET= ACGT

MOTIF chr19:41902391-41902416

letter-probability matrix: alength= 4 w= 25
	0.0	0.78	0.0	0.22
	1.0	0.0	0.0	0.0
	0.07	0.0	0.93	0.0
	0.0	0.0	1.0	0.0
	0.0	0.92	0.0	0.08
	0.32	0.0	0.59	0.09
	0.0	0.0	0.0	1.0
	0.0	0.15	0.85	0.0
	1.0	0.0	0.0	0.0
	0.0	0.0	1.0	0.0
	0.0	1.0	0.0	0.0
	0.0	1.0	0.0	0.0
	1.0	0.0	0.0	0.0
	0.0	1.0	0.0	0.0
	0.0	0.77	0.0	0.23
	0.22	0.0	0.78	0.0
	0.0	0.85	0.0	0.15
	0.06	0.04	0.83	0.07
	0.02	0.91	0.0	0.07
	0.0	0.93	0.0	0.07
	0.0	0.81	0.0	0.19
	0.19	0.0	0.81	0.0
	0.0	0.0	1.0	0.0
	0.0	1.0	0.0	0.0
	0.0	0.93	0.0	0.07

MEME version 4

ALPHABET= ACGT

MOTIF chr6:112424378-112424388

letter-probability matrix: alength= 4 w= 10
	0.0	0.93	0.0	0.07
	0.0	0.07	0.0	0.93
	0.04	0.92	0.04	0.0
	0.04	0.96	0.0	0.0
	0.13	0.29	0.0	0.59
	0.04	0.0	0.57	0.4
	0.0	0.89	0.11	0.0
	0.0	0.96	0.04	0.0
	0.03	0.4	0.0	0.57
	0.07	0.58	0.23	0.12

MEME version 4

ALPHABET= ACGT

MOTIF chr6:112438420-112438445

letter-probability matrix: alength= 4 w= 25
	0.0	0.78	0.0	0.22
	1.0	0.0	0.0	0.0
	0.07	0.0	0.93	0.0
	0.0	0.0	1.0	0.0
	0.0	0.92	0.0	0.08
	0.32	0.0	0.59	0.09
	0.0	0.0	0.0	1.0
	0.0	0.15	0.85	0.0
	1.0	0.0	0.0	0.0
	0.0	0.0	1.0	0.0
	0.0	1.0	0.0	0.0
	0.0	1.0	0.0	0.0
	1.0	0.0	0.0	0.0
	0.0	1.0	0.0	0.0
	0.0	0.77	0.0	0.23
	0.22	0.0	0.78	0.0
	0.0	0.85	0.0	0.15
	0.06	0.04	0.83	0.07
	0.02	0.91	0.0	0.07
	0.0	0.93	0.0	0.07
	0.0	0.81	0.0	0.19
	0.19	0.0	0.81	0.0
	0.0	0.0	1.0	0.0
	0.0	1.0	0.0	0.0
	0.0	0.93	0.0	0.07

MEME version 4

ALPHABET= ACGT

MOTIF chr8:105342471-105342481

letter-probability matrix: alength= 4 w= 10
	0.0	0.93	0.0	0.07
	0.0	0.07	0.0	0.93
	0.04	0.92	0.04	0.0
	0.04	0.96	0.0	0.0
	0.13	0.29	0.0	0.59
	0.04	0.0	0.57	0.4
	0.0	0.89	0.11	0.0
	0.0	0.96	0.04	0.0
	0.03	0.4	0.0	0.57
	0.07	0.58	0.23	0.12

MEME version 4

ALPHABET= ACGT

MOTIF chr8:105460284-105460309

letter-probability matrix: alength= 4 w= 25
	0.0	0.78	0.0	0.22
	1.0	0.0	0.0	0.0
	0.07	0.0	0.93	0.0
	0.0	0.0	1.0	0.0
	0.0	0.92	0.0	0.08
	0.32	0.0	0.59	0.09
	0.0	0.0	0.0	1.0
	0.0	0.15	0.85	0.0
	1.0	0.0	0.0	0.0
	0.0	0.0	1.0	0.0
	0.0	1.0	0.0	0.0
	0.0	1.0	0.0	0.0
	1.0	0.0	0.0	0.0
	0.0	1.0	0.0	0.0
	0.0	0.77	0.0	0.23
	0.22	0.0	0.78	0.0
	0.0	0.85	0.0	0.15
	0.06	0.04	0.83	0.07
	0.02	0.91	0.0	0.07
	0.0	0.93	0.0	0.07
	0.0	0.81	0.0	0.19
	0.19	0.0	0.81	0.0
	0.0	0.0	1.0	0.0
	0.0	1.0	0.0	0.0
	0.0	0.93	0.0	0.07

MEME version 4

ALPHABET= ACGT

MOTIF chr16:18813720-18813730

letter-probability matrix: alength= 4 w= 10
	0.0	0.93	0.0	0.07
	0.0	0.07	0.0	0.93
	0.04	0.92	0.04	0.0
	0.04	0.96	0.0	0.0
	0.13	0.29	0.0	0.59
	0.04	0.0	0.57	0.4
	0.0	0.89	0.11	0.0
	0.0	0.96	0.04	0.0
	0.03	0.4	0.0	0.57
	0.07	0.58	0.23	0.12

MEME version 4

ALPHABET= ACGT

MOTIF chr16:18829377-18829402

letter-probability matrix: alength= 4 w= 25
	0.0	0.78	0.0	0.22
	1.0	0.0	0.0	0.0
	0.07	0.0	0.93	0.0
	0.0	0.0	1.0	0.0
	0.0	0.92	0.0	0.08
	0.32	0.0	0.59	0.09
	0.0	0.0	0.0	1.0
	0.0	0.15	0.85	0.0
	1.0	0.0	0.0	0.0
	0.0	0.0	1.0	0.0
	0.0	1.0	0.0	0.0
	0.0	1.0	0.0	0.0
	1.0	0.0	0.0	0.0
	0.0	1.0	0.0	0.0
	0.0	0.77	0.0	0.23
	0.22	0.0	0.78	0.0
	0.0	0.85	0.0	0.15
	0.06	0.04	0.83	0.07
	0.02	0.91	0.0	0.07
	0.0	0.93	0.0	0.07
	0.0	0.81	0.0	0.19
	0.19	0.0	0.81	0.0
	0.0	0.0	1.0	0.0
	0.0	1.0	0.0	0.0
	0.0	0.93	0.0	0.07

MEME version 4

ALPHABET= ACGT

MOTIF chr14:24616896-24616906

letter-probability matrix: alength= 4 w= 10
	0.0	0.93	0.0	0.07
	0.0	0.07	0.0	0.93
	0.04	0.92	0.04	0.0
	0.04	0.96	0.0	0.0
	0.13	0.29	0.0	0.59
	0.04	0.0	0.57	0.4
	0.0	0.89	0.11	0.0
	0.0	0.96	0.04	0.0
	0.03	0.4	0.0	0.57
	0.07	0.58	0.23	0.12

MEME version 4

ALPHABET= ACGT

MOTIF chr14:24628947-24628972

letter-probability matrix: alength= 4 w= 25
	0.0	0.78	0.0	0.22
	1.0	0.0	0.0	0.0
	0.07	0.0	0.93	0.0
	0.0	0.0	1.0	0.0
	0.0	0.92	0.0	0.08
	0.32	0.0	0.59	0.09
	0.0	0.0	0.0	1.0
	0.0	0.15	0.85	0.0
	1.0	0.0	0.0	0.0
	0.0	0.0	1.0	0.0
	0.0	1.0	0.0	0.0
	0.0	1.0	0.0	0.0
	1.0	0.0	0.0	0.0
	0.0	1.0	0.0	0.0
	0.0	0.77	0.0	0.23
	0.22	0.0	0.78	0.0
	0.0	0.85	0.0	0.15
	0.06	0.04	0.83	0.07
	0.02	0.91	0.0	0.07
	0.0	0.93	0.0	0.07
	0.0	0.81	0.0	0.19
	0.19	0.0	0.81	0.0
	0.0	0.0	1.0	0.0
	0.0	1.0	0.0	0.0
	0.0	0.93	0.0	0.07

MEME version 4

ALPHABET= ACGT

MOTIF chr20:43124304-43124314

letter-probability matrix: alength= 4 w= 10
	0.0	0.93	0.0	0.07
	0.0	0.07	0.0	0.93
	0.04	0.92	0.04	0.0
	0.04	0.96	0.0	0.0
	0.13	0.29	0.0	0.59
	0.04	0.0	0.57	0.4
	0.0	0.89	0.11	0.0
	0.0	0.96	0.04	0.0
	0.03	0.4	0.0	0.57
	0.07	0.58	0.23	0.12

MEME version 4

ALPHABET= ACGT

MOTIF chr20:43165712-43165737

letter-probability matrix: alength= 4 w= 25
	0.0	0.78	0.0	0.22
	1.0	0.0	0.0	0.0
	0.07	0.0	0.93	0.0
	0.0	0.0	1.0	0.0
	0.0	0.92	0.0	0.08
	0.32	0.0	0.59	0.09
	0.0	0.0	0.0	1.0
	0.0	0.15	0.85	0.0
	1.0	0.0	0.0	0.0
	0.0	0.0	1.0	0.0
	0.0	1.0	0.0	0.0
	0.0	1.0	0.0	0.0
	1.0	0.0	0.0	0.0
	0.0	1.0	0.0	0.0
	0.0	0.77	0.0	0.23
	0.22	0.0	0.78	0.0
	0.0	0.85	0.0	0.15
	0.06	0.04	0.83	0.07
	0.02	0.91	0.0	0.07
	0.0	0.93	0.0	0.07
	0.0	0.81	0.0	0.19
	0.19	0.0	0.81	0.0
	0.0	0.0	1.0	0.0
	0.0	1.0	0.0	0.0
	0.0	0.93	0.0	0.07

MEME version 4

ALPHABET= ACGT

MOTIF chr10:115677693-115677703

letter-probability matrix: alength= 4 w= 10
	0.0	0.93	0.0	0.07
	0.0	0.07	0.0	0.93
	0.04	0.92	0.04	0.0
	0.04	0.96	0.0	0.0
	0.13	0.29	0.0	0.59
	0.04	0.0	0.57	0.4
	0.0	0.89	0.11	0.0
	0.0	0.96	0.04	0.0
	0.03	0.4	0.0	0.57
	0.07	0.58	0.23	0.12

MEME version 4

ALPHABET= ACGT

MOTIF chr10:115627892-115627917

letter-probability matrix: alength= 4 w= 25
	0.0	0.78	0.0	0.22
	1.0	0.0	0.0	0.0
	0.07	0.0	0.93	0.0
	0.0	0.0	1.0	0.0
	0.0	0.92	0.0	0.08
	0.32	0.0	0.59	0.09
	0.0	0.0	0.0	1.0
	0.0	0.15	0.85	0.0
	1.0	0.0	0.0	0.0
	0.0	0.0	1.0	0.0
	0.0	1.0	0.0	0.0
	0.0	1.0	0.0	0.0
	1.0	0.0	0.0	0.0
	0.0	1.0	0.0	0.0
	0.0	0.77	0.0	0.23
	0.22	0.0	0.78	0.0
	0.0	0.85	0.0	0.15
	0.06	0.04	0.83	0.07
	0.02	0.91	0.0	0.07
	0.0	0.93	0.0	0.07
	0.0	0.81	0.0	0.19
	0.19	0.0	0.81	0.0
	0.0	0.0	1.0	0.0
	0.0	1.0	0.0	0.0
	0.0	0.93	0.0	0.07

MEME version 4

ALPHABET= ACGT

MOTIF chr5:148749787-148749797

letter-probability matrix: alength= 4 w= 10
	0.0	0.93	0.0	0.07
	0.0	0.07	0.0	0.93
	0.04	0.92	0.04	0.0
	0.04	0.96	0.0	0.0
	0.13	0.29	0.0	0.59
	0.04	0.0	0.57	0.4
	0.0	0.89	0.11	0.0
	0.0	0.96	0.04	0.0
	0.03	0.4	0.0	0.57
	0.07	0.58	0.23	0.12

MEME version 4

ALPHABET= ACGT

MOTIF chr5:148724251-148724276

letter-probability matrix: alength= 4 w= 25
	0.0	0.78	0.0	0.22
	1.0	0.0	0.0	0.0
	0.07	0.0	0.93	0.0
	0.0	0.0	1.0	0.0
	0.0	0.92	0.0	0.08
	0.32	0.0	0.59	0.09
	0.0	0.0	0.0	1.0
	0.0	0.15	0.85	0.0
	1.0	0.0	0.0	0.0
	0.0	0.0	1.0	0.0
	0.0	1.0	0.0	0.0
	0.0	1.0	0.0	0.0
	1.0	0.0	0.0	0.0
	0.0	1.0	0.0	0.0
	0.0	0.77	0.0	0.23
	0.22	0.0	0.78	0.0
	0.0	0.85	0.0	0.15
	0.06	0.04	0.83	0.07
	0.02	0.91	0.0	0.07
	0.0	0.93	0.0	0.07
	0.0	0.81	0.0	0.19
	0.19	0.0	0.81	0.0
	0.0	0.0	1.0	0.0
	0.0	1.0	0.0	0.0
	0.0	0.93	0.0	0.07

MEME version 4

ALPHABET= ACGT

MOTIF chr13:31710226-31710236

letter-probability matrix: alength= 4 w= 10
	0.0	0.93	0.0	0.07
	0.0	0.07	0.0	0.93
	0.04	0.92	0.04	0.0
	0.04	0.96	0.0	0.0
	0.13	0.29	0.0	0.59
	0.04	0.0	0.57	0.4
	0.0	0.89	0.11	0.0
	0.0	0.96	0.04	0.0
	0.03	0.4	0.0	0.57
	0.07	0.58	0.23	0.12

MEME version 4

ALPHABET= ACGT

MOTIF chr13:31754084-31754109

letter-probability matrix: alength= 4 w= 25
	0.0	0.78	0.0	0.22
	1.0	0.0	0.0	0.0
	0.07	0.0	0.93	0.0
	0.0	0.0	1.0	0.0
	0.0	0.92	0.0	0.08
	0.32	0.0	0.59	0.09
	0.0	0.0	0.0	1.0
	0.0	0.15	0.85	0.0
	1.0	0.0	0.0	0.0
	0.0	0.0	1.0	0.0
	0.0	1.0	0.0	0.0
	0.0	1.0	0.0	0.0
	1.0	0.0	0.0	0.0
	0.0	1.0	0.0	0.0
	0.0	0.77	0.0	0.23
	0.22	0.0	0.78	0.0
	0.0	0.85	0.0	0.15
	0.06	0.04	0.83	0.07
	0.02	0.91	0.0	0.07
	0.0	0.93	0.0	0.07
	0.0	0.81	0.0	0.19
	0.19	0.0	0.81	0.0
	0.0	0.0	1.0	0.0
	0.0	1.0	0.0	0.0
	0.0	0.93	0.0	0.07

MEME version 4

ALPHABET= ACGT

MOTIF chr1:247613531-247613541

letter-probability matrix: alength= 4 w= 10
	0.0	0.93	0.0	0.07
	0.0	0.07	0.0	0.93
	0.04	0.92	0.04	0.0
	0.04	0.96	0.0	0.0
	0.13	0.29	0.0	0.59
	0.04	0.0	0.57	0.4
	0.0	0.89	0.11	0.0
	0.0	0.96	0.04	0.0
	0.03	0.4	0.0	0.57
	0.07	0.58	0.23	0.12

MEME version 4

ALPHABET= ACGT

MOTIF chr1:247633010-247633035

letter-probability matrix: alength= 4 w= 25
	0.0	0.78	0.0	0.22
	1.0	0.0	0.0	0.0
	0.07	0.0	0.93	0.0
	0.0	0.0	1.0	0.0
	0.0	0.92	0.0	0.08
	0.32	0.0	0.59	0.09
	0.0	0.0	0.0	1.0
	0.0	0.15	0.85	0.0
	1.0	0.0	0.0	0.0
	0.0	0.0	1.0	0.0
	0.0	1.0	0.0	0.0
	0.0	1.0	0.0	0.0
	1.0	0.0	0.0	0.0
	0.0	1.0	0.0	0.0
	0.0	0.77	0.0	0.23
	0.22	0.0	0.78	0.0
	0.0	0.85	0.0	0.15
	0.06	0.04	0.83	0.07
	0.02	0.91	0.0	0.07
	0.0	0.93	0.0	0.07
	0.0	0.81	0.0	0.19
	0.19	0.0	0.81	0.0
	0.0	0.0	1.0	0.0
	0.0	1.0	0.0	0.0
	0.0	0.93	0.0	0.07

MEME version 4

ALPHABET= ACGT

MOTIF chr18:21535344-21535354

letter-probability matrix: alength= 4 w= 10
	0.0	0.93	0.0	0.07
	0.0	0.07	0.0	0.93
	0.04	0.92	0.04	0.0
	0.04	0.96	0.0	0.0
	0.13	0.29	0.0	0.59
	0.04	0.0	0.57	0.4
	0.0	0.89	0.11	0.0
	0.0	0.96	0.04	0.0
	0.03	0.4	0.0	0.57
	0.07	0.58	0.23	0.12

MEME version 4

ALPHABET= ACGT

MOTIF chr18:21278662-21278687

letter-probability matrix: alength= 4 w= 25
	0.0	0.78	0.0	0.22
	1.0	0.0	0.0	0.0
	0.07	0.0	0.93	0.0
	0.0	0.0	1.0	0.0
	0.0	0.92	0.0	0.08
	0.32	0.0	0.59	0.09
	0.0	0.0	0.0	1.0
	0.0	0.15	0.85	0.0
	1.0	0.0	0.0	0.0
	0.0	0.0	1.0	0.0
	0.0	1.0	0.0	0.0
	0.0	1.0	0.0	0.0
	1.0	0.0	0.0	0.0
	0.0	1.0	0.0	0.0
	0.0	0.77	0.0	0.23
	0.22	0.0	0.78	0.0
	0.0	0.85	0.0	0.15
	0.06	0.04	0.83	0.07
	0.02	0.91	0.0	0.07
	0.0	0.93	0.0	0.07
	0.0	0.81	0.0	0.19
	0.19	0.0	0.81	0.0
	0.0	0.0	1.0	0.0
	0.0	1.0	0.0	0.0
	0.0	0.93	0.0	0.07

MEME version 4

ALPHABET= ACGT

MOTIF chr12:122359802-122359812

letter-probability matrix: alength= 4 w= 10
	0.0	0.93	0.0	0.07
	0.0	0.07	0.0	0.93
	0.04	0.92	0.04	0.0
	0.04	0.96	0.0	0.0
	0.13	0.29	0.0	0.59
	0.04	0.0	0.57	0.4
	0.0	0.89	0.11	0.0
	0.0	0.96	0.04	0.0
	0.03	0.4	0.0	0.57
	0.07	0.58	0.23	0.12

MEME version 4

ALPHABET= ACGT

MOTIF chr12:122319476-122319501

letter-probability matrix: alength= 4 w= 25
	0.0	0.78	0.0	0.22
	1.0	0.0	0.0	0.0
	0.07	0.0	0.93	0.0
	0.0	0.0	1.0	0.0
	0.0	0.92	0.0	0.08
	0.32	0.0	0.59	0.09
	0.0	0.0	0.0	1.0
	0.0	0.15	0.85	0.0
	1.0	0.0	0.0	0.0
	0.0	0.0	1.0	0.0
	0.0	1.0	0.0	0.0
	0.0	1.0	0.0	0.0
	1.0	0.0	0.0	0.0
	0.0	1.0	0.0	0.0
	0.0	0.77	0.0	0.23
	0.22	0.0	0.78	0.0
	0.0	0.85	0.0	0.15
	0.06	0.04	0.83	0.07
	0.02	0.91	0.0	0.07
	0.0	0.93	0.0	0.07
	0.0	0.81	0.0	0.19
	0.19	0.0	0.81	0.0
	0.0	0.0	1.0	0.0
	0.0	1.0	0.0	0.0
	0.0	0.93	0.0	0.07

MEME version 4

ALPHABET= ACGT

MOTIF chr1:38158319-38158329

letter-probability matrix: alength= 4 w= 10
	0.0	0.93	0.0	0.07
	0.0	0.07	0.0	0.93
	0.04	0.92	0.04	0.0
	0.04	0.96	0.0	0.0
	0.13	0.29	0.0	0.59
	0.04	0.0	0.57	0.4
	0.0	0.89	0.11	0.0
	0.0	0.96	0.04	0.0
	0.03	0.4	0.0	0.57
	0.07	0.58	0.23	0.12

MEME version 4

ALPHABET= ACGT

MOTIF chr1:38148540-38148565

letter-probability matrix: alength= 4 w= 25
	0.0	0.78	0.0	0.22
	1.0	0.0	0.0	0.0
	0.07	0.0	0.93	0.0
	0.0	0.0	1.0	0.0
	0.0	0.92	0.0	0.08
	0.32	0.0	0.59	0.09
	0.0	0.0	0.0	1.0
	0.0	0.15	0.85	0.0
	1.0	0.0	0.0	0.0
	0.0	0.0	1.0	0.0
	0.0	1.0	0.0	0.0
	0.0	1.0	0.0	0.0
	1.0	0.0	0.0	0.0
	0.0	1.0	0.0	0.0
	0.0	0.77	0.0	0.23
	0.22	0.0	0.78	0.0
	0.0	0.85	0.0	0.15
	0.06	0.04	0.83	0.07
	0.02	0.91	0.0	0.07
	0.0	0.93	0.0	0.07
	0.0	0.81	0.0	0.19
	0.19	0.0	0.81	0.0
	0.0	0.0	1.0	0.0
	0.0	1.0	0.0	0.0
	0.0	0.93	0.0	0.07

MEME version 4

ALPHABET= ACGT

MOTIF chr2:68694393-68694403

letter-probability matrix: alength= 4 w= 10
	0.0	0.93	0.0	0.07
	0.0	0.07	0.0	0.93
	0.04	0.92	0.04	0.0
	0.04	0.96	0.0	0.0
	0.13	0.29	0.0	0.59
	0.04	0.0	0.57	0.4
	0.0	0.89	0.11	0.0
	0.0	0.96	0.04	0.0
	0.03	0.4	0.0	0.57
	0.07	0.58	0.23	0.12

MEME version 4

ALPHABET= ACGT

MOTIF chr2:68709829-68709854

letter-probability matrix: alength= 4 w= 25
	0.0	0.78	0.0	0.22
	1.0	0.0	0.0	0.0
	0.07	0.0	0.93	0.0
	0.0	0.0	1.0	0.0
	0.0	0.92	0.0	0.08
	0.32	0.0	0.59	0.09
	0.0	0.0	0.0	1.0
	0.0	0.15	0.85	0.0
	1.0	0.0	0.0	0.0
	0.0	0.0	1.0	0.0
	0.0	1.0	0.0	0.0
	0.0	1.0	0.0	0.0
	1.0	0.0	0.0	0.0
	0.0	1.0	0.0	0.0
	0.0	0.77	0.0	0.23
	0.22	0.0	0.78	0.0
	0.0	0.85	0.0	0.15
	0.06	0.04	0.83	0.07
	0.02	0.91	0.0	0.07
	0.0	0.93	0.0	0.07
	0.0	0.81	0.0	0.19
	0.19	0.0	0.81	0.0
	0.0	0.0	1.0	0.0
	0.0	1.0	0.0	0.0
	0.0	0.93	0.0	0.07

MEME version 4

ALPHABET= ACGT

MOTIF chr15:64680614-64680624

letter-probability matrix: alength= 4 w= 10
	0.0	0.93	0.0	0.07
	0.0	0.07	0.0	0.93
	0.04	0.92	0.04	0.0
	0.04	0.96	0.0	0.0
	0.13	0.29	0.0	0.59
	0.04	0.0	0.57	0.4
	0.0	0.89	0.11	0.0
	0.0	0.96	0.04	0.0
	0.03	0.4	0.0	0.57
	0.07	0.58	0.23	0.12

MEME version 4

ALPHABET= ACGT

MOTIF chr15:64697629-64697654

letter-probability matrix: alength= 4 w= 25
	0.0	0.78	0.0	0.22
	1.0	0.0	0.0	0.0
	0.07	0.0	0.93	0.0
	0.0	0.0	1.0	0.0
	0.0	0.92	0.0	0.08
	0.32	0.0	0.59	0.09
	0.0	0.0	0.0	1.0
	0.0	0.15	0.85	0.0
	1.0	0.0	0.0	0.0
	0.0	0.0	1.0	0.0
	0.0	1.0	0.0	0.0
	0.0	1.0	0.0	0.0
	1.0	0.0	0.0	0.0
	0.0	1.0	0.0	0.0
	0.0	0.77	0.0	0.23
	0.22	0.0	0.78	0.0
	0.0	0.85	0.0	0.15
	0.06	0.04	0.83	0.07
	0.02	0.91	0.0	0.07
	0.0	0.93	0.0	0.07
	0.0	0.81	0.0	0.19
	0.19	0.0	0.81	0.0
	0.0	0.0	1.0	0.0
	0.0	1.0	0.0	0.0
	0.0	0.93	0.0	0.07

MEME version 4

ALPHABET= ACGT

MOTIF chr9:140032074-140032084

letter-probability matrix: alength= 4 w= 10
	0.0	0.93	0.0	0.07
	0.0	0.07	0.0	0.93
	0.04	0.92	0.04	0.0
	0.04	0.96	0.0	0.0
	0.13	0.29	0.0	0.59
	0.04	0.0	0.57	0.4
	0.0	0.89	0.11	0.0
	0.0	0.96	0.04	0.0
	0.03	0.4	0.0	0.57
	0.07	0.58	0.23	0.12

MEME version 4

ALPHABET= ACGT

MOTIF chr9:140026527-140026552

letter-probability matrix: alength= 4 w= 25
	0.0	0.78	0.0	0.22
	1.0	0.0	0.0	0.0
	0.07	0.0	0.93	0.0
	0.0	0.0	1.0	0.0
	0.0	0.92	0.0	0.08
	0.32	0.0	0.59	0.09
	0.0	0.0	0.0	1.0
	0.0	0.15	0.85	0.0
	1.0	0.0	0.0	0.0
	0.0	0.0	1.0	0.0
	0.0	1.0	0.0	0.0
	0.0	1.0	0.0	0.0
	1.0	0.0	0.0	0.0
	0.0	1.0	0.0	0.0
	0.0	0.77	0.0	0.23
	0.22	0.0	0.78	0.0
	0.0	0.85	0.0	0.15
	0.06	0.04	0.83	0.07
	0.02	0.91	0.0	0.07
	0.0	0.93	0.0	0.07
	0.0	0.81	0.0	0.19
	0.19	0.0	0.81	0.0
	0.0	0.0	1.0	0.0
	0.0	1.0	0.0	0.0
	0.0	0.93	0.0	0.07

MEME version 4

ALPHABET= ACGT

MOTIF chr16:28848695-28848705

letter-probability matrix: alength= 4 w= 10
	0.0	0.93	0.0	0.07
	0.0	0.07	0.0	0.93
	0.04	0.92	0.04	0.0
	0.04	0.96	0.0	0.0
	0.13	0.29	0.0	0.59
	0.04	0.0	0.57	0.4
	0.0	0.89	0.11	0.0
	0.0	0.96	0.04	0.0
	0.03	0.4	0.0	0.57
	0.07	0.58	0.23	0.12

MEME version 4

ALPHABET= ACGT

MOTIF chr16:28814692-28814717

letter-probability matrix: alength= 4 w= 25
	0.0	0.78	0.0	0.22
	1.0	0.0	0.0	0.0
	0.07	0.0	0.93	0.0
	0.0	0.0	1.0	0.0
	0.0	0.92	0.0	0.08
	0.32	0.0	0.59	0.09
	0.0	0.0	0.0	1.0
	0.0	0.15	0.85	0.0
	1.0	0.0	0.0	0.0
	0.0	0.0	1.0	0.0
	0.0	1.0	0.0	0.0
	0.0	1.0	0.0	0.0
	1.0	0.0	0.0	0.0
	0.0	1.0	0.0	0.0
	0.0	0.77	0.0	0.23
	0.22	0.0	0.78	0.0
	0.0	0.85	0.0	0.15
	0.06	0.04	0.83	0.07
	0.02	0.91	0.0	0.07
	0.0	0.93	0.0	0.07
	0.0	0.81	0.0	0.19
	0.19	0.0	0.81	0.0
	0.0	0.0	1.0	0.0
	0.0	1.0	0.0	0.0
	0.0	0.93	0.0	0.07

MEME version 4

ALPHABET= ACGT

MOTIF chr17:60005510-60005520

letter-probability matrix: alength= 4 w= 10
	0.0	0.93	0.0	0.07
	0.0	0.07	0.0	0.93
	0.04	0.92	0.04	0.0
	0.04	0.96	0.0	0.0
	0.13	0.29	0.0	0.59
	0.04	0.0	0.57	0.4
	0.0	0.89	0.11	0.0
	0.0	0.96	0.04	0.0
	0.03	0.4	0.0	0.57
	0.07	0.58	0.23	0.12

MEME version 4

ALPHABET= ACGT

MOTIF chr17:60018497-60018522

letter-probability matrix: alength= 4 w= 25
	0.0	0.78	0.0	0.22
	1.0	0.0	0.0	0.0
	0.07	0.0	0.93	0.0
	0.0	0.0	1.0	0.0
	0.0	0.92	0.0	0.08
	0.32	0.0	0.59	0.09
	0.0	0.0	0.0	1.0
	0.0	0.15	0.85	0.0
	1.0	0.0	0.0	0.0
	0.0	0.0	1.0	0.0
	0.0	1.0	0.0	0.0
	0.0	1.0	0.0	0.0
	1.0	0.0	0.0	0.0
	0.0	1.0	0.0	0.0
	0.0	0.77	0.0	0.23
	0.22	0.0	0.78	0.0
	0.0	0.85	0.0	0.15
	0.06	0.04	0.83	0.07
	0.02	0.91	0.0	0.07
	0.0	0.93	0.0	0.07
	0.0	0.81	0.0	0.19
	0.19	0.0	0.81	0.0
	0.0	0.0	1.0	0.0
	0.0	1.0	0.0	0.0
	0.0	0.93	0.0	0.07

MEME version 4

ALPHABET= ACGT

MOTIF chr12:110477990-110478000

letter-probability matrix: alength= 4 w= 10
	0.0	0.93	0.0	0.07
	0.0	0.07	0.0	0.93
	0.04	0.92	0.04	0.0
	0.04	0.96	0.0	0.0
	0.13	0.29	0.0	0.59
	0.04	0.0	0.57	0.4
	0.0	0.89	0.11	0.0
	0.0	0.96	0.04	0.0
	0.03	0.4	0.0	0.57
	0.07	0.58	0.23	0.12

MEME version 4

ALPHABET= ACGT

MOTIF chr12:110417354-110417379

letter-probability matrix: alength= 4 w= 25
	0.0	0.78	0.0	0.22
	1.0	0.0	0.0	0.0
	0.07	0.0	0.93	0.0
	0.0	0.0	1.0	0.0
	0.0	0.92	0.0	0.08
	0.32	0.0	0.59	0.09
	0.0	0.0	0.0	1.0
	0.0	0.15	0.85	0.0
	1.0	0.0	0.0	0.0
	0.0	0.0	1.0	0.0
	0.0	1.0	0.0	0.0
	0.0	1.0	0.0	0.0
	1.0	0.0	0.0	0.0
	0.0	1.0	0.0	0.0
	0.0	0.77	0.0	0.23
	0.22	0.0	0.78	0.0
	0.0	0.85	0.0	0.15
	0.06	0.04	0.83	0.07
	0.02	0.91	0.0	0.07
	0.0	0.93	0.0	0.07
	0.0	0.81	0.0	0.19
	0.19	0.0	0.81	0.0
	0.0	0.0	1.0	0.0
	0.0	1.0	0.0	0.0
	0.0	0.93	0.0	0.07

MEME version 4

ALPHABET= ACGT

MOTIF chr5:10250862-10250872

letter-probability matrix: alength= 4 w= 10
	0.0	0.93	0.0	0.07
	0.0	0.07	0.0	0.93
	0.04	0.92	0.04	0.0
	0.04	0.96	0.0	0.0
	0.13	0.29	0.0	0.59
	0.04	0.0	0.57	0.4
	0.0	0.89	0.11	0.0
	0.0	0.96	0.04	0.0
	0.03	0.4	0.0	0.57
	0.07	0.58	0.23	0.12

MEME version 4

ALPHABET= ACGT

MOTIF chr5:10277345-10277370

letter-probability matrix: alength= 4 w= 25
	0.0	0.78	0.0	0.22
	1.0	0.0	0.0	0.0
	0.07	0.0	0.93	0.0
	0.0	0.0	1.0	0.0
	0.0	0.92	0.0	0.08
	0.32	0.0	0.59	0.09
	0.0	0.0	0.0	1.0
	0.0	0.15	0.85	0.0
	1.0	0.0	0.0	0.0
	0.0	0.0	1.0	0.0
	0.0	1.0	0.0	0.0
	0.0	1.0	0.0	0.0
	1.0	0.0	0.0	0.0
	0.0	1.0	0.0	0.0
	0.0	0.77	0.0	0.23
	0.22	0.0	0.78	0.0
	0.0	0.85	0.0	0.15
	0.06	0.04	0.83	0.07
	0.02	0.91	0.0	0.07
	0.0	0.93	0.0	0.07
	0.0	0.81	0.0	0.19
	0.19	0.0	0.81	0.0
	0.0	0.0	1.0	0.0
	0.0	1.0	0.0	0.0
	0.0	0.93	0.0	0.07

MEME version 4

ALPHABET= ACGT

MOTIF chr9:78999662-78999672

letter-probability matrix: alength= 4 w= 10
	0.0	0.93	0.0	0.07
	0.0	0.07	0.0	0.93
	0.04	0.92	0.04	0.0
	0.04	0.96	0.0	0.0
	0.13	0.29	0.0	0.59
	0.04	0.0	0.57	0.4
	0.0	0.89	0.11	0.0
	0.0	0.96	0.04	0.0
	0.03	0.4	0.0	0.57
	0.07	0.58	0.23	0.12

MEME version 4

ALPHABET= ACGT

MOTIF chr9:79027719-79027744

letter-probability matrix: alength= 4 w= 25
	0.0	0.78	0.0	0.22
	1.0	0.0	0.0	0.0
	0.07	0.0	0.93	0.0
	0.0	0.0	1.0	0.0
	0.0	0.92	0.0	0.08
	0.32	0.0	0.59	0.09
	0.0	0.0	0.0	1.0
	0.0	0.15	0.85	0.0
	1.0	0.0	0.0	0.0
	0.0	0.0	1.0	0.0
	0.0	1.0	0.0	0.0
	0.0	1.0	0.0	0.0
	1.0	0.0	0.0	0.0
	0.0	1.0	0.0	0.0
	0.0	0.77	0.0	0.23
	0.22	0.0	0.78	0.0
	0.0	0.85	0.0	0.15
	0.06	0.04	0.83	0.07
	0.02	0.91	0.0	0.07
	0.0	0.93	0.0	0.07
	0.0	0.81	0.0	0.19
	0.19	0.0	0.81	0.0
	0.0	0.0	1.0	0.0
	0.0	1.0	0.0	0.0
	0.0	0.93	0.0	0.07

MEME version 4

ALPHABET= ACGT

MOTIF chr7:2420779-2420789

letter-probability matrix: alength= 4 w= 10
	0.0	0.93	0.0	0.07
	0.0	0.07	0.0	0.93
	0.04	0.92	0.04	0.0
	0.04	0.96	0.0	0.0
	0.13	0.29	0.0	0.59
	0.04	0.0	0.57	0.4
	0.0	0.89	0.11	0.0
	0.0	0.96	0.04	0.0
	0.03	0.4	0.0	0.57
	0.07	0.58	0.23	0.12

MEME version 4

ALPHABET= ACGT

MOTIF chr7:2370048-2370073

letter-probability matrix: alength= 4 w= 25
	0.0	0.78	0.0	0.22
	1.0	0.0	0.0	0.0
	0.07	0.0	0.93	0.0
	0.0	0.0	1.0	0.0
	0.0	0.92	0.0	0.08
	0.32	0.0	0.59	0.09
	0.0	0.0	0.0	1.0
	0.0	0.15	0.85	0.0
	1.0	0.0	0.0	0.0
	0.0	0.0	1.0	0.0
	0.0	1.0	0.0	0.0
	0.0	1.0	0.0	0.0
	1.0	0.0	0.0	0.0
	0.0	1.0	0.0	0.0
	0.0	0.77	0.0	0.23
	0.22	0.0	0.78	0.0
	0.0	0.85	0.0	0.15
	0.06	0.04	0.83	0.07
	0.02	0.91	0.0	0.07
	0.0	0.93	0.0	0.07
	0.0	0.81	0.0	0.19
	0.19	0.0	0.81	0.0
	0.0	0.0	1.0	0.0
	0.0	1.0	0.0	0.0
	0.0	0.93	0.0	0.07

MEME version 4

ALPHABET= ACGT

MOTIF chr6:26018249-26018259

letter-probability matrix: alength= 4 w= 10
	0.0	0.93	0.0	0.07
	0.0	0.07	0.0	0.93
	0.04	0.92	0.04	0.0
	0.04	0.96	0.0	0.0
	0.13	0.29	0.0	0.59
	0.04	0.0	0.57	0.4
	0.0	0.89	0.11	0.0
	0.0	0.96	0.04	0.0
	0.03	0.4	0.0	0.57
	0.07	0.58	0.23	0.12

MEME version 4

ALPHABET= ACGT

MOTIF chr6:26005814-26005839

letter-probability matrix: alength= 4 w= 25
	0.0	0.78	0.0	0.22
	1.0	0.0	0.0	0.0
	0.07	0.0	0.93	0.0
	0.0	0.0	1.0	0.0
	0.0	0.92	0.0	0.08
	0.32	0.0	0.59	0.09
	0.0	0.0	0.0	1.0
	0.0	0.15	0.85	0.0
	1.0	0.0	0.0	0.0
	0.0	0.0	1.0	0.0
	0.0	1.0	0.0	0.0
	0.0	1.0	0.0	0.0
	1.0	0.0	0.0	0.0
	0.0	1.0	0.0	0.0
	0.0	0.77	0.0	0.23
	0.22	0.0	0.78	0.0
	0.0	0.85	0.0	0.15
	0.06	0.04	0.83	0.07
	0.02	0.91	0.0	0.07
	0.0	0.93	0.0	0.07
	0.0	0.81	0.0	0.19
	0.19	0.0	0.81	0.0
	0.0	0.0	1.0	0.0
	0.0	1.0	0.0	0.0
	0.0	0.93	0.0	0.07

MEME version 4

ALPHABET= ACGT

MOTIF chr1:29137861-29137871

letter-probability matrix: alength= 4 w= 10
	0.0	0.93	0.0	0.07
	0.0	0.07	0.0	0.93
	0.04	0.92	0.04	0.0
	0.04	0.96	0.0	0.0
	0.13	0.29	0.0	0.59
	0.04	0.0	0.57	0.4
	0.0	0.89	0.11	0.0
	0.0	0.96	0.04	0.0
	0.03	0.4	0.0	0.57
	0.07	0.58	0.23	0.12

MEME version 4

ALPHABET= ACGT

MOTIF chr1:29102916-29102941

letter-probability matrix: alength= 4 w= 25
	0.0	0.78	0.0	0.22
	1.0	0.0	0.0	0.0
	0.07	0.0	0.93	0.0
	0.0	0.0	1.0	0.0
	0.0	0.92	0.0	0.08
	0.32	0.0	0.59	0.09
	0.0	0.0	0.0	1.0
	0.0	0.15	0.85	0.0
	1.0	0.0	0.0	0.0
	0.0	0.0	1.0	0.0
	0.0	1.0	0.0	0.0
	0.0	1.0	0.0	0.0
	1.0	0.0	0.0	0.0
	0.0	1.0	0.0	0.0
	0.0	0.77	0.0	0.23
	0.22	0.0	0.78	0.0
	0.0	0.85	0.0	0.15
	0.06	0.04	0.83	0.07
	0.02	0.91	0.0	0.07
	0.0	0.93	0.0	0.07
	0.0	0.81	0.0	0.19
	0.19	0.0	0.81	0.0
	0.0	0.0	1.0	0.0
	0.0	1.0	0.0	0.0
	0.0	0.93	0.0	0.07

MEME version 4

ALPHABET= ACGT

MOTIF chr15:75759131-75759141

letter-probability matrix: alength= 4 w= 10
	0.0	0.93	0.0	0.07
	0.0	0.07	0.0	0.93
	0.04	0.92	0.04	0.0
	0.04	0.96	0.0	0.0
	0.13	0.29	0.0	0.59
	0.04	0.0	0.57	0.4
	0.0	0.89	0.11	0.0
	0.0	0.96	0.04	0.0
	0.03	0.4	0.0	0.57
	0.07	0.58	0.23	0.12

MEME version 4

ALPHABET= ACGT

MOTIF chr15:75843263-75843288

letter-probability matrix: alength= 4 w= 25
	0.0	0.78	0.0	0.22
	1.0	0.0	0.0	0.0
	0.07	0.0	0.93	0.0
	0.0	0.0	1.0	0.0
	0.0	0.92	0.0	0.08
	0.32	0.0	0.59	0.09
	0.0	0.0	0.0	1.0
	0.0	0.15	0.85	0.0
	1.0	0.0	0.0	0.0
	0.0	0.0	1.0	0.0
	0.0	1.0	0.0	0.0
	0.0	1.0	0.0	0.0
	1.0	0.0	0.0	0.0
	0.0	1.0	0.0	0.0
	0.0	0.77	0.0	0.23
	0.22	0.0	0.78	0.0
	0.0	0.85	0.0	0.15
	0.06	0.04	0.83	0.07
	0.02	0.91	0.0	0.07
	0.0	0.93	0.0	0.07
	0.0	0.81	0.0	0.19
	0.19	0.0	0.81	0.0
	0.0	0.0	1.0	0.0
	0.0	1.0	0.0	0.0
	0.0	0.93	0.0	0.07

MEME version 4

ALPHABET= ACGT

MOTIF chr7:25165008-25165018

letter-probability matrix: alength= 4 w= 10
	0.0	0.93	0.0	0.07
	0.0	0.07	0.0	0.93
	0.04	0.92	0.04	0.0
	0.04	0.96	0.0	0.0
	0.13	0.29	0.0	0.59
	0.04	0.0	0.57	0.4
	0.0	0.89	0.11	0.0
	0.0	0.96	0.04	0.0
	0.03	0.4	0.0	0.57
	0.07	0.58	0.23	0.12

MEME version 4

ALPHABET= ACGT

MOTIF chr7:25113687-25113712

letter-probability matrix: alength= 4 w= 25
	0.0	0.78	0.0	0.22
	1.0	0.0	0.0	0.0
	0.07	0.0	0.93	0.0
	0.0	0.0	1.0	0.0
	0.0	0.92	0.0	0.08
	0.32	0.0	0.59	0.09
	0.0	0.0	0.0	1.0
	0.0	0.15	0.85	0.0
	1.0	0.0	0.0	0.0
	0.0	0.0	1.0	0.0
	0.0	1.0	0.0	0.0
	0.0	1.0	0.0	0.0
	1.0	0.0	0.0	0.0
	0.0	1.0	0.0	0.0
	0.0	0.77	0.0	0.23
	0.22	0.0	0.78	0.0
	0.0	0.85	0.0	0.15
	0.06	0.04	0.83	0.07
	0.02	0.91	0.0	0.07
	0.0	0.93	0.0	0.07
	0.0	0.81	0.0	0.19
	0.19	0.0	0.81	0.0
	0.0	0.0	1.0	0.0
	0.0	1.0	0.0	0.0
	0.0	0.93	0.0	0.07

MEME version 4

ALPHABET= ACGT

MOTIF chr22:21127346-21127356

letter-probability matrix: alength= 4 w= 10
	0.0	0.93	0.0	0.07
	0.0	0.07	0.0	0.93
	0.04	0.92	0.04	0.0
	0.04	0.96	0.0	0.0
	0.13	0.29	0.0	0.59
	0.04	0.0	0.57	0.4
	0.0	0.89	0.11	0.0
	0.0	0.96	0.04	0.0
	0.03	0.4	0.0	0.57
	0.07	0.58	0.23	0.12

MEME version 4

ALPHABET= ACGT

MOTIF chr22:21122636-21122661

letter-probability matrix: alength= 4 w= 25
	0.0	0.78	0.0	0.22
	1.0	0.0	0.0	0.0
	0.07	0.0	0.93	0.0
	0.0	0.0	1.0	0.0
	0.0	0.92	0.0	0.08
	0.32	0.0	0.59	0.09
	0.0	0.0	0.0	1.0
	0.0	0.15	0.85	0.0
	1.0	0.0	0.0	0.0
	0.0	0.0	1.0	0.0
	0.0	1.0	0.0	0.0
	0.0	1.0	0.0	0.0
	1.0	0.0	0.0	0.0
	0.0	1.0	0.0	0.0
	0.0	0.77	0.0	0.23
	0.22	0.0	0.78	0.0
	0.0	0.85	0.0	0.15
	0.06	0.04	0.83	0.07
	0.02	0.91	0.0	0.07
	0.0	0.93	0.0	0.07
	0.0	0.81	0.0	0.19
	0.19	0.0	0.81	0.0
	0.0	0.0	1.0	0.0
	0.0	1.0	0.0	0.0
	0.0	0.93	0.0	0.07

MEME version 4

ALPHABET= ACGT

MOTIF chr12:105500963-105500973

letter-probability matrix: alength= 4 w= 10
	0.0	0.93	0.0	0.07
	0.0	0.07	0.0	0.93
	0.04	0.92	0.04	0.0
	0.04	0.96	0.0	0.0
	0.13	0.29	0.0	0.59
	0.04	0.0	0.57	0.4
	0.0	0.89	0.11	0.0
	0.0	0.96	0.04	0.0
	0.03	0.4	0.0	0.57
	0.07	0.58	0.23	0.12

MEME version 4

ALPHABET= ACGT

MOTIF chr12:105494539-105494564

letter-probability matrix: alength= 4 w= 25
	0.0	0.78	0.0	0.22
	1.0	0.0	0.0	0.0
	0.07	0.0	0.93	0.0
	0.0	0.0	1.0	0.0
	0.0	0.92	0.0	0.08
	0.32	0.0	0.59	0.09
	0.0	0.0	0.0	1.0
	0.0	0.15	0.85	0.0
	1.0	0.0	0.0	0.0
	0.0	0.0	1.0	0.0
	0.0	1.0	0.0	0.0
	0.0	1.0	0.0	0.0
	1.0	0.0	0.0	0.0
	0.0	1.0	0.0	0.0
	0.0	0.77	0.0	0.23
	0.22	0.0	0.78	0.0
	0.0	0.85	0.0	0.15
	0.06	0.04	0.83	0.07
	0.02	0.91	0.0	0.07
	0.0	0.93	0.0	0.07
	0.0	0.81	0.0	0.19
	0.19	0.0	0.81	0.0
	0.0	0.0	1.0	0.0
	0.0	1.0	0.0	0.0
	0.0	0.93	0.0	0.07

MEME version 4

ALPHABET= ACGT

MOTIF chr8:74903215-74903225

letter-probability matrix: alength= 4 w= 10
	0.0	0.93	0.0	0.07
	0.0	0.07	0.0	0.93
	0.04	0.92	0.04	0.0
	0.04	0.96	0.0	0.0
	0.13	0.29	0.0	0.59
	0.04	0.0	0.57	0.4
	0.0	0.89	0.11	0.0
	0.0	0.96	0.04	0.0
	0.03	0.4	0.0	0.57
	0.07	0.58	0.23	0.12

MEME version 4

ALPHABET= ACGT

MOTIF chr8:74909368-74909393

letter-probability matrix: alength= 4 w= 25
	0.0	0.78	0.0	0.22
	1.0	0.0	0.0	0.0
	0.07	0.0	0.93	0.0
	0.0	0.0	1.0	0.0
	0.0	0.92	0.0	0.08
	0.32	0.0	0.59	0.09
	0.0	0.0	0.0	1.0
	0.0	0.15	0.85	0.0
	1.0	0.0	0.0	0.0
	0.0	0.0	1.0	0.0
	0.0	1.0	0.0	0.0
	0.0	1.0	0.0	0.0
	1.0	0.0	0.0	0.0
	0.0	1.0	0.0	0.0
	0.0	0.77	0.0	0.23
	0.22	0.0	0.78	0.0
	0.0	0.85	0.0	0.15
	0.06	0.04	0.83	0.07
	0.02	0.91	0.0	0.07
	0.0	0.93	0.0	0.07
	0.0	0.81	0.0	0.19
	0.19	0.0	0.81	0.0
	0.0	0.0	1.0	0.0
	0.0	1.0	0.0	0.0
	0.0	0.93	0.0	0.07

MEME version 4

ALPHABET= ACGT

MOTIF chr5:148736729-148736739

letter-probability matrix: alength= 4 w= 10
	0.0	0.93	0.0	0.07
	0.0	0.07	0.0	0.93
	0.04	0.92	0.04	0.0
	0.04	0.96	0.0	0.0
	0.13	0.29	0.0	0.59
	0.04	0.0	0.57	0.4
	0.0	0.89	0.11	0.0
	0.0	0.96	0.04	0.0
	0.03	0.4	0.0	0.57
	0.07	0.58	0.23	0.12

MEME version 4

ALPHABET= ACGT

MOTIF chr5:148724251-148724276

letter-probability matrix: alength= 4 w= 25
	0.0	0.78	0.0	0.22
	1.0	0.0	0.0	0.0
	0.07	0.0	0.93	0.0
	0.0	0.0	1.0	0.0
	0.0	0.92	0.0	0.08
	0.32	0.0	0.59	0.09
	0.0	0.0	0.0	1.0
	0.0	0.15	0.85	0.0
	1.0	0.0	0.0	0.0
	0.0	0.0	1.0	0.0
	0.0	1.0	0.0	0.0
	0.0	1.0	0.0	0.0
	1.0	0.0	0.0	0.0
	0.0	1.0	0.0	0.0
	0.0	0.77	0.0	0.23
	0.22	0.0	0.78	0.0
	0.0	0.85	0.0	0.15
	0.06	0.04	0.83	0.07
	0.02	0.91	0.0	0.07
	0.0	0.93	0.0	0.07
	0.0	0.81	0.0	0.19
	0.19	0.0	0.81	0.0
	0.0	0.0	1.0	0.0
	0.0	1.0	0.0	0.0
	0.0	0.93	0.0	0.07

MEME version 4

ALPHABET= ACGT

MOTIF chr19:17419888-17419898

letter-probability matrix: alength= 4 w= 10
	0.0	0.93	0.0	0.07
	0.0	0.07	0.0	0.93
	0.04	0.92	0.04	0.0
	0.04	0.96	0.0	0.0
	0.13	0.29	0.0	0.59
	0.04	0.0	0.57	0.4
	0.0	0.89	0.11	0.0
	0.0	0.96	0.04	0.0
	0.03	0.4	0.0	0.57
	0.07	0.58	0.23	0.12

MEME version 4

ALPHABET= ACGT

MOTIF chr19:17443020-17443045

letter-probability matrix: alength= 4 w= 25
	0.0	0.78	0.0	0.22
	1.0	0.0	0.0	0.0
	0.07	0.0	0.93	0.0
	0.0	0.0	1.0	0.0
	0.0	0.92	0.0	0.08
	0.32	0.0	0.59	0.09
	0.0	0.0	0.0	1.0
	0.0	0.15	0.85	0.0
	1.0	0.0	0.0	0.0
	0.0	0.0	1.0	0.0
	0.0	1.0	0.0	0.0
	0.0	1.0	0.0	0.0
	1.0	0.0	0.0	0.0
	0.0	1.0	0.0	0.0
	0.0	0.77	0.0	0.23
	0.22	0.0	0.78	0.0
	0.0	0.85	0.0	0.15
	0.06	0.04	0.83	0.07
	0.02	0.91	0.0	0.07
	0.0	0.93	0.0	0.07
	0.0	0.81	0.0	0.19
	0.19	0.0	0.81	0.0
	0.0	0.0	1.0	0.0
	0.0	1.0	0.0	0.0
	0.0	0.93	0.0	0.07

MEME version 4

ALPHABET= ACGT

MOTIF chr12:133263755-133263765

letter-probability matrix: alength= 4 w= 10
	0.0	0.93	0.0	0.07
	0.0	0.07	0.0	0.93
	0.04	0.92	0.04	0.0
	0.04	0.96	0.0	0.0
	0.13	0.29	0.0	0.59
	0.04	0.0	0.57	0.4
	0.0	0.89	0.11	0.0
	0.0	0.96	0.04	0.0
	0.03	0.4	0.0	0.57
	0.07	0.58	0.23	0.12

MEME version 4

ALPHABET= ACGT

MOTIF chr12:133217766-133217791

letter-probability matrix: alength= 4 w= 25
	0.0	0.78	0.0	0.22
	1.0	0.0	0.0	0.0
	0.07	0.0	0.93	0.0
	0.0	0.0	1.0	0.0
	0.0	0.92	0.0	0.08
	0.32	0.0	0.59	0.09
	0.0	0.0	0.0	1.0
	0.0	0.15	0.85	0.0
	1.0	0.0	0.0	0.0
	0.0	0.0	1.0	0.0
	0.0	1.0	0.0	0.0
	0.0	1.0	0.0	0.0
	1.0	0.0	0.0	0.0
	0.0	1.0	0.0	0.0
	0.0	0.77	0.0	0.23
	0.22	0.0	0.78	0.0
	0.0	0.85	0.0	0.15
	0.06	0.04	0.83	0.07
	0.02	0.91	0.0	0.07
	0.0	0.93	0.0	0.07
	0.0	0.81	0.0	0.19
	0.19	0.0	0.81	0.0
	0.0	0.0	1.0	0.0
	0.0	1.0	0.0	0.0
	0.0	0.93	0.0	0.07

MEME version 4

ALPHABET= ACGT

MOTIF chr5:10225806-10225816

letter-probability matrix: alength= 4 w= 10
	0.0	0.93	0.0	0.07
	0.0	0.07	0.0	0.93
	0.04	0.92	0.04	0.0
	0.04	0.96	0.0	0.0
	0.13	0.29	0.0	0.59
	0.04	0.0	0.57	0.4
	0.0	0.89	0.11	0.0
	0.0	0.96	0.04	0.0
	0.03	0.4	0.0	0.57
	0.07	0.58	0.23	0.12

MEME version 4

ALPHABET= ACGT

MOTIF chr5:10277345-10277370

letter-probability matrix: alength= 4 w= 25
	0.0	0.78	0.0	0.22
	1.0	0.0	0.0	0.0
	0.07	0.0	0.93	0.0
	0.0	0.0	1.0	0.0
	0.0	0.92	0.0	0.08
	0.32	0.0	0.59	0.09
	0.0	0.0	0.0	1.0
	0.0	0.15	0.85	0.0
	1.0	0.0	0.0	0.0
	0.0	0.0	1.0	0.0
	0.0	1.0	0.0	0.0
	0.0	1.0	0.0	0.0
	1.0	0.0	0.0	0.0
	0.0	1.0	0.0	0.0
	0.0	0.77	0.0	0.23
	0.22	0.0	0.78	0.0
	0.0	0.85	0.0	0.15
	0.06	0.04	0.83	0.07
	0.02	0.91	0.0	0.07
	0.0	0.93	0.0	0.07
	0.0	0.81	0.0	0.19
	0.19	0.0	0.81	0.0
	0.0	0.0	1.0	0.0
	0.0	1.0	0.0	0.0
	0.0	0.93	0.0	0.07

MEME version 4

ALPHABET= ACGT

MOTIF chr19:12785895-12785905

letter-probability matrix: alength= 4 w= 10
	0.0	0.93	0.0	0.07
	0.0	0.07	0.0	0.93
	0.04	0.92	0.04	0.0
	0.04	0.96	0.0	0.0
	0.13	0.29	0.0	0.59
	0.04	0.0	0.57	0.4
	0.0	0.89	0.11	0.0
	0.0	0.96	0.04	0.0
	0.03	0.4	0.0	0.57
	0.07	0.58	0.23	0.12

MEME version 4

ALPHABET= ACGT

MOTIF chr19:12801600-12801625

letter-probability matrix: alength= 4 w= 25
	0.0	0.78	0.0	0.22
	1.0	0.0	0.0	0.0
	0.07	0.0	0.93	0.0
	0.0	0.0	1.0	0.0
	0.0	0.92	0.0	0.08
	0.32	0.0	0.59	0.09
	0.0	0.0	0.0	1.0
	0.0	0.15	0.85	0.0
	1.0	0.0	0.0	0.0
	0.0	0.0	1.0	0.0
	0.0	1.0	0.0	0.0
	0.0	1.0	0.0	0.0
	1.0	0.0	0.0	0.0
	0.0	1.0	0.0	0.0
	0.0	0.77	0.0	0.23
	0.22	0.0	0.78	0.0
	0.0	0.85	0.0	0.15
	0.06	0.04	0.83	0.07
	0.02	0.91	0.0	0.07
	0.0	0.93	0.0	0.07
	0.0	0.81	0.0	0.19
	0.19	0.0	0.81	0.0
	0.0	0.0	1.0	0.0
	0.0	1.0	0.0	0.0
	0.0	0.93	0.0	0.07

MEME version 4

ALPHABET= ACGT

MOTIF chr4:74864891-74864901

letter-probability matrix: alength= 4 w= 10
	0.0	0.93	0.0	0.07
	0.0	0.07	0.0	0.93
	0.04	0.92	0.04	0.0
	0.04	0.96	0.0	0.0
	0.13	0.29	0.0	0.59
	0.04	0.0	0.57	0.4
	0.0	0.89	0.11	0.0
	0.0	0.96	0.04	0.0
	0.03	0.4	0.0	0.57
	0.07	0.58	0.23	0.12

MEME version 4

ALPHABET= ACGT

MOTIF chr4:74854012-74854037

letter-probability matrix: alength= 4 w= 25
	0.0	0.78	0.0	0.22
	1.0	0.0	0.0	0.0
	0.07	0.0	0.93	0.0
	0.0	0.0	1.0	0.0
	0.0	0.92	0.0	0.08
	0.32	0.0	0.59	0.09
	0.0	0.0	0.0	1.0
	0.0	0.15	0.85	0.0
	1.0	0.0	0.0	0.0
	0.0	0.0	1.0	0.0
	0.0	1.0	0.0	0.0
	0.0	1.0	0.0	0.0
	1.0	0.0	0.0	0.0
	0.0	1.0	0.0	0.0
	0.0	0.77	0.0	0.23
	0.22	0.0	0.78	0.0
	0.0	0.85	0.0	0.15
	0.06	0.04	0.83	0.07
	0.02	0.91	0.0	0.07
	0.0	0.93	0.0	0.07
	0.0	0.81	0.0	0.19
	0.19	0.0	0.81	0.0
	0.0	0.0	1.0	0.0
	0.0	1.0	0.0	0.0
	0.0	0.93	0.0	0.07

MEME version 4

ALPHABET= ACGT

MOTIF chr12:82873735-82873745

letter-probability matrix: alength= 4 w= 10
	0.0	0.93	0.0	0.07
	0.0	0.07	0.0	0.93
	0.04	0.92	0.04	0.0
	0.04	0.96	0.0	0.0
	0.13	0.29	0.0	0.59
	0.04	0.0	0.57	0.4
	0.0	0.89	0.11	0.0
	0.0	0.96	0.04	0.0
	0.03	0.4	0.0	0.57
	0.07	0.58	0.23	0.12

MEME version 4

ALPHABET= ACGT

MOTIF chr12:82743235-82743260

letter-probability matrix: alength= 4 w= 25
	0.0	0.78	0.0	0.22
	1.0	0.0	0.0	0.0
	0.07	0.0	0.93	0.0
	0.0	0.0	1.0	0.0
	0.0	0.92	0.0	0.08
	0.32	0.0	0.59	0.09
	0.0	0.0	0.0	1.0
	0.0	0.15	0.85	0.0
	1.0	0.0	0.0	0.0
	0.0	0.0	1.0	0.0
	0.0	1.0	0.0	0.0
	0.0	1.0	0.0	0.0
	1.0	0.0	0.0	0.0
	0.0	1.0	0.0	0.0
	0.0	0.77	0.0	0.23
	0.22	0.0	0.78	0.0
	0.0	0.85	0.0	0.15
	0.06	0.04	0.83	0.07
	0.02	0.91	0.0	0.07
	0.0	0.93	0.0	0.07
	0.0	0.81	0.0	0.19
	0.19	0.0	0.81	0.0
	0.0	0.0	1.0	0.0
	0.0	1.0	0.0	0.0
	0.0	0.93	0.0	0.07

MEME version 4

ALPHABET= ACGT

MOTIF chr2:135893863-135893873

letter-probability matrix: alength= 4 w= 10
	0.0	0.93	0.0	0.07
	0.0	0.07	0.0	0.93
	0.04	0.92	0.04	0.0
	0.04	0.96	0.0	0.0
	0.13	0.29	0.0	0.59
	0.04	0.0	0.57	0.4
	0.0	0.89	0.11	0.0
	0.0	0.96	0.04	0.0
	0.03	0.4	0.0	0.57
	0.07	0.58	0.23	0.12

MEME version 4

ALPHABET= ACGT

MOTIF chr2:136303832-136303857

letter-probability matrix: alength= 4 w= 25
	0.0	0.78	0.0	0.22
	1.0	0.0	0.0	0.0
	0.07	0.0	0.93	0.0
	0.0	0.0	1.0	0.0
	0.0	0.92	0.0	0.08
	0.32	0.0	0.59	0.09
	0.0	0.0	0.0	1.0
	0.0	0.15	0.85	0.0
	1.0	0.0	0.0	0.0
	0.0	0.0	1.0	0.0
	0.0	1.0	0.0	0.0
	0.0	1.0	0.0	0.0
	1.0	0.0	0.0	0.0
	0.0	1.0	0.0	0.0
	0.0	0.77	0.0	0.23
	0.22	0.0	0.78	0.0
	0.0	0.85	0.0	0.15
	0.06	0.04	0.83	0.07
	0.02	0.91	0.0	0.07
	0.0	0.93	0.0	0.07
	0.0	0.81	0.0	0.19
	0.19	0.0	0.81	0.0
	0.0	0.0	1.0	0.0
	0.0	1.0	0.0	0.0
	0.0	0.93	0.0	0.07

MEME version 4

ALPHABET= ACGT

MOTIF chr7:143013088-143013098

letter-probability matrix: alength= 4 w= 10
	0.0	0.93	0.0	0.07
	0.0	0.07	0.0	0.93
	0.04	0.92	0.04	0.0
	0.04	0.96	0.0	0.0
	0.13	0.29	0.0	0.59
	0.04	0.0	0.57	0.4
	0.0	0.89	0.11	0.0
	0.0	0.96	0.04	0.0
	0.03	0.4	0.0	0.57
	0.07	0.58	0.23	0.12

MEME version 4

ALPHABET= ACGT

MOTIF chr7:143004045-143004070

letter-probability matrix: alength= 4 w= 25
	0.0	0.78	0.0	0.22
	1.0	0.0	0.0	0.0
	0.07	0.0	0.93	0.0
	0.0	0.0	1.0	0.0
	0.0	0.92	0.0	0.08
	0.32	0.0	0.59	0.09
	0.0	0.0	0.0	1.0
	0.0	0.15	0.85	0.0
	1.0	0.0	0.0	0.0
	0.0	0.0	1.0	0.0
	0.0	1.0	0.0	0.0
	0.0	1.0	0.0	0.0
	1.0	0.0	0.0	0.0
	0.0	1.0	0.0	0.0
	0.0	0.77	0.0	0.23
	0.22	0.0	0.78	0.0
	0.0	0.85	0.0	0.15
	0.06	0.04	0.83	0.07
	0.02	0.91	0.0	0.07
	0.0	0.93	0.0	0.07
	0.0	0.81	0.0	0.19
	0.19	0.0	0.81	0.0
	0.0	0.0	1.0	0.0
	0.0	1.0	0.0	0.0
	0.0	0.93	0.0	0.07

MEME version 4

ALPHABET= ACGT

MOTIF chr2:136288124-136288134

letter-probability matrix: alength= 4 w= 10
	0.0	0.93	0.0	0.07
	0.0	0.07	0.0	0.93
	0.04	0.92	0.04	0.0
	0.04	0.96	0.0	0.0
	0.13	0.29	0.0	0.59
	0.04	0.0	0.57	0.4
	0.0	0.89	0.11	0.0
	0.0	0.96	0.04	0.0
	0.03	0.4	0.0	0.57
	0.07	0.58	0.23	0.12

MEME version 4

ALPHABET= ACGT

MOTIF chr2:136303832-136303857

letter-probability matrix: alength= 4 w= 25
	0.0	0.78	0.0	0.22
	1.0	0.0	0.0	0.0
	0.07	0.0	0.93	0.0
	0.0	0.0	1.0	0.0
	0.0	0.92	0.0	0.08
	0.32	0.0	0.59	0.09
	0.0	0.0	0.0	1.0
	0.0	0.15	0.85	0.0
	1.0	0.0	0.0	0.0
	0.0	0.0	1.0	0.0
	0.0	1.0	0.0	0.0
	0.0	1.0	0.0	0.0
	1.0	0.0	0.0	0.0
	0.0	1.0	0.0	0.0
	0.0	0.77	0.0	0.23
	0.22	0.0	0.78	0.0
	0.0	0.85	0.0	0.15
	0.06	0.04	0.83	0.07
	0.02	0.91	0.0	0.07
	0.0	0.93	0.0	0.07
	0.0	0.81	0.0	0.19
	0.19	0.0	0.81	0.0
	0.0	0.0	1.0	0.0
	0.0	1.0	0.0	0.0
	0.0	0.93	0.0	0.07

MEME version 4

ALPHABET= ACGT

MOTIF chr6:31550715-31550725

letter-probability matrix: alength= 4 w= 10
	0.0	0.93	0.0	0.07
	0.0	0.07	0.0	0.93
	0.04	0.92	0.04	0.0
	0.04	0.96	0.0	0.0
	0.13	0.29	0.0	0.59
	0.04	0.0	0.57	0.4
	0.0	0.89	0.11	0.0
	0.0	0.96	0.04	0.0
	0.03	0.4	0.0	0.57
	0.07	0.58	0.23	0.12

MEME version 4

ALPHABET= ACGT

MOTIF chr6:31567522-31567547

letter-probability matrix: alength= 4 w= 25
	0.0	0.78	0.0	0.22
	1.0	0.0	0.0	0.0
	0.07	0.0	0.93	0.0
	0.0	0.0	1.0	0.0
	0.0	0.92	0.0	0.08
	0.32	0.0	0.59	0.09
	0.0	0.0	0.0	1.0
	0.0	0.15	0.85	0.0
	1.0	0.0	0.0	0.0
	0.0	0.0	1.0	0.0
	0.0	1.0	0.0	0.0
	0.0	1.0	0.0	0.0
	1.0	0.0	0.0	0.0
	0.0	1.0	0.0	0.0
	0.0	0.77	0.0	0.23
	0.22	0.0	0.78	0.0
	0.0	0.85	0.0	0.15
	0.06	0.04	0.83	0.07
	0.02	0.91	0.0	0.07
	0.0	0.93	0.0	0.07
	0.0	0.81	0.0	0.19
	0.19	0.0	0.81	0.0
	0.0	0.0	1.0	0.0
	0.0	1.0	0.0	0.0
	0.0	0.93	0.0	0.07

MEME version 4

ALPHABET= ACGT

MOTIF chr22:50945768-50945778

letter-probability matrix: alength= 4 w= 10
	0.0	0.93	0.0	0.07
	0.0	0.07	0.0	0.93
	0.04	0.92	0.04	0.0
	0.04	0.96	0.0	0.0
	0.13	0.29	0.0	0.59
	0.04	0.0	0.57	0.4
	0.0	0.89	0.11	0.0
	0.0	0.96	0.04	0.0
	0.03	0.4	0.0	0.57
	0.07	0.58	0.23	0.12

MEME version 4

ALPHABET= ACGT

MOTIF chr22:50936212-50936237

letter-probability matrix: alength= 4 w= 25
	0.0	0.78	0.0	0.22
	1.0	0.0	0.0	0.0
	0.07	0.0	0.93	0.0
	0.0	0.0	1.0	0.0
	0.0	0.92	0.0	0.08
	0.32	0.0	0.59	0.09
	0.0	0.0	0.0	1.0
	0.0	0.15	0.85	0.0
	1.0	0.0	0.0	0.0
	0.0	0.0	1.0	0.0
	0.0	1.0	0.0	0.0
	0.0	1.0	0.0	0.0
	1.0	0.0	0.0	0.0
	0.0	1.0	0.0	0.0
	0.0	0.77	0.0	0.23
	0.22	0.0	0.78	0.0
	0.0	0.85	0.0	0.15
	0.06	0.04	0.83	0.07
	0.02	0.91	0.0	0.07
	0.0	0.93	0.0	0.07
	0.0	0.81	0.0	0.19
	0.19	0.0	0.81	0.0
	0.0	0.0	1.0	0.0
	0.0	1.0	0.0	0.0
	0.0	0.93	0.0	0.07

MEME version 4

ALPHABET= ACGT

MOTIF chr6:112408735-112408745

letter-probability matrix: alength= 4 w= 10
	0.0	0.93	0.0	0.07
	0.0	0.07	0.0	0.93
	0.04	0.92	0.04	0.0
	0.04	0.96	0.0	0.0
	0.13	0.29	0.0	0.59
	0.04	0.0	0.57	0.4
	0.0	0.89	0.11	0.0
	0.0	0.96	0.04	0.0
	0.03	0.4	0.0	0.57
	0.07	0.58	0.23	0.12

MEME version 4

ALPHABET= ACGT

MOTIF chr6:112438420-112438445

letter-probability matrix: alength= 4 w= 25
	0.0	0.78	0.0	0.22
	1.0	0.0	0.0	0.0
	0.07	0.0	0.93	0.0
	0.0	0.0	1.0	0.0
	0.0	0.92	0.0	0.08
	0.32	0.0	0.59	0.09
	0.0	0.0	0.0	1.0
	0.0	0.15	0.85	0.0
	1.0	0.0	0.0	0.0
	0.0	0.0	1.0	0.0
	0.0	1.0	0.0	0.0
	0.0	1.0	0.0	0.0
	1.0	0.0	0.0	0.0
	0.0	1.0	0.0	0.0
	0.0	0.77	0.0	0.23
	0.22	0.0	0.78	0.0
	0.0	0.85	0.0	0.15
	0.06	0.04	0.83	0.07
	0.02	0.91	0.0	0.07
	0.0	0.93	0.0	0.07
	0.0	0.81	0.0	0.19
	0.19	0.0	0.81	0.0
	0.0	0.0	1.0	0.0
	0.0	1.0	0.0	0.0
	0.0	0.93	0.0	0.07

MEME version 4

ALPHABET= ACGT

MOTIF chr16:28834251-28834261

letter-probability matrix: alength= 4 w= 10
	0.0	0.93	0.0	0.07
	0.0	0.07	0.0	0.93
	0.04	0.92	0.04	0.0
	0.04	0.96	0.0	0.0
	0.13	0.29	0.0	0.59
	0.04	0.0	0.57	0.4
	0.0	0.89	0.11	0.0
	0.0	0.96	0.04	0.0
	0.03	0.4	0.0	0.57
	0.07	0.58	0.23	0.12

MEME version 4

ALPHABET= ACGT

MOTIF chr16:28814692-28814717

letter-probability matrix: alength= 4 w= 25
	0.0	0.78	0.0	0.22
	1.0	0.0	0.0	0.0
	0.07	0.0	0.93	0.0
	0.0	0.0	1.0	0.0
	0.0	0.92	0.0	0.08
	0.32	0.0	0.59	0.09
	0.0	0.0	0.0	1.0
	0.0	0.15	0.85	0.0
	1.0	0.0	0.0	0.0
	0.0	0.0	1.0	0.0
	0.0	1.0	0.0	0.0
	0.0	1.0	0.0	0.0
	1.0	0.0	0.0	0.0
	0.0	1.0	0.0	0.0
	0.0	0.77	0.0	0.23
	0.22	0.0	0.78	0.0
	0.0	0.85	0.0	0.15
	0.06	0.04	0.83	0.07
	0.02	0.91	0.0	0.07
	0.0	0.93	0.0	0.07
	0.0	0.81	0.0	0.19
	0.19	0.0	0.81	0.0
	0.0	0.0	1.0	0.0
	0.0	1.0	0.0	0.0
	0.0	0.93	0.0	0.07

MEME version 4

ALPHABET= ACGT

MOTIF chr19:14163412-14163422

letter-probability matrix: alength= 4 w= 10
	0.0	0.93	0.0	0.07
	0.0	0.07	0.0	0.93
	0.04	0.92	0.04	0.0
	0.04	0.96	0.0	0.0
	0.13	0.29	0.0	0.59
	0.04	0.0	0.57	0.4
	0.0	0.89	0.11	0.0
	0.0	0.96	0.04	0.0
	0.03	0.4	0.0	0.57
	0.07	0.58	0.23	0.12

MEME version 4

ALPHABET= ACGT

MOTIF chr19:14177465-14177490

letter-probability matrix: alength= 4 w= 25
	0.0	0.78	0.0	0.22
	1.0	0.0	0.0	0.0
	0.07	0.0	0.93	0.0
	0.0	0.0	1.0	0.0
	0.0	0.92	0.0	0.08
	0.32	0.0	0.59	0.09
	0.0	0.0	0.0	1.0
	0.0	0.15	0.85	0.0
	1.0	0.0	0.0	0.0
	0.0	0.0	1.0	0.0
	0.0	1.0	0.0	0.0
	0.0	1.0	0.0	0.0
	1.0	0.0	0.0	0.0
	0.0	1.0	0.0	0.0
	0.0	0.77	0.0	0.23
	0.22	0.0	0.78	0.0
	0.0	0.85	0.0	0.15
	0.06	0.04	0.83	0.07
	0.02	0.91	0.0	0.07
	0.0	0.93	0.0	0.07
	0.0	0.81	0.0	0.19
	0.19	0.0	0.81	0.0
	0.0	0.0	1.0	0.0
	0.0	1.0	0.0	0.0
	0.0	0.93	0.0	0.07

MEME version 4

ALPHABET= ACGT

MOTIF chr16:4524530-4524540

letter-probability matrix: alength= 4 w= 10
	0.0	0.93	0.0	0.07
	0.0	0.07	0.0	0.93
	0.04	0.92	0.04	0.0
	0.04	0.96	0.0	0.0
	0.13	0.29	0.0	0.59
	0.04	0.0	0.57	0.4
	0.0	0.89	0.11	0.0
	0.0	0.96	0.04	0.0
	0.03	0.4	0.0	0.57
	0.07	0.58	0.23	0.12

MEME version 4

ALPHABET= ACGT

MOTIF chr16:4478228-4478253

letter-probability matrix: alength= 4 w= 25
	0.0	0.78	0.0	0.22
	1.0	0.0	0.0	0.0
	0.07	0.0	0.93	0.0
	0.0	0.0	1.0	0.0
	0.0	0.92	0.0	0.08
	0.32	0.0	0.59	0.09
	0.0	0.0	0.0	1.0
	0.0	0.15	0.85	0.0
	1.0	0.0	0.0	0.0
	0.0	0.0	1.0	0.0
	0.0	1.0	0.0	0.0
	0.0	1.0	0.0	0.0
	1.0	0.0	0.0	0.0
	0.0	1.0	0.0	0.0
	0.0	0.77	0.0	0.23
	0.22	0.0	0.78	0.0
	0.0	0.85	0.0	0.15
	0.06	0.04	0.83	0.07
	0.02	0.91	0.0	0.07
	0.0	0.93	0.0	0.07
	0.0	0.81	0.0	0.19
	0.19	0.0	0.81	0.0
	0.0	0.0	1.0	0.0
	0.0	1.0	0.0	0.0
	0.0	0.93	0.0	0.07

MEME version 4

ALPHABET= ACGT

MOTIF chr10:126481205-126481215

letter-probability matrix: alength= 4 w= 10
	0.0	0.93	0.0	0.07
	0.0	0.07	0.0	0.93
	0.04	0.92	0.04	0.0
	0.04	0.96	0.0	0.0
	0.13	0.29	0.0	0.59
	0.04	0.0	0.57	0.4
	0.0	0.89	0.11	0.0
	0.0	0.96	0.04	0.0
	0.03	0.4	0.0	0.57
	0.07	0.58	0.23	0.12

MEME version 4

ALPHABET= ACGT

MOTIF chr10:126504039-126504064

letter-probability matrix: alength= 4 w= 25
	0.0	0.78	0.0	0.22
	1.0	0.0	0.0	0.0
	0.07	0.0	0.93	0.0
	0.0	0.0	1.0	0.0
	0.0	0.92	0.0	0.08
	0.32	0.0	0.59	0.09
	0.0	0.0	0.0	1.0
	0.0	0.15	0.85	0.0
	1.0	0.0	0.0	0.0
	0.0	0.0	1.0	0.0
	0.0	1.0	0.0	0.0
	0.0	1.0	0.0	0.0
	1.0	0.0	0.0	0.0
	0.0	1.0	0.0	0.0
	0.0	0.77	0.0	0.23
	0.22	0.0	0.78	0.0
	0.0	0.85	0.0	0.15
	0.06	0.04	0.83	0.07
	0.02	0.91	0.0	0.07
	0.0	0.93	0.0	0.07
	0.0	0.81	0.0	0.19
	0.19	0.0	0.81	0.0
	0.0	0.0	1.0	0.0
	0.0	1.0	0.0	0.0
	0.0	0.93	0.0	0.07

MEME version 4

ALPHABET= ACGT

MOTIF chr17:79641366-79641376

letter-probability matrix: alength= 4 w= 10
	0.0	0.93	0.0	0.07
	0.0	0.07	0.0	0.93
	0.04	0.92	0.04	0.0
	0.04	0.96	0.0	0.0
	0.13	0.29	0.0	0.59
	0.04	0.0	0.57	0.4
	0.0	0.89	0.11	0.0
	0.0	0.96	0.04	0.0
	0.03	0.4	0.0	0.57
	0.07	0.58	0.23	0.12

MEME version 4

ALPHABET= ACGT

MOTIF chr17:79611925-79611950

letter-probability matrix: alength= 4 w= 25
	0.0	0.78	0.0	0.22
	1.0	0.0	0.0	0.0
	0.07	0.0	0.93	0.0
	0.0	0.0	1.0	0.0
	0.0	0.92	0.0	0.08
	0.32	0.0	0.59	0.09
	0.0	0.0	0.0	1.0
	0.0	0.15	0.85	0.0
	1.0	0.0	0.0	0.0
	0.0	0.0	1.0	0.0
	0.0	1.0	0.0	0.0
	0.0	1.0	0.0	0.0
	1.0	0.0	0.0	0.0
	0.0	1.0	0.0	0.0
	0.0	0.77	0.0	0.23
	0.22	0.0	0.78	0.0
	0.0	0.85	0.0	0.15
	0.06	0.04	0.83	0.07
	0.02	0.91	0.0	0.07
	0.0	0.93	0.0	0.07
	0.0	0.81	0.0	0.19
	0.19	0.0	0.81	0.0
	0.0	0.0	1.0	0.0
	0.0	1.0	0.0	0.0
	0.0	0.93	0.0	0.07

MEME version 4

ALPHABET= ACGT

MOTIF chr10:43905415-43905425

letter-probability matrix: alength= 4 w= 10
	0.0	0.93	0.0	0.07
	0.0	0.07	0.0	0.93
	0.04	0.92	0.04	0.0
	0.04	0.96	0.0	0.0
	0.13	0.29	0.0	0.59
	0.04	0.0	0.57	0.4
	0.0	0.89	0.11	0.0
	0.0	0.96	0.04	0.0
	0.03	0.4	0.0	0.57
	0.07	0.58	0.23	0.12

MEME version 4

ALPHABET= ACGT

MOTIF chr10:43908496-43908521

letter-probability matrix: alength= 4 w= 25
	0.0	0.78	0.0	0.22
	1.0	0.0	0.0	0.0
	0.07	0.0	0.93	0.0
	0.0	0.0	1.0	0.0
	0.0	0.92	0.0	0.08
	0.32	0.0	0.59	0.09
	0.0	0.0	0.0	1.0
	0.0	0.15	0.85	0.0
	1.0	0.0	0.0	0.0
	0.0	0.0	1.0	0.0
	0.0	1.0	0.0	0.0
	0.0	1.0	0.0	0.0
	1.0	0.0	0.0	0.0
	0.0	1.0	0.0	0.0
	0.0	0.77	0.0	0.23
	0.22	0.0	0.78	0.0
	0.0	0.85	0.0	0.15
	0.06	0.04	0.83	0.07
	0.02	0.91	0.0	0.07
	0.0	0.93	0.0	0.07
	0.0	0.81	0.0	0.19
	0.19	0.0	0.81	0.0
	0.0	0.0	1.0	0.0
	0.0	1.0	0.0	0.0
	0.0	0.93	0.0	0.07

MEME version 4

ALPHABET= ACGT

MOTIF chr22:42017508-42017518

letter-probability matrix: alength= 4 w= 10
	0.0	0.93	0.0	0.07
	0.0	0.07	0.0	0.93
	0.04	0.92	0.04	0.0
	0.04	0.96	0.0	0.0
	0.13	0.29	0.0	0.59
	0.04	0.0	0.57	0.4
	0.0	0.89	0.11	0.0
	0.0	0.96	0.04	0.0
	0.03	0.4	0.0	0.57
	0.07	0.58	0.23	0.12

MEME version 4

ALPHABET= ACGT

MOTIF chr22:42076840-42076865

letter-probability matrix: alength= 4 w= 25
	0.0	0.78	0.0	0.22
	1.0	0.0	0.0	0.0
	0.07	0.0	0.93	0.0
	0.0	0.0	1.0	0.0
	0.0	0.92	0.0	0.08
	0.32	0.0	0.59	0.09
	0.0	0.0	0.0	1.0
	0.0	0.15	0.85	0.0
	1.0	0.0	0.0	0.0
	0.0	0.0	1.0	0.0
	0.0	1.0	0.0	0.0
	0.0	1.0	0.0	0.0
	1.0	0.0	0.0	0.0
	0.0	1.0	0.0	0.0
	0.0	0.77	0.0	0.23
	0.22	0.0	0.78	0.0
	0.0	0.85	0.0	0.15
	0.06	0.04	0.83	0.07
	0.02	0.91	0.0	0.07
	0.0	0.93	0.0	0.07
	0.0	0.81	0.0	0.19
	0.19	0.0	0.81	0.0
	0.0	0.0	1.0	0.0
	0.0	1.0	0.0	0.0
	0.0	0.93	0.0	0.07

MEME version 4

ALPHABET= ACGT

MOTIF chr19:40853406-40853416

letter-probability matrix: alength= 4 w= 10
	0.0	0.93	0.0	0.07
	0.0	0.07	0.0	0.93
	0.04	0.92	0.04	0.0
	0.04	0.96	0.0	0.0
	0.13	0.29	0.0	0.59
	0.04	0.0	0.57	0.4
	0.0	0.89	0.11	0.0
	0.0	0.96	0.04	0.0
	0.03	0.4	0.0	0.57
	0.07	0.58	0.23	0.12

MEME version 4

ALPHABET= ACGT

MOTIF chr19:40878805-40878830

letter-probability matrix: alength= 4 w= 25
	0.0	0.78	0.0	0.22
	1.0	0.0	0.0	0.0
	0.07	0.0	0.93	0.0
	0.0	0.0	1.0	0.0
	0.0	0.92	0.0	0.08
	0.32	0.0	0.59	0.09
	0.0	0.0	0.0	1.0
	0.0	0.15	0.85	0.0
	1.0	0.0	0.0	0.0
	0.0	0.0	1.0	0.0
	0.0	1.0	0.0	0.0
	0.0	1.0	0.0	0.0
	1.0	0.0	0.0	0.0
	0.0	1.0	0.0	0.0
	0.0	0.77	0.0	0.23
	0.22	0.0	0.78	0.0
	0.0	0.85	0.0	0.15
	0.06	0.04	0.83	0.07
	0.02	0.91	0.0	0.07
	0.0	0.93	0.0	0.07
	0.0	0.81	0.0	0.19
	0.19	0.0	0.81	0.0
	0.0	0.0	1.0	0.0
	0.0	1.0	0.0	0.0
	0.0	0.93	0.0	0.07

MEME version 4

ALPHABET= ACGT

MOTIF chr14:24712871-24712881

letter-probability matrix: alength= 4 w= 10
	0.0	0.93	0.0	0.07
	0.0	0.07	0.0	0.93
	0.04	0.92	0.04	0.0
	0.04	0.96	0.0	0.0
	0.13	0.29	0.0	0.59
	0.04	0.0	0.57	0.4
	0.0	0.89	0.11	0.0
	0.0	0.96	0.04	0.0
	0.03	0.4	0.0	0.57
	0.07	0.58	0.23	0.12

MEME version 4

ALPHABET= ACGT

MOTIF chr14:24684566-24684591

letter-probability matrix: alength= 4 w= 25
	0.0	0.78	0.0	0.22
	1.0	0.0	0.0	0.0
	0.07	0.0	0.93	0.0
	0.0	0.0	1.0	0.0
	0.0	0.92	0.0	0.08
	0.32	0.0	0.59	0.09
	0.0	0.0	0.0	1.0
	0.0	0.15	0.85	0.0
	1.0	0.0	0.0	0.0
	0.0	0.0	1.0	0.0
	0.0	1.0	0.0	0.0
	0.0	1.0	0.0	0.0
	1.0	0.0	0.0	0.0
	0.0	1.0	0.0	0.0
	0.0	0.77	0.0	0.23
	0.22	0.0	0.78	0.0
	0.0	0.85	0.0	0.15
	0.06	0.04	0.83	0.07
	0.02	0.91	0.0	0.07
	0.0	0.93	0.0	0.07
	0.0	0.81	0.0	0.19
	0.19	0.0	0.81	0.0
	0.0	0.0	1.0	0.0
	0.0	1.0	0.0	0.0
	0.0	0.93	0.0	0.07

MEME version 4

ALPHABET= ACGT

MOTIF chr19:40886699-40886709

letter-probability matrix: alength= 4 w= 10
	0.0	0.93	0.0	0.07
	0.0	0.07	0.0	0.93
	0.04	0.92	0.04	0.0
	0.04	0.96	0.0	0.0
	0.13	0.29	0.0	0.59
	0.04	0.0	0.57	0.4
	0.0	0.89	0.11	0.0
	0.0	0.96	0.04	0.0
	0.03	0.4	0.0	0.57
	0.07	0.58	0.23	0.12

MEME version 4

ALPHABET= ACGT

MOTIF chr19:40880282-40880307

letter-probability matrix: alength= 4 w= 25
	0.0	0.78	0.0	0.22
	1.0	0.0	0.0	0.0
	0.07	0.0	0.93	0.0
	0.0	0.0	1.0	0.0
	0.0	0.92	0.0	0.08
	0.32	0.0	0.59	0.09
	0.0	0.0	0.0	1.0
	0.0	0.15	0.85	0.0
	1.0	0.0	0.0	0.0
	0.0	0.0	1.0	0.0
	0.0	1.0	0.0	0.0
	0.0	1.0	0.0	0.0
	1.0	0.0	0.0	0.0
	0.0	1.0	0.0	0.0
	0.0	0.77	0.0	0.23
	0.22	0.0	0.78	0.0
	0.0	0.85	0.0	0.15
	0.06	0.04	0.83	0.07
	0.02	0.91	0.0	0.07
	0.0	0.93	0.0	0.07
	0.0	0.81	0.0	0.19
	0.19	0.0	0.81	0.0
	0.0	0.0	1.0	0.0
	0.0	1.0	0.0	0.0
	0.0	0.93	0.0	0.07

MEME version 4

ALPHABET= ACGT

MOTIF chr4:108511123-108511133

letter-probability matrix: alength= 4 w= 10
	0.0	0.93	0.0	0.07
	0.0	0.07	0.0	0.93
	0.04	0.92	0.04	0.0
	0.04	0.96	0.0	0.0
	0.13	0.29	0.0	0.59
	0.04	0.0	0.57	0.4
	0.0	0.89	0.11	0.0
	0.0	0.96	0.04	0.0
	0.03	0.4	0.0	0.57
	0.07	0.58	0.23	0.12

MEME version 4

ALPHABET= ACGT

MOTIF chr4:108615358-108615383

letter-probability matrix: alength= 4 w= 25
	0.0	0.78	0.0	0.22
	1.0	0.0	0.0	0.0
	0.07	0.0	0.93	0.0
	0.0	0.0	1.0	0.0
	0.0	0.92	0.0	0.08
	0.32	0.0	0.59	0.09
	0.0	0.0	0.0	1.0
	0.0	0.15	0.85	0.0
	1.0	0.0	0.0	0.0
	0.0	0.0	1.0	0.0
	0.0	1.0	0.0	0.0
	0.0	1.0	0.0	0.0
	1.0	0.0	0.0	0.0
	0.0	1.0	0.0	0.0
	0.0	0.77	0.0	0.23
	0.22	0.0	0.78	0.0
	0.0	0.85	0.0	0.15
	0.06	0.04	0.83	0.07
	0.02	0.91	0.0	0.07
	0.0	0.93	0.0	0.07
	0.0	0.81	0.0	0.19
	0.19	0.0	0.81	0.0
	0.0	0.0	1.0	0.0
	0.0	1.0	0.0	0.0
	0.0	0.93	0.0	0.07

MEME version 4

ALPHABET= ACGT

MOTIF chr10:32296963-32296973

letter-probability matrix: alength= 4 w= 10
	0.0	0.93	0.0	0.07
	0.0	0.07	0.0	0.93
	0.04	0.92	0.04	0.0
	0.04	0.96	0.0	0.0
	0.13	0.29	0.0	0.59
	0.04	0.0	0.57	0.4
	0.0	0.89	0.11	0.0
	0.0	0.96	0.04	0.0
	0.03	0.4	0.0	0.57
	0.07	0.58	0.23	0.12

MEME version 4

ALPHABET= ACGT

MOTIF chr10:32355730-32355755

letter-probability matrix: alength= 4 w= 25
	0.0	0.78	0.0	0.22
	1.0	0.0	0.0	0.0
	0.07	0.0	0.93	0.0
	0.0	0.0	1.0	0.0
	0.0	0.92	0.0	0.08
	0.32	0.0	0.59	0.09
	0.0	0.0	0.0	1.0
	0.0	0.15	0.85	0.0
	1.0	0.0	0.0	0.0
	0.0	0.0	1.0	0.0
	0.0	1.0	0.0	0.0
	0.0	1.0	0.0	0.0
	1.0	0.0	0.0	0.0
	0.0	1.0	0.0	0.0
	0.0	0.77	0.0	0.23
	0.22	0.0	0.78	0.0
	0.0	0.85	0.0	0.15
	0.06	0.04	0.83	0.07
	0.02	0.91	0.0	0.07
	0.0	0.93	0.0	0.07
	0.0	0.81	0.0	0.19
	0.19	0.0	0.81	0.0
	0.0	0.0	1.0	0.0
	0.0	1.0	0.0	0.0
	0.0	0.93	0.0	0.07

MEME version 4

ALPHABET= ACGT

MOTIF chr22:50962584-50962594

letter-probability matrix: alength= 4 w= 10
	0.0	0.93	0.0	0.07
	0.0	0.07	0.0	0.93
	0.04	0.92	0.04	0.0
	0.04	0.96	0.0	0.0
	0.13	0.29	0.0	0.59
	0.04	0.0	0.57	0.4
	0.0	0.89	0.11	0.0
	0.0	0.96	0.04	0.0
	0.03	0.4	0.0	0.57
	0.07	0.58	0.23	0.12

MEME version 4

ALPHABET= ACGT

MOTIF chr22:50936212-50936237

letter-probability matrix: alength= 4 w= 25
	0.0	0.78	0.0	0.22
	1.0	0.0	0.0	0.0
	0.07	0.0	0.93	0.0
	0.0	0.0	1.0	0.0
	0.0	0.92	0.0	0.08
	0.32	0.0	0.59	0.09
	0.0	0.0	0.0	1.0
	0.0	0.15	0.85	0.0
	1.0	0.0	0.0	0.0
	0.0	0.0	1.0	0.0
	0.0	1.0	0.0	0.0
	0.0	1.0	0.0	0.0
	1.0	0.0	0.0	0.0
	0.0	1.0	0.0	0.0
	0.0	0.77	0.0	0.23
	0.22	0.0	0.78	0.0
	0.0	0.85	0.0	0.15
	0.06	0.04	0.83	0.07
	0.02	0.91	0.0	0.07
	0.0	0.93	0.0	0.07
	0.0	0.81	0.0	0.19
	0.19	0.0	0.81	0.0
	0.0	0.0	1.0	0.0
	0.0	1.0	0.0	0.0
	0.0	0.93	0.0	0.07

MEME version 4

ALPHABET= ACGT

MOTIF chr17:79634466-79634476

letter-probability matrix: alength= 4 w= 10
	0.0	0.93	0.0	0.07
	0.0	0.07	0.0	0.93
	0.04	0.92	0.04	0.0
	0.04	0.96	0.0	0.0
	0.13	0.29	0.0	0.59
	0.04	0.0	0.57	0.4
	0.0	0.89	0.11	0.0
	0.0	0.96	0.04	0.0
	0.03	0.4	0.0	0.57
	0.07	0.58	0.23	0.12

MEME version 4

ALPHABET= ACGT

MOTIF chr17:79611925-79611950

letter-probability matrix: alength= 4 w= 25
	0.0	0.78	0.0	0.22
	1.0	0.0	0.0	0.0
	0.07	0.0	0.93	0.0
	0.0	0.0	1.0	0.0
	0.0	0.92	0.0	0.08
	0.32	0.0	0.59	0.09
	0.0	0.0	0.0	1.0
	0.0	0.15	0.85	0.0
	1.0	0.0	0.0	0.0
	0.0	0.0	1.0	0.0
	0.0	1.0	0.0	0.0
	0.0	1.0	0.0	0.0
	1.0	0.0	0.0	0.0
	0.0	1.0	0.0	0.0
	0.0	0.77	0.0	0.23
	0.22	0.0	0.78	0.0
	0.0	0.85	0.0	0.15
	0.06	0.04	0.83	0.07
	0.02	0.91	0.0	0.07
	0.0	0.93	0.0	0.07
	0.0	0.81	0.0	0.19
	0.19	0.0	0.81	0.0
	0.0	0.0	1.0	0.0
	0.0	1.0	0.0	0.0
	0.0	0.93	0.0	0.07

MEME version 4

ALPHABET= ACGT

MOTIF chr20:30312758-30312768

letter-probability matrix: alength= 4 w= 10
	0.0	0.93	0.0	0.07
	0.0	0.07	0.0	0.93
	0.04	0.92	0.04	0.0
	0.04	0.96	0.0	0.0
	0.13	0.29	0.0	0.59
	0.04	0.0	0.57	0.4
	0.0	0.89	0.11	0.0
	0.0	0.96	0.04	0.0
	0.03	0.4	0.0	0.57
	0.07	0.58	0.23	0.12

MEME version 4

ALPHABET= ACGT

MOTIF chr20:30326134-30326159

letter-probability matrix: alength= 4 w= 25
	0.0	0.78	0.0	0.22
	1.0	0.0	0.0	0.0
	0.07	0.0	0.93	0.0
	0.0	0.0	1.0	0.0
	0.0	0.92	0.0	0.08
	0.32	0.0	0.59	0.09
	0.0	0.0	0.0	1.0
	0.0	0.15	0.85	0.0
	1.0	0.0	0.0	0.0
	0.0	0.0	1.0	0.0
	0.0	1.0	0.0	0.0
	0.0	1.0	0.0	0.0
	1.0	0.0	0.0	0.0
	0.0	1.0	0.0	0.0
	0.0	0.77	0.0	0.23
	0.22	0.0	0.78	0.0
	0.0	0.85	0.0	0.15
	0.06	0.04	0.83	0.07
	0.02	0.91	0.0	0.07
	0.0	0.93	0.0	0.07
	0.0	0.81	0.0	0.19
	0.19	0.0	0.81	0.0
	0.0	0.0	1.0	0.0
	0.0	1.0	0.0	0.0
	0.0	0.93	0.0	0.07

MEME version 4

ALPHABET= ACGT

MOTIF chr3:138372551-138372561

letter-probability matrix: alength= 4 w= 10
	0.0	0.93	0.0	0.07
	0.0	0.07	0.0	0.93
	0.04	0.92	0.04	0.0
	0.04	0.96	0.0	0.0
	0.13	0.29	0.0	0.59
	0.04	0.0	0.57	0.4
	0.0	0.89	0.11	0.0
	0.0	0.96	0.04	0.0
	0.03	0.4	0.0	0.57
	0.07	0.58	0.23	0.12

MEME version 4

ALPHABET= ACGT

MOTIF chr3:138534148-138534173

letter-probability matrix: alength= 4 w= 25
	0.0	0.78	0.0	0.22
	1.0	0.0	0.0	0.0
	0.07	0.0	0.93	0.0
	0.0	0.0	1.0	0.0
	0.0	0.92	0.0	0.08
	0.32	0.0	0.59	0.09
	0.0	0.0	0.0	1.0
	0.0	0.15	0.85	0.0
	1.0	0.0	0.0	0.0
	0.0	0.0	1.0	0.0
	0.0	1.0	0.0	0.0
	0.0	1.0	0.0	0.0
	1.0	0.0	0.0	0.0
	0.0	1.0	0.0	0.0
	0.0	0.77	0.0	0.23
	0.22	0.0	0.78	0.0
	0.0	0.85	0.0	0.15
	0.06	0.04	0.83	0.07
	0.02	0.91	0.0	0.07
	0.0	0.93	0.0	0.07
	0.0	0.81	0.0	0.19
	0.19	0.0	0.81	0.0
	0.0	0.0	1.0	0.0
	0.0	1.0	0.0	0.0
	0.0	0.93	0.0	0.07

MEME version 4

ALPHABET= ACGT

MOTIF chr1:173577859-173577869

letter-probability matrix: alength= 4 w= 10
	0.0	0.93	0.0	0.07
	0.0	0.07	0.0	0.93
	0.04	0.92	0.04	0.0
	0.04	0.96	0.0	0.0
	0.13	0.29	0.0	0.59
	0.04	0.0	0.57	0.4
	0.0	0.89	0.11	0.0
	0.0	0.96	0.04	0.0
	0.03	0.4	0.0	0.57
	0.07	0.58	0.23	0.12

MEME version 4

ALPHABET= ACGT

MOTIF chr1:173632169-173632194

letter-probability matrix: alength= 4 w= 25
	0.0	0.78	0.0	0.22
	1.0	0.0	0.0	0.0
	0.07	0.0	0.93	0.0
	0.0	0.0	1.0	0.0
	0.0	0.92	0.0	0.08
	0.32	0.0	0.59	0.09
	0.0	0.0	0.0	1.0
	0.0	0.15	0.85	0.0
	1.0	0.0	0.0	0.0
	0.0	0.0	1.0	0.0
	0.0	1.0	0.0	0.0
	0.0	1.0	0.0	0.0
	1.0	0.0	0.0	0.0
	0.0	1.0	0.0	0.0
	0.0	0.77	0.0	0.23
	0.22	0.0	0.78	0.0
	0.0	0.85	0.0	0.15
	0.06	0.04	0.83	0.07
	0.02	0.91	0.0	0.07
	0.0	0.93	0.0	0.07
	0.0	0.81	0.0	0.19
	0.19	0.0	0.81	0.0
	0.0	0.0	1.0	0.0
	0.0	1.0	0.0	0.0
	0.0	0.93	0.0	0.07

MEME version 4

ALPHABET= ACGT

MOTIF chr19:55682338-55682348

letter-probability matrix: alength= 4 w= 10
	0.0	0.93	0.0	0.07
	0.0	0.07	0.0	0.93
	0.04	0.92	0.04	0.0
	0.04	0.96	0.0	0.0
	0.13	0.29	0.0	0.59
	0.04	0.0	0.57	0.4
	0.0	0.89	0.11	0.0
	0.0	0.96	0.04	0.0
	0.03	0.4	0.0	0.57
	0.07	0.58	0.23	0.12

MEME version 4

ALPHABET= ACGT

MOTIF chr19:55696638-55696663

letter-probability matrix: alength= 4 w= 25
	0.0	0.78	0.0	0.22
	1.0	0.0	0.0	0.0
	0.07	0.0	0.93	0.0
	0.0	0.0	1.0	0.0
	0.0	0.92	0.0	0.08
	0.32	0.0	0.59	0.09
	0.0	0.0	0.0	1.0
	0.0	0.15	0.85	0.0
	1.0	0.0	0.0	0.0
	0.0	0.0	1.0	0.0
	0.0	1.0	0.0	0.0
	0.0	1.0	0.0	0.0
	1.0	0.0	0.0	0.0
	0.0	1.0	0.0	0.0
	0.0	0.77	0.0	0.23
	0.22	0.0	0.78	0.0
	0.0	0.85	0.0	0.15
	0.06	0.04	0.83	0.07
	0.02	0.91	0.0	0.07
	0.0	0.93	0.0	0.07
	0.0	0.81	0.0	0.19
	0.19	0.0	0.81	0.0
	0.0	0.0	1.0	0.0
	0.0	1.0	0.0	0.0
	0.0	0.93	0.0	0.07

MEME version 4

ALPHABET= ACGT

MOTIF chr17:79631291-79631301

letter-probability matrix: alength= 4 w= 10
	0.0	0.93	0.0	0.07
	0.0	0.07	0.0	0.93
	0.04	0.92	0.04	0.0
	0.04	0.96	0.0	0.0
	0.13	0.29	0.0	0.59
	0.04	0.0	0.57	0.4
	0.0	0.89	0.11	0.0
	0.0	0.96	0.04	0.0
	0.03	0.4	0.0	0.57
	0.07	0.58	0.23	0.12

MEME version 4

ALPHABET= ACGT

MOTIF chr17:79611925-79611950

letter-probability matrix: alength= 4 w= 25
	0.0	0.78	0.0	0.22
	1.0	0.0	0.0	0.0
	0.07	0.0	0.93	0.0
	0.0	0.0	1.0	0.0
	0.0	0.92	0.0	0.08
	0.32	0.0	0.59	0.09
	0.0	0.0	0.0	1.0
	0.0	0.15	0.85	0.0
	1.0	0.0	0.0	0.0
	0.0	0.0	1.0	0.0
	0.0	1.0	0.0	0.0
	0.0	1.0	0.0	0.0
	1.0	0.0	0.0	0.0
	0.0	1.0	0.0	0.0
	0.0	0.77	0.0	0.23
	0.22	0.0	0.78	0.0
	0.0	0.85	0.0	0.15
	0.06	0.04	0.83	0.07
	0.02	0.91	0.0	0.07
	0.0	0.93	0.0	0.07
	0.0	0.81	0.0	0.19
	0.19	0.0	0.81	0.0
	0.0	0.0	1.0	0.0
	0.0	1.0	0.0	0.0
	0.0	0.93	0.0	0.07

MEME version 4

ALPHABET= ACGT

MOTIF chr1:29190741-29190751

letter-probability matrix: alength= 4 w= 10
	0.0	0.93	0.0	0.07
	0.0	0.07	0.0	0.93
	0.04	0.92	0.04	0.0
	0.04	0.96	0.0	0.0
	0.13	0.29	0.0	0.59
	0.04	0.0	0.57	0.4
	0.0	0.89	0.11	0.0
	0.0	0.96	0.04	0.0
	0.03	0.4	0.0	0.57
	0.07	0.58	0.23	0.12

MEME version 4

ALPHABET= ACGT

MOTIF chr1:29112838-29112863

letter-probability matrix: alength= 4 w= 25
	0.0	0.78	0.0	0.22
	1.0	0.0	0.0	0.0
	0.07	0.0	0.93	0.0
	0.0	0.0	1.0	0.0
	0.0	0.92	0.0	0.08
	0.32	0.0	0.59	0.09
	0.0	0.0	0.0	1.0
	0.0	0.15	0.85	0.0
	1.0	0.0	0.0	0.0
	0.0	0.0	1.0	0.0
	0.0	1.0	0.0	0.0
	0.0	1.0	0.0	0.0
	1.0	0.0	0.0	0.0
	0.0	1.0	0.0	0.0
	0.0	0.77	0.0	0.23
	0.22	0.0	0.78	0.0
	0.0	0.85	0.0	0.15
	0.06	0.04	0.83	0.07
	0.02	0.91	0.0	0.07
	0.0	0.93	0.0	0.07
	0.0	0.81	0.0	0.19
	0.19	0.0	0.81	0.0
	0.0	0.0	1.0	0.0
	0.0	1.0	0.0	0.0
	0.0	0.93	0.0	0.07

MEME version 4

ALPHABET= ACGT

MOTIF chr19:41859662-41859672

letter-probability matrix: alength= 4 w= 10
	0.0	0.93	0.0	0.07
	0.0	0.07	0.0	0.93
	0.04	0.92	0.04	0.0
	0.04	0.96	0.0	0.0
	0.13	0.29	0.0	0.59
	0.04	0.0	0.57	0.4
	0.0	0.89	0.11	0.0
	0.0	0.96	0.04	0.0
	0.03	0.4	0.0	0.57
	0.07	0.58	0.23	0.12

MEME version 4

ALPHABET= ACGT

MOTIF chr19:41902391-41902416

letter-probability matrix: alength= 4 w= 25
	0.0	0.78	0.0	0.22
	1.0	0.0	0.0	0.0
	0.07	0.0	0.93	0.0
	0.0	0.0	1.0	0.0
	0.0	0.92	0.0	0.08
	0.32	0.0	0.59	0.09
	0.0	0.0	0.0	1.0
	0.0	0.15	0.85	0.0
	1.0	0.0	0.0	0.0
	0.0	0.0	1.0	0.0
	0.0	1.0	0.0	0.0
	0.0	1.0	0.0	0.0
	1.0	0.0	0.0	0.0
	0.0	1.0	0.0	0.0
	0.0	0.77	0.0	0.23
	0.22	0.0	0.78	0.0
	0.0	0.85	0.0	0.15
	0.06	0.04	0.83	0.07
	0.02	0.91	0.0	0.07
	0.0	0.93	0.0	0.07
	0.0	0.81	0.0	0.19
	0.19	0.0	0.81	0.0
	0.0	0.0	1.0	0.0
	0.0	1.0	0.0	0.0
	0.0	0.93	0.0	0.07

MEME version 4

ALPHABET= ACGT

MOTIF chr7:5084840-5084850

letter-probability matrix: alength= 4 w= 10
	0.0	0.93	0.0	0.07
	0.0	0.07	0.0	0.93
	0.04	0.92	0.04	0.0
	0.04	0.96	0.0	0.0
	0.13	0.29	0.0	0.59
	0.04	0.0	0.57	0.4
	0.0	0.89	0.11	0.0
	0.0	0.96	0.04	0.0
	0.03	0.4	0.0	0.57
	0.07	0.58	0.23	0.12

MEME version 4

ALPHABET= ACGT

MOTIF chr7:5080065-5080090

letter-probability matrix: alength= 4 w= 25
	0.0	0.78	0.0	0.22
	1.0	0.0	0.0	0.0
	0.07	0.0	0.93	0.0
	0.0	0.0	1.0	0.0
	0.0	0.92	0.0	0.08
	0.32	0.0	0.59	0.09
	0.0	0.0	0.0	1.0
	0.0	0.15	0.85	0.0
	1.0	0.0	0.0	0.0
	0.0	0.0	1.0	0.0
	0.0	1.0	0.0	0.0
	0.0	1.0	0.0	0.0
	1.0	0.0	0.0	0.0
	0.0	1.0	0.0	0.0
	0.0	0.77	0.0	0.23
	0.22	0.0	0.78	0.0
	0.0	0.85	0.0	0.15
	0.06	0.04	0.83	0.07
	0.02	0.91	0.0	0.07
	0.0	0.93	0.0	0.07
	0.0	0.81	0.0	0.19
	0.19	0.0	0.81	0.0
	0.0	0.0	1.0	0.0
	0.0	1.0	0.0	0.0
	0.0	0.93	0.0	0.07

MEME version 4

ALPHABET= ACGT

MOTIF chr12:58176856-58176866

letter-probability matrix: alength= 4 w= 10
	0.0	0.93	0.0	0.07
	0.0	0.07	0.0	0.93
	0.04	0.92	0.04	0.0
	0.04	0.96	0.0	0.0
	0.13	0.29	0.0	0.59
	0.04	0.0	0.57	0.4
	0.0	0.89	0.11	0.0
	0.0	0.96	0.04	0.0
	0.03	0.4	0.0	0.57
	0.07	0.58	0.23	0.12

MEME version 4

ALPHABET= ACGT

MOTIF chr12:58150960-58150985

letter-probability matrix: alength= 4 w= 25
	0.0	0.78	0.0	0.22
	1.0	0.0	0.0	0.0
	0.07	0.0	0.93	0.0
	0.0	0.0	1.0	0.0
	0.0	0.92	0.0	0.08
	0.32	0.0	0.59	0.09
	0.0	0.0	0.0	1.0
	0.0	0.15	0.85	0.0
	1.0	0.0	0.0	0.0
	0.0	0.0	1.0	0.0
	0.0	1.0	0.0	0.0
	0.0	1.0	0.0	0.0
	1.0	0.0	0.0	0.0
	0.0	1.0	0.0	0.0
	0.0	0.77	0.0	0.23
	0.22	0.0	0.78	0.0
	0.0	0.85	0.0	0.15
	0.06	0.04	0.83	0.07
	0.02	0.91	0.0	0.07
	0.0	0.93	0.0	0.07
	0.0	0.81	0.0	0.19
	0.19	0.0	0.81	0.0
	0.0	0.0	1.0	0.0
	0.0	1.0	0.0	0.0
	0.0	0.93	0.0	0.07

MEME version 4

ALPHABET= ACGT

MOTIF chr2:209130865-209130875

letter-probability matrix: alength= 4 w= 10
	0.0	0.93	0.0	0.07
	0.0	0.07	0.0	0.93
	0.04	0.92	0.04	0.0
	0.04	0.96	0.0	0.0
	0.13	0.29	0.0	0.59
	0.04	0.0	0.57	0.4
	0.0	0.89	0.11	0.0
	0.0	0.96	0.04	0.0
	0.03	0.4	0.0	0.57
	0.07	0.58	0.23	0.12

MEME version 4

ALPHABET= ACGT

MOTIF chr2:209150095-209150120

letter-probability matrix: alength= 4 w= 25
	0.0	0.78	0.0	0.22
	1.0	0.0	0.0	0.0
	0.07	0.0	0.93	0.0
	0.0	0.0	1.0	0.0
	0.0	0.92	0.0	0.08
	0.32	0.0	0.59	0.09
	0.0	0.0	0.0	1.0
	0.0	0.15	0.85	0.0
	1.0	0.0	0.0	0.0
	0.0	0.0	1.0	0.0
	0.0	1.0	0.0	0.0
	0.0	1.0	0.0	0.0
	1.0	0.0	0.0	0.0
	0.0	1.0	0.0	0.0
	0.0	0.77	0.0	0.23
	0.22	0.0	0.78	0.0
	0.0	0.85	0.0	0.15
	0.06	0.04	0.83	0.07
	0.02	0.91	0.0	0.07
	0.0	0.93	0.0	0.07
	0.0	0.81	0.0	0.19
	0.19	0.0	0.81	0.0
	0.0	0.0	1.0	0.0
	0.0	1.0	0.0	0.0
	0.0	0.93	0.0	0.07

MEME version 4

ALPHABET= ACGT

MOTIF chr19:36360399-36360409

letter-probability matrix: alength= 4 w= 10
	0.0	0.93	0.0	0.07
	0.0	0.07	0.0	0.93
	0.04	0.92	0.04	0.0
	0.04	0.96	0.0	0.0
	0.13	0.29	0.0	0.59
	0.04	0.0	0.57	0.4
	0.0	0.89	0.11	0.0
	0.0	0.96	0.04	0.0
	0.03	0.4	0.0	0.57
	0.07	0.58	0.23	0.12

MEME version 4

ALPHABET= ACGT

MOTIF chr19:36371047-36371072

letter-probability matrix: alength= 4 w= 25
	0.0	0.78	0.0	0.22
	1.0	0.0	0.0	0.0
	0.07	0.0	0.93	0.0
	0.0	0.0	1.0	0.0
	0.0	0.92	0.0	0.08
	0.32	0.0	0.59	0.09
	0.0	0.0	0.0	1.0
	0.0	0.15	0.85	0.0
	1.0	0.0	0.0	0.0
	0.0	0.0	1.0	0.0
	0.0	1.0	0.0	0.0
	0.0	1.0	0.0	0.0
	1.0	0.0	0.0	0.0
	0.0	1.0	0.0	0.0
	0.0	0.77	0.0	0.23
	0.22	0.0	0.78	0.0
	0.0	0.85	0.0	0.15
	0.06	0.04	0.83	0.07
	0.02	0.91	0.0	0.07
	0.0	0.93	0.0	0.07
	0.0	0.81	0.0	0.19
	0.19	0.0	0.81	0.0
	0.0	0.0	1.0	0.0
	0.0	1.0	0.0	0.0
	0.0	0.93	0.0	0.07

MEME version 4

ALPHABET= ACGT

MOTIF chr2:68685784-68685794

letter-probability matrix: alength= 4 w= 10
	0.0	0.93	0.0	0.07
	0.0	0.07	0.0	0.93
	0.04	0.92	0.04	0.0
	0.04	0.96	0.0	0.0
	0.13	0.29	0.0	0.59
	0.04	0.0	0.57	0.4
	0.0	0.89	0.11	0.0
	0.0	0.96	0.04	0.0
	0.03	0.4	0.0	0.57
	0.07	0.58	0.23	0.12

MEME version 4

ALPHABET= ACGT

MOTIF chr2:68715737-68715762

letter-probability matrix: alength= 4 w= 25
	0.0	0.78	0.0	0.22
	1.0	0.0	0.0	0.0
	0.07	0.0	0.93	0.0
	0.0	0.0	1.0	0.0
	0.0	0.92	0.0	0.08
	0.32	0.0	0.59	0.09
	0.0	0.0	0.0	1.0
	0.0	0.15	0.85	0.0
	1.0	0.0	0.0	0.0
	0.0	0.0	1.0	0.0
	0.0	1.0	0.0	0.0
	0.0	1.0	0.0	0.0
	1.0	0.0	0.0	0.0
	0.0	1.0	0.0	0.0
	0.0	0.77	0.0	0.23
	0.22	0.0	0.78	0.0
	0.0	0.85	0.0	0.15
	0.06	0.04	0.83	0.07
	0.02	0.91	0.0	0.07
	0.0	0.93	0.0	0.07
	0.0	0.81	0.0	0.19
	0.19	0.0	0.81	0.0
	0.0	0.0	1.0	0.0
	0.0	1.0	0.0	0.0
	0.0	0.93	0.0	0.07

MEME version 4

ALPHABET= ACGT

MOTIF chr12:105563428-105563438

letter-probability matrix: alength= 4 w= 10
	0.0	0.93	0.0	0.07
	0.0	0.07	0.0	0.93
	0.04	0.92	0.04	0.0
	0.04	0.96	0.0	0.0
	0.13	0.29	0.0	0.59
	0.04	0.0	0.57	0.4
	0.0	0.89	0.11	0.0
	0.0	0.96	0.04	0.0
	0.03	0.4	0.0	0.57
	0.07	0.58	0.23	0.12

MEME version 4

ALPHABET= ACGT

MOTIF chr12:105494539-105494564

letter-probability matrix: alength= 4 w= 25
	0.0	0.78	0.0	0.22
	1.0	0.0	0.0	0.0
	0.07	0.0	0.93	0.0
	0.0	0.0	1.0	0.0
	0.0	0.92	0.0	0.08
	0.32	0.0	0.59	0.09
	0.0	0.0	0.0	1.0
	0.0	0.15	0.85	0.0
	1.0	0.0	0.0	0.0
	0.0	0.0	1.0	0.0
	0.0	1.0	0.0	0.0
	0.0	1.0	0.0	0.0
	1.0	0.0	0.0	0.0
	0.0	1.0	0.0	0.0
	0.0	0.77	0.0	0.23
	0.22	0.0	0.78	0.0
	0.0	0.85	0.0	0.15
	0.06	0.04	0.83	0.07
	0.02	0.91	0.0	0.07
	0.0	0.93	0.0	0.07
	0.0	0.81	0.0	0.19
	0.19	0.0	0.81	0.0
	0.0	0.0	1.0	0.0
	0.0	1.0	0.0	0.0
	0.0	0.93	0.0	0.07

MEME version 4

ALPHABET= ACGT

MOTIF chr3:15467990-15468000

letter-probability matrix: alength= 4 w= 10
	0.0	0.93	0.0	0.07
	0.0	0.07	0.0	0.93
	0.04	0.92	0.04	0.0
	0.04	0.96	0.0	0.0
	0.13	0.29	0.0	0.59
	0.04	0.0	0.57	0.4
	0.0	0.89	0.11	0.0
	0.0	0.96	0.04	0.0
	0.03	0.4	0.0	0.57
	0.07	0.58	0.23	0.12

MEME version 4

ALPHABET= ACGT

MOTIF chr3:15500627-15500652

letter-probability matrix: alength= 4 w= 25
	0.0	0.78	0.0	0.22
	1.0	0.0	0.0	0.0
	0.07	0.0	0.93	0.0
	0.0	0.0	1.0	0.0
	0.0	0.92	0.0	0.08
	0.32	0.0	0.59	0.09
	0.0	0.0	0.0	1.0
	0.0	0.15	0.85	0.0
	1.0	0.0	0.0	0.0
	0.0	0.0	1.0	0.0
	0.0	1.0	0.0	0.0
	0.0	1.0	0.0	0.0
	1.0	0.0	0.0	0.0
	0.0	1.0	0.0	0.0
	0.0	0.77	0.0	0.23
	0.22	0.0	0.78	0.0
	0.0	0.85	0.0	0.15
	0.06	0.04	0.83	0.07
	0.02	0.91	0.0	0.07
	0.0	0.93	0.0	0.07
	0.0	0.81	0.0	0.19
	0.19	0.0	0.81	0.0
	0.0	0.0	1.0	0.0
	0.0	1.0	0.0	0.0
	0.0	0.93	0.0	0.07

MEME version 4

ALPHABET= ACGT

MOTIF chr4:103790369-103790379

letter-probability matrix: alength= 4 w= 10
	0.0	0.93	0.0	0.07
	0.0	0.07	0.0	0.93
	0.04	0.92	0.04	0.0
	0.04	0.96	0.0	0.0
	0.13	0.29	0.0	0.59
	0.04	0.0	0.57	0.4
	0.0	0.89	0.11	0.0
	0.0	0.96	0.04	0.0
	0.03	0.4	0.0	0.57
	0.07	0.58	0.23	0.12

MEME version 4

ALPHABET= ACGT

MOTIF chr4:103776384-103776409

letter-probability matrix: alength= 4 w= 25
	0.0	0.78	0.0	0.22
	1.0	0.0	0.0	0.0
	0.07	0.0	0.93	0.0
	0.0	0.0	1.0	0.0
	0.0	0.92	0.0	0.08
	0.32	0.0	0.59	0.09
	0.0	0.0	0.0	1.0
	0.0	0.15	0.85	0.0
	1.0	0.0	0.0	0.0
	0.0	0.0	1.0	0.0
	0.0	1.0	0.0	0.0
	0.0	1.0	0.0	0.0
	1.0	0.0	0.0	0.0
	0.0	1.0	0.0	0.0
	0.0	0.77	0.0	0.23
	0.22	0.0	0.78	0.0
	0.0	0.85	0.0	0.15
	0.06	0.04	0.83	0.07
	0.02	0.91	0.0	0.07
	0.0	0.93	0.0	0.07
	0.0	0.81	0.0	0.19
	0.19	0.0	0.81	0.0
	0.0	0.0	1.0	0.0
	0.0	1.0	0.0	0.0
	0.0	0.93	0.0	0.07

MEME version 4

ALPHABET= ACGT

MOTIF chr16:20816807-20816817

letter-probability matrix: alength= 4 w= 10
	0.0	0.93	0.0	0.07
	0.0	0.07	0.0	0.93
	0.04	0.92	0.04	0.0
	0.04	0.96	0.0	0.0
	0.13	0.29	0.0	0.59
	0.04	0.0	0.57	0.4
	0.0	0.89	0.11	0.0
	0.0	0.96	0.04	0.0
	0.03	0.4	0.0	0.57
	0.07	0.58	0.23	0.12

MEME version 4

ALPHABET= ACGT

MOTIF chr16:20849365-20849390

letter-probability matrix: alength= 4 w= 25
	0.0	0.78	0.0	0.22
	1.0	0.0	0.0	0.0
	0.07	0.0	0.93	0.0
	0.0	0.0	1.0	0.0
	0.0	0.92	0.0	0.08
	0.32	0.0	0.59	0.09
	0.0	0.0	0.0	1.0
	0.0	0.15	0.85	0.0
	1.0	0.0	0.0	0.0
	0.0	0.0	1.0	0.0
	0.0	1.0	0.0	0.0
	0.0	1.0	0.0	0.0
	1.0	0.0	0.0	0.0
	0.0	1.0	0.0	0.0
	0.0	0.77	0.0	0.23
	0.22	0.0	0.78	0.0
	0.0	0.85	0.0	0.15
	0.06	0.04	0.83	0.07
	0.02	0.91	0.0	0.07
	0.0	0.93	0.0	0.07
	0.0	0.81	0.0	0.19
	0.19	0.0	0.81	0.0
	0.0	0.0	1.0	0.0
	0.0	1.0	0.0	0.0
	0.0	0.93	0.0	0.07

MEME version 4

ALPHABET= ACGT

MOTIF chr16:67243563-67243573

letter-probability matrix: alength= 4 w= 10
	0.0	0.93	0.0	0.07
	0.0	0.07	0.0	0.93
	0.04	0.92	0.04	0.0
	0.04	0.96	0.0	0.0
	0.13	0.29	0.0	0.59
	0.04	0.0	0.57	0.4
	0.0	0.89	0.11	0.0
	0.0	0.96	0.04	0.0
	0.03	0.4	0.0	0.57
	0.07	0.58	0.23	0.12

MEME version 4

ALPHABET= ACGT

MOTIF chr16:67254331-67254356

letter-probability matrix: alength= 4 w= 25
	0.0	0.78	0.0	0.22
	1.0	0.0	0.0	0.0
	0.07	0.0	0.93	0.0
	0.0	0.0	1.0	0.0
	0.0	0.92	0.0	0.08
	0.32	0.0	0.59	0.09
	0.0	0.0	0.0	1.0
	0.0	0.15	0.85	0.0
	1.0	0.0	0.0	0.0
	0.0	0.0	1.0	0.0
	0.0	1.0	0.0	0.0
	0.0	1.0	0.0	0.0
	1.0	0.0	0.0	0.0
	0.0	1.0	0.0	0.0
	0.0	0.77	0.0	0.23
	0.22	0.0	0.78	0.0
	0.0	0.85	0.0	0.15
	0.06	0.04	0.83	0.07
	0.02	0.91	0.0	0.07
	0.0	0.93	0.0	0.07
	0.0	0.81	0.0	0.19
	0.19	0.0	0.81	0.0
	0.0	0.0	1.0	0.0
	0.0	1.0	0.0	0.0
	0.0	0.93	0.0	0.07

MEME version 4

ALPHABET= ACGT

MOTIF chr4:103789338-103789348

letter-probability matrix: alength= 4 w= 10
	0.0	0.93	0.0	0.07
	0.0	0.07	0.0	0.93
	0.04	0.92	0.04	0.0
	0.04	0.96	0.0	0.0
	0.13	0.29	0.0	0.59
	0.04	0.0	0.57	0.4
	0.0	0.89	0.11	0.0
	0.0	0.96	0.04	0.0
	0.03	0.4	0.0	0.57
	0.07	0.58	0.23	0.12

MEME version 4

ALPHABET= ACGT

MOTIF chr4:103776384-103776409

letter-probability matrix: alength= 4 w= 25
	0.0	0.78	0.0	0.22
	1.0	0.0	0.0	0.0
	0.07	0.0	0.93	0.0
	0.0	0.0	1.0	0.0
	0.0	0.92	0.0	0.08
	0.32	0.0	0.59	0.09
	0.0	0.0	0.0	1.0
	0.0	0.15	0.85	0.0
	1.0	0.0	0.0	0.0
	0.0	0.0	1.0	0.0
	0.0	1.0	0.0	0.0
	0.0	1.0	0.0	0.0
	1.0	0.0	0.0	0.0
	0.0	1.0	0.0	0.0
	0.0	0.77	0.0	0.23
	0.22	0.0	0.78	0.0
	0.0	0.85	0.0	0.15
	0.06	0.04	0.83	0.07
	0.02	0.91	0.0	0.07
	0.0	0.93	0.0	0.07
	0.0	0.81	0.0	0.19
	0.19	0.0	0.81	0.0
	0.0	0.0	1.0	0.0
	0.0	1.0	0.0	0.0
	0.0	0.93	0.0	0.07

MEME version 4

ALPHABET= ACGT

MOTIF chr17:56770252-56770262

letter-probability matrix: alength= 4 w= 10
	0.0	0.93	0.0	0.07
	0.0	0.07	0.0	0.93
	0.04	0.92	0.04	0.0
	0.04	0.96	0.0	0.0
	0.13	0.29	0.0	0.59
	0.04	0.0	0.57	0.4
	0.0	0.89	0.11	0.0
	0.0	0.96	0.04	0.0
	0.03	0.4	0.0	0.57
	0.07	0.58	0.23	0.12

MEME version 4

ALPHABET= ACGT

MOTIF chr17:56774495-56774520

letter-probability matrix: alength= 4 w= 25
	0.0	0.78	0.0	0.22
	1.0	0.0	0.0	0.0
	0.07	0.0	0.93	0.0
	0.0	0.0	1.0	0.0
	0.0	0.92	0.0	0.08
	0.32	0.0	0.59	0.09
	0.0	0.0	0.0	1.0
	0.0	0.15	0.85	0.0
	1.0	0.0	0.0	0.0
	0.0	0.0	1.0	0.0
	0.0	1.0	0.0	0.0
	0.0	1.0	0.0	0.0
	1.0	0.0	0.0	0.0
	0.0	1.0	0.0	0.0
	0.0	0.77	0.0	0.23
	0.22	0.0	0.78	0.0
	0.0	0.85	0.0	0.15
	0.06	0.04	0.83	0.07
	0.02	0.91	0.0	0.07
	0.0	0.93	0.0	0.07
	0.0	0.81	0.0	0.19
	0.19	0.0	0.81	0.0
	0.0	0.0	1.0	0.0
	0.0	1.0	0.0	0.0
	0.0	0.93	0.0	0.07

