MEME version 4

ALPHABET= ACGT

MOTIF chr2:69665259-69665269

letter-probability matrix: alength= 4 w= 10
	1.0	0.0	0.0	0.0
	1.0	0.0	0.0	0.0
	1.0	0.0	0.0	0.0
	1.0	0.0	0.0	0.0
	1.0	0.0	0.0	0.0
	0.17	0.0	0.33	0.5
	0.83	0.0	0.0	0.17
	0.83	0.17	0.0	0.0
	0.17	0.0	0.0	0.83
	0.0	0.0	0.17	0.83

MEME version 4

ALPHABET= ACGT

MOTIF chr2:69684448-69684473

letter-probability matrix: alength= 4 w= 25
	0.0	0.0	1.0	0.0
	0.0	1.0	0.0	0.0
	0.0	0.33	0.67	0.0
	0.67	0.0	0.0	0.33
	0.0	0.0	0.0	1.0
	0.0	1.0	0.0	0.0
	0.67	0.0	0.0	0.33
	0.0	1.0	0.0	0.0
	1.0	0.0	0.0	0.0
	0.0	0.0	1.0	0.0
	0.0	1.0	0.0	0.0
	0.0	0.0	0.0	1.0
	0.0	1.0	0.0	0.0
	0.67	0.0	0.0	0.33
	0.0	1.0	0.0	0.0
	0.0	0.33	0.67	0.0
	0.33	0.0	0.67	0.0
	0.0	1.0	0.0	0.0
	0.67	0.33	0.0	0.0
	0.0	0.33	0.67	0.0
	0.0	1.0	0.0	0.0
	0.0	1.0	0.0	0.0
	1.0	0.0	0.0	0.0
	0.0	1.0	0.0	0.0
	0.0	0.33	0.67	0.0

MEME version 4

ALPHABET= ACGT

MOTIF chr7:66461207-66461217

letter-probability matrix: alength= 4 w= 10
	1.0	0.0	0.0	0.0
	1.0	0.0	0.0	0.0
	1.0	0.0	0.0	0.0
	1.0	0.0	0.0	0.0
	1.0	0.0	0.0	0.0
	0.17	0.0	0.33	0.5
	0.83	0.0	0.0	0.17
	0.83	0.17	0.0	0.0
	0.17	0.0	0.0	0.83
	0.0	0.0	0.17	0.83

MEME version 4

ALPHABET= ACGT

MOTIF chr7:66429224-66429249

letter-probability matrix: alength= 4 w= 25
	0.0	0.0	1.0	0.0
	0.0	1.0	0.0	0.0
	0.0	0.33	0.67	0.0
	0.67	0.0	0.0	0.33
	0.0	0.0	0.0	1.0
	0.0	1.0	0.0	0.0
	0.67	0.0	0.0	0.33
	0.0	1.0	0.0	0.0
	1.0	0.0	0.0	0.0
	0.0	0.0	1.0	0.0
	0.0	1.0	0.0	0.0
	0.0	0.0	0.0	1.0
	0.0	1.0	0.0	0.0
	0.67	0.0	0.0	0.33
	0.0	1.0	0.0	0.0
	0.0	0.33	0.67	0.0
	0.33	0.0	0.67	0.0
	0.0	1.0	0.0	0.0
	0.67	0.33	0.0	0.0
	0.0	0.33	0.67	0.0
	0.0	1.0	0.0	0.0
	0.0	1.0	0.0	0.0
	1.0	0.0	0.0	0.0
	0.0	1.0	0.0	0.0
	0.0	0.33	0.67	0.0

MEME version 4

ALPHABET= ACGT

MOTIF chr17:59942145-59942155

letter-probability matrix: alength= 4 w= 10
	1.0	0.0	0.0	0.0
	1.0	0.0	0.0	0.0
	1.0	0.0	0.0	0.0
	1.0	0.0	0.0	0.0
	1.0	0.0	0.0	0.0
	0.17	0.0	0.33	0.5
	0.83	0.0	0.0	0.17
	0.83	0.17	0.0	0.0
	0.17	0.0	0.0	0.83
	0.0	0.0	0.17	0.83

MEME version 4

ALPHABET= ACGT

MOTIF chr17:60018419-60018444

letter-probability matrix: alength= 4 w= 25
	0.0	0.0	1.0	0.0
	0.0	1.0	0.0	0.0
	0.0	0.33	0.67	0.0
	0.67	0.0	0.0	0.33
	0.0	0.0	0.0	1.0
	0.0	1.0	0.0	0.0
	0.67	0.0	0.0	0.33
	0.0	1.0	0.0	0.0
	1.0	0.0	0.0	0.0
	0.0	0.0	1.0	0.0
	0.0	1.0	0.0	0.0
	0.0	0.0	0.0	1.0
	0.0	1.0	0.0	0.0
	0.67	0.0	0.0	0.33
	0.0	1.0	0.0	0.0
	0.0	0.33	0.67	0.0
	0.33	0.0	0.67	0.0
	0.0	1.0	0.0	0.0
	0.67	0.33	0.0	0.0
	0.0	0.33	0.67	0.0
	0.0	1.0	0.0	0.0
	0.0	1.0	0.0	0.0
	1.0	0.0	0.0	0.0
	0.0	1.0	0.0	0.0
	0.0	0.33	0.67	0.0

MEME version 4

ALPHABET= ACGT

MOTIF chr14:24611919-24611929

letter-probability matrix: alength= 4 w= 10
	1.0	0.0	0.0	0.0
	1.0	0.0	0.0	0.0
	1.0	0.0	0.0	0.0
	1.0	0.0	0.0	0.0
	1.0	0.0	0.0	0.0
	0.17	0.0	0.33	0.5
	0.83	0.0	0.0	0.17
	0.83	0.17	0.0	0.0
	0.17	0.0	0.0	0.83
	0.0	0.0	0.17	0.83

MEME version 4

ALPHABET= ACGT

MOTIF chr14:24628910-24628935

letter-probability matrix: alength= 4 w= 25
	0.0	0.0	1.0	0.0
	0.0	1.0	0.0	0.0
	0.0	0.33	0.67	0.0
	0.67	0.0	0.0	0.33
	0.0	0.0	0.0	1.0
	0.0	1.0	0.0	0.0
	0.67	0.0	0.0	0.33
	0.0	1.0	0.0	0.0
	1.0	0.0	0.0	0.0
	0.0	0.0	1.0	0.0
	0.0	1.0	0.0	0.0
	0.0	0.0	0.0	1.0
	0.0	1.0	0.0	0.0
	0.67	0.0	0.0	0.33
	0.0	1.0	0.0	0.0
	0.0	0.33	0.67	0.0
	0.33	0.0	0.67	0.0
	0.0	1.0	0.0	0.0
	0.67	0.33	0.0	0.0
	0.0	0.33	0.67	0.0
	0.0	1.0	0.0	0.0
	0.0	1.0	0.0	0.0
	1.0	0.0	0.0	0.0
	0.0	1.0	0.0	0.0
	0.0	0.33	0.67	0.0

MEME version 4

ALPHABET= ACGT

MOTIF chr2:209130470-209130480

letter-probability matrix: alength= 4 w= 10
	1.0	0.0	0.0	0.0
	1.0	0.0	0.0	0.0
	1.0	0.0	0.0	0.0
	1.0	0.0	0.0	0.0
	1.0	0.0	0.0	0.0
	0.17	0.0	0.33	0.5
	0.83	0.0	0.0	0.17
	0.83	0.17	0.0	0.0
	0.17	0.0	0.0	0.83
	0.0	0.0	0.17	0.83

MEME version 4

ALPHABET= ACGT

MOTIF chr2:209149882-209149907

letter-probability matrix: alength= 4 w= 25
	0.0	0.0	1.0	0.0
	0.0	1.0	0.0	0.0
	0.0	0.33	0.67	0.0
	0.67	0.0	0.0	0.33
	0.0	0.0	0.0	1.0
	0.0	1.0	0.0	0.0
	0.67	0.0	0.0	0.33
	0.0	1.0	0.0	0.0
	1.0	0.0	0.0	0.0
	0.0	0.0	1.0	0.0
	0.0	1.0	0.0	0.0
	0.0	0.0	0.0	1.0
	0.0	1.0	0.0	0.0
	0.67	0.0	0.0	0.33
	0.0	1.0	0.0	0.0
	0.0	0.33	0.67	0.0
	0.33	0.0	0.67	0.0
	0.0	1.0	0.0	0.0
	0.67	0.33	0.0	0.0
	0.0	0.33	0.67	0.0
	0.0	1.0	0.0	0.0
	0.0	1.0	0.0	0.0
	1.0	0.0	0.0	0.0
	0.0	1.0	0.0	0.0
	0.0	0.33	0.67	0.0

MEME version 4

ALPHABET= ACGT

MOTIF chr15:64656515-64656525

letter-probability matrix: alength= 4 w= 10
	1.0	0.0	0.0	0.0
	1.0	0.0	0.0	0.0
	1.0	0.0	0.0	0.0
	1.0	0.0	0.0	0.0
	1.0	0.0	0.0	0.0
	0.17	0.0	0.33	0.5
	0.83	0.0	0.0	0.17
	0.83	0.17	0.0	0.0
	0.17	0.0	0.0	0.83
	0.0	0.0	0.17	0.83

MEME version 4

ALPHABET= ACGT

MOTIF chr15:64697416-64697441

letter-probability matrix: alength= 4 w= 25
	0.0	0.0	1.0	0.0
	0.0	1.0	0.0	0.0
	0.0	0.33	0.67	0.0
	0.67	0.0	0.0	0.33
	0.0	0.0	0.0	1.0
	0.0	1.0	0.0	0.0
	0.67	0.0	0.0	0.33
	0.0	1.0	0.0	0.0
	1.0	0.0	0.0	0.0
	0.0	0.0	1.0	0.0
	0.0	1.0	0.0	0.0
	0.0	0.0	0.0	1.0
	0.0	1.0	0.0	0.0
	0.67	0.0	0.0	0.33
	0.0	1.0	0.0	0.0
	0.0	0.33	0.67	0.0
	0.33	0.0	0.67	0.0
	0.0	1.0	0.0	0.0
	0.67	0.33	0.0	0.0
	0.0	0.33	0.67	0.0
	0.0	1.0	0.0	0.0
	0.0	1.0	0.0	0.0
	1.0	0.0	0.0	0.0
	0.0	1.0	0.0	0.0
	0.0	0.33	0.67	0.0

MEME version 4

ALPHABET= ACGT

MOTIF chr19:12793484-12793494

letter-probability matrix: alength= 4 w= 10
	1.0	0.0	0.0	0.0
	1.0	0.0	0.0	0.0
	1.0	0.0	0.0	0.0
	1.0	0.0	0.0	0.0
	1.0	0.0	0.0	0.0
	0.17	0.0	0.33	0.5
	0.83	0.0	0.0	0.17
	0.83	0.17	0.0	0.0
	0.17	0.0	0.0	0.83
	0.0	0.0	0.17	0.83

MEME version 4

ALPHABET= ACGT

MOTIF chr19:12802537-12802562

letter-probability matrix: alength= 4 w= 25
	0.0	0.0	1.0	0.0
	0.0	1.0	0.0	0.0
	0.0	0.33	0.67	0.0
	0.67	0.0	0.0	0.33
	0.0	0.0	0.0	1.0
	0.0	1.0	0.0	0.0
	0.67	0.0	0.0	0.33
	0.0	1.0	0.0	0.0
	1.0	0.0	0.0	0.0
	0.0	0.0	1.0	0.0
	0.0	1.0	0.0	0.0
	0.0	0.0	0.0	1.0
	0.0	1.0	0.0	0.0
	0.67	0.0	0.0	0.33
	0.0	1.0	0.0	0.0
	0.0	0.33	0.67	0.0
	0.33	0.0	0.67	0.0
	0.0	1.0	0.0	0.0
	0.67	0.33	0.0	0.0
	0.0	0.33	0.67	0.0
	0.0	1.0	0.0	0.0
	0.0	1.0	0.0	0.0
	1.0	0.0	0.0	0.0
	0.0	1.0	0.0	0.0
	0.0	0.33	0.67	0.0

MEME version 4

ALPHABET= ACGT

MOTIF chrX:129305550-129305560

letter-probability matrix: alength= 4 w= 10
	1.0	0.0	0.0	0.0
	1.0	0.0	0.0	0.0
	1.0	0.0	0.0	0.0
	1.0	0.0	0.0	0.0
	1.0	0.0	0.0	0.0
	0.17	0.0	0.33	0.5
	0.83	0.0	0.0	0.17
	0.83	0.17	0.0	0.0
	0.17	0.0	0.0	0.83
	0.0	0.0	0.17	0.83

MEME version 4

ALPHABET= ACGT

MOTIF chrX:129274748-129274773

letter-probability matrix: alength= 4 w= 25
	0.0	0.0	1.0	0.0
	0.0	1.0	0.0	0.0
	0.0	0.33	0.67	0.0
	0.67	0.0	0.0	0.33
	0.0	0.0	0.0	1.0
	0.0	1.0	0.0	0.0
	0.67	0.0	0.0	0.33
	0.0	1.0	0.0	0.0
	1.0	0.0	0.0	0.0
	0.0	0.0	1.0	0.0
	0.0	1.0	0.0	0.0
	0.0	0.0	0.0	1.0
	0.0	1.0	0.0	0.0
	0.67	0.0	0.0	0.33
	0.0	1.0	0.0	0.0
	0.0	0.33	0.67	0.0
	0.33	0.0	0.67	0.0
	0.0	1.0	0.0	0.0
	0.67	0.33	0.0	0.0
	0.0	0.33	0.67	0.0
	0.0	1.0	0.0	0.0
	0.0	1.0	0.0	0.0
	1.0	0.0	0.0	0.0
	0.0	1.0	0.0	0.0
	0.0	0.33	0.67	0.0

MEME version 4

ALPHABET= ACGT

MOTIF chr19:40853446-40853456

letter-probability matrix: alength= 4 w= 10
	1.0	0.0	0.0	0.0
	1.0	0.0	0.0	0.0
	1.0	0.0	0.0	0.0
	1.0	0.0	0.0	0.0
	1.0	0.0	0.0	0.0
	0.17	0.0	0.33	0.5
	0.83	0.0	0.0	0.17
	0.83	0.17	0.0	0.0
	0.17	0.0	0.0	0.83
	0.0	0.0	0.17	0.83

MEME version 4

ALPHABET= ACGT

MOTIF chr19:40880404-40880429

letter-probability matrix: alength= 4 w= 25
	0.0	0.0	1.0	0.0
	0.0	1.0	0.0	0.0
	0.0	0.33	0.67	0.0
	0.67	0.0	0.0	0.33
	0.0	0.0	0.0	1.0
	0.0	1.0	0.0	0.0
	0.67	0.0	0.0	0.33
	0.0	1.0	0.0	0.0
	1.0	0.0	0.0	0.0
	0.0	0.0	1.0	0.0
	0.0	1.0	0.0	0.0
	0.0	0.0	0.0	1.0
	0.0	1.0	0.0	0.0
	0.67	0.0	0.0	0.33
	0.0	1.0	0.0	0.0
	0.0	0.33	0.67	0.0
	0.33	0.0	0.67	0.0
	0.0	1.0	0.0	0.0
	0.67	0.33	0.0	0.0
	0.0	0.33	0.67	0.0
	0.0	1.0	0.0	0.0
	0.0	1.0	0.0	0.0
	1.0	0.0	0.0	0.0
	0.0	1.0	0.0	0.0
	0.0	0.33	0.67	0.0

MEME version 4

ALPHABET= ACGT

MOTIF chr7:108194971-108194981

letter-probability matrix: alength= 4 w= 10
	1.0	0.0	0.0	0.0
	1.0	0.0	0.0	0.0
	1.0	0.0	0.0	0.0
	1.0	0.0	0.0	0.0
	1.0	0.0	0.0	0.0
	0.17	0.0	0.33	0.5
	0.83	0.0	0.0	0.17
	0.83	0.17	0.0	0.0
	0.17	0.0	0.0	0.83
	0.0	0.0	0.17	0.83

MEME version 4

ALPHABET= ACGT

MOTIF chr7:108191743-108191768

letter-probability matrix: alength= 4 w= 25
	0.0	0.0	1.0	0.0
	0.0	1.0	0.0	0.0
	0.0	0.33	0.67	0.0
	0.67	0.0	0.0	0.33
	0.0	0.0	0.0	1.0
	0.0	1.0	0.0	0.0
	0.67	0.0	0.0	0.33
	0.0	1.0	0.0	0.0
	1.0	0.0	0.0	0.0
	0.0	0.0	1.0	0.0
	0.0	1.0	0.0	0.0
	0.0	0.0	0.0	1.0
	0.0	1.0	0.0	0.0
	0.67	0.0	0.0	0.33
	0.0	1.0	0.0	0.0
	0.0	0.33	0.67	0.0
	0.33	0.0	0.67	0.0
	0.0	1.0	0.0	0.0
	0.67	0.33	0.0	0.0
	0.0	0.33	0.67	0.0
	0.0	1.0	0.0	0.0
	0.0	1.0	0.0	0.0
	1.0	0.0	0.0	0.0
	0.0	1.0	0.0	0.0
	0.0	0.33	0.67	0.0

MEME version 4

ALPHABET= ACGT

MOTIF chr12:58165157-58165167

letter-probability matrix: alength= 4 w= 10
	1.0	0.0	0.0	0.0
	1.0	0.0	0.0	0.0
	1.0	0.0	0.0	0.0
	1.0	0.0	0.0	0.0
	1.0	0.0	0.0	0.0
	0.17	0.0	0.33	0.5
	0.83	0.0	0.0	0.17
	0.83	0.17	0.0	0.0
	0.17	0.0	0.0	0.83
	0.0	0.0	0.17	0.83

MEME version 4

ALPHABET= ACGT

MOTIF chr12:58151093-58151118

letter-probability matrix: alength= 4 w= 25
	0.0	0.0	1.0	0.0
	0.0	1.0	0.0	0.0
	0.0	0.33	0.67	0.0
	0.67	0.0	0.0	0.33
	0.0	0.0	0.0	1.0
	0.0	1.0	0.0	0.0
	0.67	0.0	0.0	0.33
	0.0	1.0	0.0	0.0
	1.0	0.0	0.0	0.0
	0.0	0.0	1.0	0.0
	0.0	1.0	0.0	0.0
	0.0	0.0	0.0	1.0
	0.0	1.0	0.0	0.0
	0.67	0.0	0.0	0.33
	0.0	1.0	0.0	0.0
	0.0	0.33	0.67	0.0
	0.33	0.0	0.67	0.0
	0.0	1.0	0.0	0.0
	0.67	0.33	0.0	0.0
	0.0	0.33	0.67	0.0
	0.0	1.0	0.0	0.0
	0.0	1.0	0.0	0.0
	1.0	0.0	0.0	0.0
	0.0	1.0	0.0	0.0
	0.0	0.33	0.67	0.0

MEME version 4

ALPHABET= ACGT

MOTIF chr6:4065410-4065420

letter-probability matrix: alength= 4 w= 10
	1.0	0.0	0.0	0.0
	1.0	0.0	0.0	0.0
	1.0	0.0	0.0	0.0
	1.0	0.0	0.0	0.0
	1.0	0.0	0.0	0.0
	0.17	0.0	0.33	0.5
	0.83	0.0	0.0	0.17
	0.83	0.17	0.0	0.0
	0.17	0.0	0.0	0.83
	0.0	0.0	0.17	0.83

MEME version 4

ALPHABET= ACGT

MOTIF chr6:4002166-4002191

letter-probability matrix: alength= 4 w= 25
	0.0	0.0	1.0	0.0
	0.0	1.0	0.0	0.0
	0.0	0.33	0.67	0.0
	0.67	0.0	0.0	0.33
	0.0	0.0	0.0	1.0
	0.0	1.0	0.0	0.0
	0.67	0.0	0.0	0.33
	0.0	1.0	0.0	0.0
	1.0	0.0	0.0	0.0
	0.0	0.0	1.0	0.0
	0.0	1.0	0.0	0.0
	0.0	0.0	0.0	1.0
	0.0	1.0	0.0	0.0
	0.67	0.0	0.0	0.33
	0.0	1.0	0.0	0.0
	0.0	0.33	0.67	0.0
	0.33	0.0	0.67	0.0
	0.0	1.0	0.0	0.0
	0.67	0.33	0.0	0.0
	0.0	0.33	0.67	0.0
	0.0	1.0	0.0	0.0
	0.0	1.0	0.0	0.0
	1.0	0.0	0.0	0.0
	0.0	1.0	0.0	0.0
	0.0	0.33	0.67	0.0

MEME version 4

ALPHABET= ACGT

MOTIF chr17:41836523-41836533

letter-probability matrix: alength= 4 w= 10
	1.0	0.0	0.0	0.0
	1.0	0.0	0.0	0.0
	1.0	0.0	0.0	0.0
	1.0	0.0	0.0	0.0
	1.0	0.0	0.0	0.0
	0.17	0.0	0.33	0.5
	0.83	0.0	0.0	0.17
	0.83	0.17	0.0	0.0
	0.17	0.0	0.0	0.83
	0.0	0.0	0.17	0.83

MEME version 4

ALPHABET= ACGT

MOTIF chr17:41840283-41840308

letter-probability matrix: alength= 4 w= 25
	0.0	0.0	1.0	0.0
	0.0	1.0	0.0	0.0
	0.0	0.33	0.67	0.0
	0.67	0.0	0.0	0.33
	0.0	0.0	0.0	1.0
	0.0	1.0	0.0	0.0
	0.67	0.0	0.0	0.33
	0.0	1.0	0.0	0.0
	1.0	0.0	0.0	0.0
	0.0	0.0	1.0	0.0
	0.0	1.0	0.0	0.0
	0.0	0.0	0.0	1.0
	0.0	1.0	0.0	0.0
	0.67	0.0	0.0	0.33
	0.0	1.0	0.0	0.0
	0.0	0.33	0.67	0.0
	0.33	0.0	0.67	0.0
	0.0	1.0	0.0	0.0
	0.67	0.33	0.0	0.0
	0.0	0.33	0.67	0.0
	0.0	1.0	0.0	0.0
	0.0	1.0	0.0	0.0
	1.0	0.0	0.0	0.0
	0.0	1.0	0.0	0.0
	0.0	0.33	0.67	0.0

MEME version 4

ALPHABET= ACGT

MOTIF chr22:21142633-21142643

letter-probability matrix: alength= 4 w= 10
	1.0	0.0	0.0	0.0
	1.0	0.0	0.0	0.0
	1.0	0.0	0.0	0.0
	1.0	0.0	0.0	0.0
	1.0	0.0	0.0	0.0
	0.17	0.0	0.33	0.5
	0.83	0.0	0.0	0.17
	0.83	0.17	0.0	0.0
	0.17	0.0	0.0	0.83
	0.0	0.0	0.17	0.83

MEME version 4

ALPHABET= ACGT

MOTIF chr22:21123089-21123114

letter-probability matrix: alength= 4 w= 25
	0.0	0.0	1.0	0.0
	0.0	1.0	0.0	0.0
	0.0	0.33	0.67	0.0
	0.67	0.0	0.0	0.33
	0.0	0.0	0.0	1.0
	0.0	1.0	0.0	0.0
	0.67	0.0	0.0	0.33
	0.0	1.0	0.0	0.0
	1.0	0.0	0.0	0.0
	0.0	0.0	1.0	0.0
	0.0	1.0	0.0	0.0
	0.0	0.0	0.0	1.0
	0.0	1.0	0.0	0.0
	0.67	0.0	0.0	0.33
	0.0	1.0	0.0	0.0
	0.0	0.33	0.67	0.0
	0.33	0.0	0.67	0.0
	0.0	1.0	0.0	0.0
	0.67	0.33	0.0	0.0
	0.0	0.33	0.67	0.0
	0.0	1.0	0.0	0.0
	0.0	1.0	0.0	0.0
	1.0	0.0	0.0	0.0
	0.0	1.0	0.0	0.0
	0.0	0.33	0.67	0.0

MEME version 4

ALPHABET= ACGT

MOTIF chr10:126436436-126436446

letter-probability matrix: alength= 4 w= 10
	1.0	0.0	0.0	0.0
	1.0	0.0	0.0	0.0
	1.0	0.0	0.0	0.0
	1.0	0.0	0.0	0.0
	1.0	0.0	0.0	0.0
	0.17	0.0	0.33	0.5
	0.83	0.0	0.0	0.17
	0.83	0.17	0.0	0.0
	0.17	0.0	0.0	0.83
	0.0	0.0	0.17	0.83

MEME version 4

ALPHABET= ACGT

MOTIF chr10:126503826-126503851

letter-probability matrix: alength= 4 w= 25
	0.0	0.0	1.0	0.0
	0.0	1.0	0.0	0.0
	0.0	0.33	0.67	0.0
	0.67	0.0	0.0	0.33
	0.0	0.0	0.0	1.0
	0.0	1.0	0.0	0.0
	0.67	0.0	0.0	0.33
	0.0	1.0	0.0	0.0
	1.0	0.0	0.0	0.0
	0.0	0.0	1.0	0.0
	0.0	1.0	0.0	0.0
	0.0	0.0	0.0	1.0
	0.0	1.0	0.0	0.0
	0.67	0.0	0.0	0.33
	0.0	1.0	0.0	0.0
	0.0	0.33	0.67	0.0
	0.33	0.0	0.67	0.0
	0.0	1.0	0.0	0.0
	0.67	0.33	0.0	0.0
	0.0	0.33	0.67	0.0
	0.0	1.0	0.0	0.0
	0.0	1.0	0.0	0.0
	1.0	0.0	0.0	0.0
	0.0	1.0	0.0	0.0
	0.0	0.33	0.67	0.0

MEME version 4

ALPHABET= ACGT

MOTIF chr6:31547347-31547357

letter-probability matrix: alength= 4 w= 10
	1.0	0.0	0.0	0.0
	1.0	0.0	0.0	0.0
	1.0	0.0	0.0	0.0
	1.0	0.0	0.0	0.0
	1.0	0.0	0.0	0.0
	0.17	0.0	0.33	0.5
	0.83	0.0	0.0	0.17
	0.83	0.17	0.0	0.0
	0.17	0.0	0.0	0.83
	0.0	0.0	0.17	0.83

MEME version 4

ALPHABET= ACGT

MOTIF chr6:31567538-31567563

letter-probability matrix: alength= 4 w= 25
	0.0	0.0	1.0	0.0
	0.0	1.0	0.0	0.0
	0.0	0.33	0.67	0.0
	0.67	0.0	0.0	0.33
	0.0	0.0	0.0	1.0
	0.0	1.0	0.0	0.0
	0.67	0.0	0.0	0.33
	0.0	1.0	0.0	0.0
	1.0	0.0	0.0	0.0
	0.0	0.0	1.0	0.0
	0.0	1.0	0.0	0.0
	0.0	0.0	0.0	1.0
	0.0	1.0	0.0	0.0
	0.67	0.0	0.0	0.33
	0.0	1.0	0.0	0.0
	0.0	0.33	0.67	0.0
	0.33	0.0	0.67	0.0
	0.0	1.0	0.0	0.0
	0.67	0.33	0.0	0.0
	0.0	0.33	0.67	0.0
	0.0	1.0	0.0	0.0
	0.0	1.0	0.0	0.0
	1.0	0.0	0.0	0.0
	0.0	1.0	0.0	0.0
	0.0	0.33	0.67	0.0

MEME version 4

ALPHABET= ACGT

MOTIF chr15:91260363-91260373

letter-probability matrix: alength= 4 w= 10
	1.0	0.0	0.0	0.0
	1.0	0.0	0.0	0.0
	1.0	0.0	0.0	0.0
	1.0	0.0	0.0	0.0
	1.0	0.0	0.0	0.0
	0.17	0.0	0.33	0.5
	0.83	0.0	0.0	0.17
	0.83	0.17	0.0	0.0
	0.17	0.0	0.0	0.83
	0.0	0.0	0.17	0.83

MEME version 4

ALPHABET= ACGT

MOTIF chr15:91240155-91240180

letter-probability matrix: alength= 4 w= 25
	0.0	0.0	1.0	0.0
	0.0	1.0	0.0	0.0
	0.0	0.33	0.67	0.0
	0.67	0.0	0.0	0.33
	0.0	0.0	0.0	1.0
	0.0	1.0	0.0	0.0
	0.67	0.0	0.0	0.33
	0.0	1.0	0.0	0.0
	1.0	0.0	0.0	0.0
	0.0	0.0	1.0	0.0
	0.0	1.0	0.0	0.0
	0.0	0.0	0.0	1.0
	0.0	1.0	0.0	0.0
	0.67	0.0	0.0	0.33
	0.0	1.0	0.0	0.0
	0.0	0.33	0.67	0.0
	0.33	0.0	0.67	0.0
	0.0	1.0	0.0	0.0
	0.67	0.33	0.0	0.0
	0.0	0.33	0.67	0.0
	0.0	1.0	0.0	0.0
	0.0	1.0	0.0	0.0
	1.0	0.0	0.0	0.0
	0.0	1.0	0.0	0.0
	0.0	0.33	0.67	0.0

MEME version 4

ALPHABET= ACGT

MOTIF chr2:136289735-136289745

letter-probability matrix: alength= 4 w= 10
	1.0	0.0	0.0	0.0
	1.0	0.0	0.0	0.0
	1.0	0.0	0.0	0.0
	1.0	0.0	0.0	0.0
	1.0	0.0	0.0	0.0
	0.17	0.0	0.33	0.5
	0.83	0.0	0.0	0.17
	0.83	0.17	0.0	0.0
	0.17	0.0	0.0	0.83
	0.0	0.0	0.17	0.83

MEME version 4

ALPHABET= ACGT

MOTIF chr2:136303981-136304006

letter-probability matrix: alength= 4 w= 25
	0.0	0.0	1.0	0.0
	0.0	1.0	0.0	0.0
	0.0	0.33	0.67	0.0
	0.67	0.0	0.0	0.33
	0.0	0.0	0.0	1.0
	0.0	1.0	0.0	0.0
	0.67	0.0	0.0	0.33
	0.0	1.0	0.0	0.0
	1.0	0.0	0.0	0.0
	0.0	0.0	1.0	0.0
	0.0	1.0	0.0	0.0
	0.0	0.0	0.0	1.0
	0.0	1.0	0.0	0.0
	0.67	0.0	0.0	0.33
	0.0	1.0	0.0	0.0
	0.0	0.33	0.67	0.0
	0.33	0.0	0.67	0.0
	0.0	1.0	0.0	0.0
	0.67	0.33	0.0	0.0
	0.0	0.33	0.67	0.0
	0.0	1.0	0.0	0.0
	0.0	1.0	0.0	0.0
	1.0	0.0	0.0	0.0
	0.0	1.0	0.0	0.0
	0.0	0.33	0.67	0.0

MEME version 4

ALPHABET= ACGT

MOTIF chr19:36316317-36316327

letter-probability matrix: alength= 4 w= 10
	1.0	0.0	0.0	0.0
	1.0	0.0	0.0	0.0
	1.0	0.0	0.0	0.0
	1.0	0.0	0.0	0.0
	1.0	0.0	0.0	0.0
	0.17	0.0	0.33	0.5
	0.83	0.0	0.0	0.17
	0.83	0.17	0.0	0.0
	0.17	0.0	0.0	0.83
	0.0	0.0	0.17	0.83

MEME version 4

ALPHABET= ACGT

MOTIF chr19:36369957-36369982

letter-probability matrix: alength= 4 w= 25
	0.0	0.0	1.0	0.0
	0.0	1.0	0.0	0.0
	0.0	0.33	0.67	0.0
	0.67	0.0	0.0	0.33
	0.0	0.0	0.0	1.0
	0.0	1.0	0.0	0.0
	0.67	0.0	0.0	0.33
	0.0	1.0	0.0	0.0
	1.0	0.0	0.0	0.0
	0.0	0.0	1.0	0.0
	0.0	1.0	0.0	0.0
	0.0	0.0	0.0	1.0
	0.0	1.0	0.0	0.0
	0.67	0.0	0.0	0.33
	0.0	1.0	0.0	0.0
	0.0	0.33	0.67	0.0
	0.33	0.0	0.67	0.0
	0.0	1.0	0.0	0.0
	0.67	0.33	0.0	0.0
	0.0	0.33	0.67	0.0
	0.0	1.0	0.0	0.0
	0.0	1.0	0.0	0.0
	1.0	0.0	0.0	0.0
	0.0	1.0	0.0	0.0
	0.0	0.33	0.67	0.0

MEME version 4

ALPHABET= ACGT

MOTIF chr12:58027888-58027898

letter-probability matrix: alength= 4 w= 10
	1.0	0.0	0.0	0.0
	1.0	0.0	0.0	0.0
	1.0	0.0	0.0	0.0
	1.0	0.0	0.0	0.0
	1.0	0.0	0.0	0.0
	0.17	0.0	0.33	0.5
	0.83	0.0	0.0	0.17
	0.83	0.17	0.0	0.0
	0.17	0.0	0.0	0.83
	0.0	0.0	0.17	0.83

MEME version 4

ALPHABET= ACGT

MOTIF chr12:58017757-58017782

letter-probability matrix: alength= 4 w= 25
	0.0	0.0	1.0	0.0
	0.0	1.0	0.0	0.0
	0.0	0.33	0.67	0.0
	0.67	0.0	0.0	0.33
	0.0	0.0	0.0	1.0
	0.0	1.0	0.0	0.0
	0.67	0.0	0.0	0.33
	0.0	1.0	0.0	0.0
	1.0	0.0	0.0	0.0
	0.0	0.0	1.0	0.0
	0.0	1.0	0.0	0.0
	0.0	0.0	0.0	1.0
	0.0	1.0	0.0	0.0
	0.67	0.0	0.0	0.33
	0.0	1.0	0.0	0.0
	0.0	0.33	0.67	0.0
	0.33	0.0	0.67	0.0
	0.0	1.0	0.0	0.0
	0.67	0.33	0.0	0.0
	0.0	0.33	0.67	0.0
	0.0	1.0	0.0	0.0
	0.0	1.0	0.0	0.0
	1.0	0.0	0.0	0.0
	0.0	1.0	0.0	0.0
	0.0	0.33	0.67	0.0

MEME version 4

ALPHABET= ACGT

MOTIF chr4:108642323-108642333

letter-probability matrix: alength= 4 w= 10
	1.0	0.0	0.0	0.0
	1.0	0.0	0.0	0.0
	1.0	0.0	0.0	0.0
	1.0	0.0	0.0	0.0
	1.0	0.0	0.0	0.0
	0.17	0.0	0.33	0.5
	0.83	0.0	0.0	0.17
	0.83	0.17	0.0	0.0
	0.17	0.0	0.0	0.83
	0.0	0.0	0.17	0.83

MEME version 4

ALPHABET= ACGT

MOTIF chr4:108615282-108615307

letter-probability matrix: alength= 4 w= 25
	0.0	0.0	1.0	0.0
	0.0	1.0	0.0	0.0
	0.0	0.33	0.67	0.0
	0.67	0.0	0.0	0.33
	0.0	0.0	0.0	1.0
	0.0	1.0	0.0	0.0
	0.67	0.0	0.0	0.33
	0.0	1.0	0.0	0.0
	1.0	0.0	0.0	0.0
	0.0	0.0	1.0	0.0
	0.0	1.0	0.0	0.0
	0.0	0.0	0.0	1.0
	0.0	1.0	0.0	0.0
	0.67	0.0	0.0	0.33
	0.0	1.0	0.0	0.0
	0.0	0.33	0.67	0.0
	0.33	0.0	0.67	0.0
	0.0	1.0	0.0	0.0
	0.67	0.33	0.0	0.0
	0.0	0.33	0.67	0.0
	0.0	1.0	0.0	0.0
	0.0	1.0	0.0	0.0
	1.0	0.0	0.0	0.0
	0.0	1.0	0.0	0.0
	0.0	0.33	0.67	0.0

MEME version 4

ALPHABET= ACGT

MOTIF chr19:39875560-39875570

letter-probability matrix: alength= 4 w= 10
	1.0	0.0	0.0	0.0
	1.0	0.0	0.0	0.0
	1.0	0.0	0.0	0.0
	1.0	0.0	0.0	0.0
	1.0	0.0	0.0	0.0
	0.17	0.0	0.33	0.5
	0.83	0.0	0.0	0.17
	0.83	0.17	0.0	0.0
	0.17	0.0	0.0	0.83
	0.0	0.0	0.17	0.83

MEME version 4

ALPHABET= ACGT

MOTIF chr19:39875366-39875391

letter-probability matrix: alength= 4 w= 25
	0.0	0.0	1.0	0.0
	0.0	1.0	0.0	0.0
	0.0	0.33	0.67	0.0
	0.67	0.0	0.0	0.33
	0.0	0.0	0.0	1.0
	0.0	1.0	0.0	0.0
	0.67	0.0	0.0	0.33
	0.0	1.0	0.0	0.0
	1.0	0.0	0.0	0.0
	0.0	0.0	1.0	0.0
	0.0	1.0	0.0	0.0
	0.0	0.0	0.0	1.0
	0.0	1.0	0.0	0.0
	0.67	0.0	0.0	0.33
	0.0	1.0	0.0	0.0
	0.0	0.33	0.67	0.0
	0.33	0.0	0.67	0.0
	0.0	1.0	0.0	0.0
	0.67	0.33	0.0	0.0
	0.0	0.33	0.67	0.0
	0.0	1.0	0.0	0.0
	0.0	1.0	0.0	0.0
	1.0	0.0	0.0	0.0
	0.0	1.0	0.0	0.0
	0.0	0.33	0.67	0.0

MEME version 4

ALPHABET= ACGT

MOTIF chr20:43934805-43934815

letter-probability matrix: alength= 4 w= 10
	1.0	0.0	0.0	0.0
	1.0	0.0	0.0	0.0
	1.0	0.0	0.0	0.0
	1.0	0.0	0.0	0.0
	1.0	0.0	0.0	0.0
	0.17	0.0	0.33	0.5
	0.83	0.0	0.0	0.17
	0.83	0.17	0.0	0.0
	0.17	0.0	0.0	0.83
	0.0	0.0	0.17	0.83

MEME version 4

ALPHABET= ACGT

MOTIF chr20:43945088-43945113

letter-probability matrix: alength= 4 w= 25
	0.0	0.0	1.0	0.0
	0.0	1.0	0.0	0.0
	0.0	0.33	0.67	0.0
	0.67	0.0	0.0	0.33
	0.0	0.0	0.0	1.0
	0.0	1.0	0.0	0.0
	0.67	0.0	0.0	0.33
	0.0	1.0	0.0	0.0
	1.0	0.0	0.0	0.0
	0.0	0.0	1.0	0.0
	0.0	1.0	0.0	0.0
	0.0	0.0	0.0	1.0
	0.0	1.0	0.0	0.0
	0.67	0.0	0.0	0.33
	0.0	1.0	0.0	0.0
	0.0	0.33	0.67	0.0
	0.33	0.0	0.67	0.0
	0.0	1.0	0.0	0.0
	0.67	0.33	0.0	0.0
	0.0	0.33	0.67	0.0
	0.0	1.0	0.0	0.0
	0.0	1.0	0.0	0.0
	1.0	0.0	0.0	0.0
	0.0	1.0	0.0	0.0
	0.0	0.33	0.67	0.0

MEME version 4

ALPHABET= ACGT

MOTIF chr7:2392767-2392777

letter-probability matrix: alength= 4 w= 10
	1.0	0.0	0.0	0.0
	1.0	0.0	0.0	0.0
	1.0	0.0	0.0	0.0
	1.0	0.0	0.0	0.0
	1.0	0.0	0.0	0.0
	0.17	0.0	0.33	0.5
	0.83	0.0	0.0	0.17
	0.83	0.17	0.0	0.0
	0.17	0.0	0.0	0.83
	0.0	0.0	0.17	0.83

MEME version 4

ALPHABET= ACGT

MOTIF chr7:2423650-2423675

letter-probability matrix: alength= 4 w= 25
	0.0	0.0	1.0	0.0
	0.0	1.0	0.0	0.0
	0.0	0.33	0.67	0.0
	0.67	0.0	0.0	0.33
	0.0	0.0	0.0	1.0
	0.0	1.0	0.0	0.0
	0.67	0.0	0.0	0.33
	0.0	1.0	0.0	0.0
	1.0	0.0	0.0	0.0
	0.0	0.0	1.0	0.0
	0.0	1.0	0.0	0.0
	0.0	0.0	0.0	1.0
	0.0	1.0	0.0	0.0
	0.67	0.0	0.0	0.33
	0.0	1.0	0.0	0.0
	0.0	0.33	0.67	0.0
	0.33	0.0	0.67	0.0
	0.0	1.0	0.0	0.0
	0.67	0.33	0.0	0.0
	0.0	0.33	0.67	0.0
	0.0	1.0	0.0	0.0
	0.0	1.0	0.0	0.0
	1.0	0.0	0.0	0.0
	0.0	1.0	0.0	0.0
	0.0	0.33	0.67	0.0

MEME version 4

ALPHABET= ACGT

MOTIF chr2:68695283-68695293

letter-probability matrix: alength= 4 w= 10
	1.0	0.0	0.0	0.0
	1.0	0.0	0.0	0.0
	1.0	0.0	0.0	0.0
	1.0	0.0	0.0	0.0
	1.0	0.0	0.0	0.0
	0.17	0.0	0.33	0.5
	0.83	0.0	0.0	0.17
	0.83	0.17	0.0	0.0
	0.17	0.0	0.0	0.83
	0.0	0.0	0.17	0.83

MEME version 4

ALPHABET= ACGT

MOTIF chr2:68715525-68715550

letter-probability matrix: alength= 4 w= 25
	0.0	0.0	1.0	0.0
	0.0	1.0	0.0	0.0
	0.0	0.33	0.67	0.0
	0.67	0.0	0.0	0.33
	0.0	0.0	0.0	1.0
	0.0	1.0	0.0	0.0
	0.67	0.0	0.0	0.33
	0.0	1.0	0.0	0.0
	1.0	0.0	0.0	0.0
	0.0	0.0	1.0	0.0
	0.0	1.0	0.0	0.0
	0.0	0.0	0.0	1.0
	0.0	1.0	0.0	0.0
	0.67	0.0	0.0	0.33
	0.0	1.0	0.0	0.0
	0.0	0.33	0.67	0.0
	0.33	0.0	0.67	0.0
	0.0	1.0	0.0	0.0
	0.67	0.33	0.0	0.0
	0.0	0.33	0.67	0.0
	0.0	1.0	0.0	0.0
	0.0	1.0	0.0	0.0
	1.0	0.0	0.0	0.0
	0.0	1.0	0.0	0.0
	0.0	0.33	0.67	0.0

MEME version 4

ALPHABET= ACGT

MOTIF chr7:75697705-75697715

letter-probability matrix: alength= 4 w= 10
	1.0	0.0	0.0	0.0
	1.0	0.0	0.0	0.0
	1.0	0.0	0.0	0.0
	1.0	0.0	0.0	0.0
	1.0	0.0	0.0	0.0
	0.17	0.0	0.33	0.5
	0.83	0.0	0.0	0.17
	0.83	0.17	0.0	0.0
	0.17	0.0	0.0	0.83
	0.0	0.0	0.17	0.83

MEME version 4

ALPHABET= ACGT

MOTIF chr7:75649065-75649090

letter-probability matrix: alength= 4 w= 25
	0.0	0.0	1.0	0.0
	0.0	1.0	0.0	0.0
	0.0	0.33	0.67	0.0
	0.67	0.0	0.0	0.33
	0.0	0.0	0.0	1.0
	0.0	1.0	0.0	0.0
	0.67	0.0	0.0	0.33
	0.0	1.0	0.0	0.0
	1.0	0.0	0.0	0.0
	0.0	0.0	1.0	0.0
	0.0	1.0	0.0	0.0
	0.0	0.0	0.0	1.0
	0.0	1.0	0.0	0.0
	0.67	0.0	0.0	0.33
	0.0	1.0	0.0	0.0
	0.0	0.33	0.67	0.0
	0.33	0.0	0.67	0.0
	0.0	1.0	0.0	0.0
	0.67	0.33	0.0	0.0
	0.0	0.33	0.67	0.0
	0.0	1.0	0.0	0.0
	0.0	1.0	0.0	0.0
	1.0	0.0	0.0	0.0
	0.0	1.0	0.0	0.0
	0.0	0.33	0.67	0.0

MEME version 4

ALPHABET= ACGT

MOTIF chr7:5109344-5109354

letter-probability matrix: alength= 4 w= 10
	1.0	0.0	0.0	0.0
	1.0	0.0	0.0	0.0
	1.0	0.0	0.0	0.0
	1.0	0.0	0.0	0.0
	1.0	0.0	0.0	0.0
	0.17	0.0	0.33	0.5
	0.83	0.0	0.0	0.17
	0.83	0.17	0.0	0.0
	0.17	0.0	0.0	0.83
	0.0	0.0	0.17	0.83

MEME version 4

ALPHABET= ACGT

MOTIF chr7:5080032-5080057

letter-probability matrix: alength= 4 w= 25
	0.0	0.0	1.0	0.0
	0.0	1.0	0.0	0.0
	0.0	0.33	0.67	0.0
	0.67	0.0	0.0	0.33
	0.0	0.0	0.0	1.0
	0.0	1.0	0.0	0.0
	0.67	0.0	0.0	0.33
	0.0	1.0	0.0	0.0
	1.0	0.0	0.0	0.0
	0.0	0.0	1.0	0.0
	0.0	1.0	0.0	0.0
	0.0	0.0	0.0	1.0
	0.0	1.0	0.0	0.0
	0.67	0.0	0.0	0.33
	0.0	1.0	0.0	0.0
	0.0	0.33	0.67	0.0
	0.33	0.0	0.67	0.0
	0.0	1.0	0.0	0.0
	0.67	0.33	0.0	0.0
	0.0	0.33	0.67	0.0
	0.0	1.0	0.0	0.0
	0.0	1.0	0.0	0.0
	1.0	0.0	0.0	0.0
	0.0	1.0	0.0	0.0
	0.0	0.33	0.67	0.0

MEME version 4

ALPHABET= ACGT

MOTIF chr1:22004676-22004686

letter-probability matrix: alength= 4 w= 10
	1.0	0.0	0.0	0.0
	1.0	0.0	0.0	0.0
	1.0	0.0	0.0	0.0
	1.0	0.0	0.0	0.0
	1.0	0.0	0.0	0.0
	0.17	0.0	0.33	0.5
	0.83	0.0	0.0	0.17
	0.83	0.17	0.0	0.0
	0.17	0.0	0.0	0.83
	0.0	0.0	0.17	0.83

MEME version 4

ALPHABET= ACGT

MOTIF chr1:22138381-22138406

letter-probability matrix: alength= 4 w= 25
	0.0	0.0	1.0	0.0
	0.0	1.0	0.0	0.0
	0.0	0.33	0.67	0.0
	0.67	0.0	0.0	0.33
	0.0	0.0	0.0	1.0
	0.0	1.0	0.0	0.0
	0.67	0.0	0.0	0.33
	0.0	1.0	0.0	0.0
	1.0	0.0	0.0	0.0
	0.0	0.0	1.0	0.0
	0.0	1.0	0.0	0.0
	0.0	0.0	0.0	1.0
	0.0	1.0	0.0	0.0
	0.67	0.0	0.0	0.33
	0.0	1.0	0.0	0.0
	0.0	0.33	0.67	0.0
	0.33	0.0	0.67	0.0
	0.0	1.0	0.0	0.0
	0.67	0.33	0.0	0.0
	0.0	0.33	0.67	0.0
	0.0	1.0	0.0	0.0
	0.0	1.0	0.0	0.0
	1.0	0.0	0.0	0.0
	0.0	1.0	0.0	0.0
	0.0	0.33	0.67	0.0

MEME version 4

ALPHABET= ACGT

MOTIF chr16:4560643-4560653

letter-probability matrix: alength= 4 w= 10
	1.0	0.0	0.0	0.0
	1.0	0.0	0.0	0.0
	1.0	0.0	0.0	0.0
	1.0	0.0	0.0	0.0
	1.0	0.0	0.0	0.0
	0.17	0.0	0.33	0.5
	0.83	0.0	0.0	0.17
	0.83	0.17	0.0	0.0
	0.17	0.0	0.0	0.83
	0.0	0.0	0.17	0.83

MEME version 4

ALPHABET= ACGT

MOTIF chr16:4478015-4478040

letter-probability matrix: alength= 4 w= 25
	0.0	0.0	1.0	0.0
	0.0	1.0	0.0	0.0
	0.0	0.33	0.67	0.0
	0.67	0.0	0.0	0.33
	0.0	0.0	0.0	1.0
	0.0	1.0	0.0	0.0
	0.67	0.0	0.0	0.33
	0.0	1.0	0.0	0.0
	1.0	0.0	0.0	0.0
	0.0	0.0	1.0	0.0
	0.0	1.0	0.0	0.0
	0.0	0.0	0.0	1.0
	0.0	1.0	0.0	0.0
	0.67	0.0	0.0	0.33
	0.0	1.0	0.0	0.0
	0.0	0.33	0.67	0.0
	0.33	0.0	0.67	0.0
	0.0	1.0	0.0	0.0
	0.67	0.33	0.0	0.0
	0.0	0.33	0.67	0.0
	0.0	1.0	0.0	0.0
	0.0	1.0	0.0	0.0
	1.0	0.0	0.0	0.0
	0.0	1.0	0.0	0.0
	0.0	0.33	0.67	0.0

MEME version 4

ALPHABET= ACGT

MOTIF chr1:22110879-22110889

letter-probability matrix: alength= 4 w= 10
	1.0	0.0	0.0	0.0
	1.0	0.0	0.0	0.0
	1.0	0.0	0.0	0.0
	1.0	0.0	0.0	0.0
	1.0	0.0	0.0	0.0
	0.17	0.0	0.33	0.5
	0.83	0.0	0.0	0.17
	0.83	0.17	0.0	0.0
	0.17	0.0	0.0	0.83
	0.0	0.0	0.17	0.83

MEME version 4

ALPHABET= ACGT

MOTIF chr1:22138381-22138406

letter-probability matrix: alength= 4 w= 25
	0.0	0.0	1.0	0.0
	0.0	1.0	0.0	0.0
	0.0	0.33	0.67	0.0
	0.67	0.0	0.0	0.33
	0.0	0.0	0.0	1.0
	0.0	1.0	0.0	0.0
	0.67	0.0	0.0	0.33
	0.0	1.0	0.0	0.0
	1.0	0.0	0.0	0.0
	0.0	0.0	1.0	0.0
	0.0	1.0	0.0	0.0
	0.0	0.0	0.0	1.0
	0.0	1.0	0.0	0.0
	0.67	0.0	0.0	0.33
	0.0	1.0	0.0	0.0
	0.0	0.33	0.67	0.0
	0.33	0.0	0.67	0.0
	0.0	1.0	0.0	0.0
	0.67	0.33	0.0	0.0
	0.0	0.33	0.67	0.0
	0.0	1.0	0.0	0.0
	0.0	1.0	0.0	0.0
	1.0	0.0	0.0	0.0
	0.0	1.0	0.0	0.0
	0.0	0.33	0.67	0.0

MEME version 4

ALPHABET= ACGT

MOTIF chr20:30251390-30251400

letter-probability matrix: alength= 4 w= 10
	1.0	0.0	0.0	0.0
	1.0	0.0	0.0	0.0
	1.0	0.0	0.0	0.0
	1.0	0.0	0.0	0.0
	1.0	0.0	0.0	0.0
	0.17	0.0	0.33	0.5
	0.83	0.0	0.0	0.17
	0.83	0.17	0.0	0.0
	0.17	0.0	0.0	0.83
	0.0	0.0	0.17	0.83

MEME version 4

ALPHABET= ACGT

MOTIF chr20:30325915-30325940

letter-probability matrix: alength= 4 w= 25
	0.0	0.0	1.0	0.0
	0.0	1.0	0.0	0.0
	0.0	0.33	0.67	0.0
	0.67	0.0	0.0	0.33
	0.0	0.0	0.0	1.0
	0.0	1.0	0.0	0.0
	0.67	0.0	0.0	0.33
	0.0	1.0	0.0	0.0
	1.0	0.0	0.0	0.0
	0.0	0.0	1.0	0.0
	0.0	1.0	0.0	0.0
	0.0	0.0	0.0	1.0
	0.0	1.0	0.0	0.0
	0.67	0.0	0.0	0.33
	0.0	1.0	0.0	0.0
	0.0	0.33	0.67	0.0
	0.33	0.0	0.67	0.0
	0.0	1.0	0.0	0.0
	0.67	0.33	0.0	0.0
	0.0	0.33	0.67	0.0
	0.0	1.0	0.0	0.0
	0.0	1.0	0.0	0.0
	1.0	0.0	0.0	0.0
	0.0	1.0	0.0	0.0
	0.0	0.33	0.67	0.0

MEME version 4

ALPHABET= ACGT

MOTIF chr1:204543703-204543713

letter-probability matrix: alength= 4 w= 10
	1.0	0.0	0.0	0.0
	1.0	0.0	0.0	0.0
	1.0	0.0	0.0	0.0
	1.0	0.0	0.0	0.0
	1.0	0.0	0.0	0.0
	0.17	0.0	0.33	0.5
	0.83	0.0	0.0	0.17
	0.83	0.17	0.0	0.0
	0.17	0.0	0.0	0.83
	0.0	0.0	0.17	0.83

MEME version 4

ALPHABET= ACGT

MOTIF chr1:204476867-204476892

letter-probability matrix: alength= 4 w= 25
	0.0	0.0	1.0	0.0
	0.0	1.0	0.0	0.0
	0.0	0.33	0.67	0.0
	0.67	0.0	0.0	0.33
	0.0	0.0	0.0	1.0
	0.0	1.0	0.0	0.0
	0.67	0.0	0.0	0.33
	0.0	1.0	0.0	0.0
	1.0	0.0	0.0	0.0
	0.0	0.0	1.0	0.0
	0.0	1.0	0.0	0.0
	0.0	0.0	0.0	1.0
	0.0	1.0	0.0	0.0
	0.67	0.0	0.0	0.33
	0.0	1.0	0.0	0.0
	0.0	0.33	0.67	0.0
	0.33	0.0	0.67	0.0
	0.0	1.0	0.0	0.0
	0.67	0.33	0.0	0.0
	0.0	0.33	0.67	0.0
	0.0	1.0	0.0	0.0
	0.0	1.0	0.0	0.0
	1.0	0.0	0.0	0.0
	0.0	1.0	0.0	0.0
	0.0	0.33	0.67	0.0

MEME version 4

ALPHABET= ACGT

MOTIF chr22:41993781-41993791

letter-probability matrix: alength= 4 w= 10
	1.0	0.0	0.0	0.0
	1.0	0.0	0.0	0.0
	1.0	0.0	0.0	0.0
	1.0	0.0	0.0	0.0
	1.0	0.0	0.0	0.0
	0.17	0.0	0.33	0.5
	0.83	0.0	0.0	0.17
	0.83	0.17	0.0	0.0
	0.17	0.0	0.0	0.83
	0.0	0.0	0.17	0.83

MEME version 4

ALPHABET= ACGT

MOTIF chr22:42076761-42076786

letter-probability matrix: alength= 4 w= 25
	0.0	0.0	1.0	0.0
	0.0	1.0	0.0	0.0
	0.0	0.33	0.67	0.0
	0.67	0.0	0.0	0.33
	0.0	0.0	0.0	1.0
	0.0	1.0	0.0	0.0
	0.67	0.0	0.0	0.33
	0.0	1.0	0.0	0.0
	1.0	0.0	0.0	0.0
	0.0	0.0	1.0	0.0
	0.0	1.0	0.0	0.0
	0.0	0.0	0.0	1.0
	0.0	1.0	0.0	0.0
	0.67	0.0	0.0	0.33
	0.0	1.0	0.0	0.0
	0.0	0.33	0.67	0.0
	0.33	0.0	0.67	0.0
	0.0	1.0	0.0	0.0
	0.67	0.33	0.0	0.0
	0.0	0.33	0.67	0.0
	0.0	1.0	0.0	0.0
	0.0	1.0	0.0	0.0
	1.0	0.0	0.0	0.0
	0.0	1.0	0.0	0.0
	0.0	0.33	0.67	0.0

MEME version 4

ALPHABET= ACGT

MOTIF chr1:23695087-23695097

letter-probability matrix: alength= 4 w= 10
	1.0	0.0	0.0	0.0
	1.0	0.0	0.0	0.0
	1.0	0.0	0.0	0.0
	1.0	0.0	0.0	0.0
	1.0	0.0	0.0	0.0
	0.17	0.0	0.33	0.5
	0.83	0.0	0.0	0.17
	0.83	0.17	0.0	0.0
	0.17	0.0	0.0	0.83
	0.0	0.0	0.17	0.83

MEME version 4

ALPHABET= ACGT

MOTIF chr1:23707210-23707235

letter-probability matrix: alength= 4 w= 25
	0.0	0.0	1.0	0.0
	0.0	1.0	0.0	0.0
	0.0	0.33	0.67	0.0
	0.67	0.0	0.0	0.33
	0.0	0.0	0.0	1.0
	0.0	1.0	0.0	0.0
	0.67	0.0	0.0	0.33
	0.0	1.0	0.0	0.0
	1.0	0.0	0.0	0.0
	0.0	0.0	1.0	0.0
	0.0	1.0	0.0	0.0
	0.0	0.0	0.0	1.0
	0.0	1.0	0.0	0.0
	0.67	0.0	0.0	0.33
	0.0	1.0	0.0	0.0
	0.0	0.33	0.67	0.0
	0.33	0.0	0.67	0.0
	0.0	1.0	0.0	0.0
	0.67	0.33	0.0	0.0
	0.0	0.33	0.67	0.0
	0.0	1.0	0.0	0.0
	0.0	1.0	0.0	0.0
	1.0	0.0	0.0	0.0
	0.0	1.0	0.0	0.0
	0.0	0.33	0.67	0.0

MEME version 4

ALPHABET= ACGT

MOTIF chr20:44576635-44576645

letter-probability matrix: alength= 4 w= 10
	1.0	0.0	0.0	0.0
	1.0	0.0	0.0	0.0
	1.0	0.0	0.0	0.0
	1.0	0.0	0.0	0.0
	1.0	0.0	0.0	0.0
	0.17	0.0	0.33	0.5
	0.83	0.0	0.0	0.17
	0.83	0.17	0.0	0.0
	0.17	0.0	0.0	0.83
	0.0	0.0	0.17	0.83

MEME version 4

ALPHABET= ACGT

MOTIF chr20:44610834-44610859

letter-probability matrix: alength= 4 w= 25
	0.0	0.0	1.0	0.0
	0.0	1.0	0.0	0.0
	0.0	0.33	0.67	0.0
	0.67	0.0	0.0	0.33
	0.0	0.0	0.0	1.0
	0.0	1.0	0.0	0.0
	0.67	0.0	0.0	0.33
	0.0	1.0	0.0	0.0
	1.0	0.0	0.0	0.0
	0.0	0.0	1.0	0.0
	0.0	1.0	0.0	0.0
	0.0	0.0	0.0	1.0
	0.0	1.0	0.0	0.0
	0.67	0.0	0.0	0.33
	0.0	1.0	0.0	0.0
	0.0	0.33	0.67	0.0
	0.33	0.0	0.67	0.0
	0.0	1.0	0.0	0.0
	0.67	0.33	0.0	0.0
	0.0	0.33	0.67	0.0
	0.0	1.0	0.0	0.0
	0.0	1.0	0.0	0.0
	1.0	0.0	0.0	0.0
	0.0	1.0	0.0	0.0
	0.0	0.33	0.67	0.0

MEME version 4

ALPHABET= ACGT

MOTIF chr1:38146367-38146377

letter-probability matrix: alength= 4 w= 10
	1.0	0.0	0.0	0.0
	1.0	0.0	0.0	0.0
	1.0	0.0	0.0	0.0
	1.0	0.0	0.0	0.0
	1.0	0.0	0.0	0.0
	0.17	0.0	0.33	0.5
	0.83	0.0	0.0	0.17
	0.83	0.17	0.0	0.0
	0.17	0.0	0.0	0.83
	0.0	0.0	0.17	0.83

MEME version 4

ALPHABET= ACGT

MOTIF chr1:38147920-38147945

letter-probability matrix: alength= 4 w= 25
	0.0	0.0	1.0	0.0
	0.0	1.0	0.0	0.0
	0.0	0.33	0.67	0.0
	0.67	0.0	0.0	0.33
	0.0	0.0	0.0	1.0
	0.0	1.0	0.0	0.0
	0.67	0.0	0.0	0.33
	0.0	1.0	0.0	0.0
	1.0	0.0	0.0	0.0
	0.0	0.0	1.0	0.0
	0.0	1.0	0.0	0.0
	0.0	0.0	0.0	1.0
	0.0	1.0	0.0	0.0
	0.67	0.0	0.0	0.33
	0.0	1.0	0.0	0.0
	0.0	0.33	0.67	0.0
	0.33	0.0	0.67	0.0
	0.0	1.0	0.0	0.0
	0.67	0.33	0.0	0.0
	0.0	0.33	0.67	0.0
	0.0	1.0	0.0	0.0
	0.0	1.0	0.0	0.0
	1.0	0.0	0.0	0.0
	0.0	1.0	0.0	0.0
	0.0	0.33	0.67	0.0

MEME version 4

ALPHABET= ACGT

MOTIF chr17:40087310-40087320

letter-probability matrix: alength= 4 w= 10
	1.0	0.0	0.0	0.0
	1.0	0.0	0.0	0.0
	1.0	0.0	0.0	0.0
	1.0	0.0	0.0	0.0
	1.0	0.0	0.0	0.0
	0.17	0.0	0.33	0.5
	0.83	0.0	0.0	0.17
	0.83	0.17	0.0	0.0
	0.17	0.0	0.0	0.83
	0.0	0.0	0.17	0.83

MEME version 4

ALPHABET= ACGT

MOTIF chr17:40100986-40101011

letter-probability matrix: alength= 4 w= 25
	0.0	0.0	1.0	0.0
	0.0	1.0	0.0	0.0
	0.0	0.33	0.67	0.0
	0.67	0.0	0.0	0.33
	0.0	0.0	0.0	1.0
	0.0	1.0	0.0	0.0
	0.67	0.0	0.0	0.33
	0.0	1.0	0.0	0.0
	1.0	0.0	0.0	0.0
	0.0	0.0	1.0	0.0
	0.0	1.0	0.0	0.0
	0.0	0.0	0.0	1.0
	0.0	1.0	0.0	0.0
	0.67	0.0	0.0	0.33
	0.0	1.0	0.0	0.0
	0.0	0.33	0.67	0.0
	0.33	0.0	0.67	0.0
	0.0	1.0	0.0	0.0
	0.67	0.33	0.0	0.0
	0.0	0.33	0.67	0.0
	0.0	1.0	0.0	0.0
	0.0	1.0	0.0	0.0
	1.0	0.0	0.0	0.0
	0.0	1.0	0.0	0.0
	0.0	0.33	0.67	0.0

MEME version 4

ALPHABET= ACGT

MOTIF chr17:40022946-40022956

letter-probability matrix: alength= 4 w= 10
	1.0	0.0	0.0	0.0
	1.0	0.0	0.0	0.0
	1.0	0.0	0.0	0.0
	1.0	0.0	0.0	0.0
	1.0	0.0	0.0	0.0
	0.17	0.0	0.33	0.5
	0.83	0.0	0.0	0.17
	0.83	0.17	0.0	0.0
	0.17	0.0	0.0	0.83
	0.0	0.0	0.17	0.83

MEME version 4

ALPHABET= ACGT

MOTIF chr17:40100986-40101011

letter-probability matrix: alength= 4 w= 25
	0.0	0.0	1.0	0.0
	0.0	1.0	0.0	0.0
	0.0	0.33	0.67	0.0
	0.67	0.0	0.0	0.33
	0.0	0.0	0.0	1.0
	0.0	1.0	0.0	0.0
	0.67	0.0	0.0	0.33
	0.0	1.0	0.0	0.0
	1.0	0.0	0.0	0.0
	0.0	0.0	1.0	0.0
	0.0	1.0	0.0	0.0
	0.0	0.0	0.0	1.0
	0.0	1.0	0.0	0.0
	0.67	0.0	0.0	0.33
	0.0	1.0	0.0	0.0
	0.0	0.33	0.67	0.0
	0.33	0.0	0.67	0.0
	0.0	1.0	0.0	0.0
	0.67	0.33	0.0	0.0
	0.0	0.33	0.67	0.0
	0.0	1.0	0.0	0.0
	0.0	1.0	0.0	0.0
	1.0	0.0	0.0	0.0
	0.0	1.0	0.0	0.0
	0.0	0.33	0.67	0.0

MEME version 4

ALPHABET= ACGT

MOTIF chr9:140063575-140063585

letter-probability matrix: alength= 4 w= 10
	1.0	0.0	0.0	0.0
	1.0	0.0	0.0	0.0
	1.0	0.0	0.0	0.0
	1.0	0.0	0.0	0.0
	1.0	0.0	0.0	0.0
	0.17	0.0	0.33	0.5
	0.83	0.0	0.0	0.17
	0.83	0.17	0.0	0.0
	0.17	0.0	0.0	0.83
	0.0	0.0	0.17	0.83

MEME version 4

ALPHABET= ACGT

MOTIF chr9:140026449-140026474

letter-probability matrix: alength= 4 w= 25
	0.0	0.0	1.0	0.0
	0.0	1.0	0.0	0.0
	0.0	0.33	0.67	0.0
	0.67	0.0	0.0	0.33
	0.0	0.0	0.0	1.0
	0.0	1.0	0.0	0.0
	0.67	0.0	0.0	0.33
	0.0	1.0	0.0	0.0
	1.0	0.0	0.0	0.0
	0.0	0.0	1.0	0.0
	0.0	1.0	0.0	0.0
	0.0	0.0	0.0	1.0
	0.0	1.0	0.0	0.0
	0.67	0.0	0.0	0.33
	0.0	1.0	0.0	0.0
	0.0	0.33	0.67	0.0
	0.33	0.0	0.67	0.0
	0.0	1.0	0.0	0.0
	0.67	0.33	0.0	0.0
	0.0	0.33	0.67	0.0
	0.0	1.0	0.0	0.0
	0.0	1.0	0.0	0.0
	1.0	0.0	0.0	0.0
	0.0	1.0	0.0	0.0
	0.0	0.33	0.67	0.0

MEME version 4

ALPHABET= ACGT

MOTIF chr10:115593639-115593649

letter-probability matrix: alength= 4 w= 10
	1.0	0.0	0.0	0.0
	1.0	0.0	0.0	0.0
	1.0	0.0	0.0	0.0
	1.0	0.0	0.0	0.0
	1.0	0.0	0.0	0.0
	0.17	0.0	0.33	0.5
	0.83	0.0	0.0	0.17
	0.83	0.17	0.0	0.0
	0.17	0.0	0.0	0.83
	0.0	0.0	0.17	0.83

MEME version 4

ALPHABET= ACGT

MOTIF chr10:115627810-115627835

letter-probability matrix: alength= 4 w= 25
	0.0	0.0	1.0	0.0
	0.0	1.0	0.0	0.0
	0.0	0.33	0.67	0.0
	0.67	0.0	0.0	0.33
	0.0	0.0	0.0	1.0
	0.0	1.0	0.0	0.0
	0.67	0.0	0.0	0.33
	0.0	1.0	0.0	0.0
	1.0	0.0	0.0	0.0
	0.0	0.0	1.0	0.0
	0.0	1.0	0.0	0.0
	0.0	0.0	0.0	1.0
	0.0	1.0	0.0	0.0
	0.67	0.0	0.0	0.33
	0.0	1.0	0.0	0.0
	0.0	0.33	0.67	0.0
	0.33	0.0	0.67	0.0
	0.0	1.0	0.0	0.0
	0.67	0.33	0.0	0.0
	0.0	0.33	0.67	0.0
	0.0	1.0	0.0	0.0
	0.0	1.0	0.0	0.0
	1.0	0.0	0.0	0.0
	0.0	1.0	0.0	0.0
	0.0	0.33	0.67	0.0

MEME version 4

ALPHABET= ACGT

MOTIF chr3:42588625-42588635

letter-probability matrix: alength= 4 w= 10
	1.0	0.0	0.0	0.0
	1.0	0.0	0.0	0.0
	1.0	0.0	0.0	0.0
	1.0	0.0	0.0	0.0
	1.0	0.0	0.0	0.0
	0.17	0.0	0.33	0.5
	0.83	0.0	0.0	0.17
	0.83	0.17	0.0	0.0
	0.17	0.0	0.0	0.83
	0.0	0.0	0.17	0.83

MEME version 4

ALPHABET= ACGT

MOTIF chr3:42630711-42630736

letter-probability matrix: alength= 4 w= 25
	0.0	0.0	1.0	0.0
	0.0	1.0	0.0	0.0
	0.0	0.33	0.67	0.0
	0.67	0.0	0.0	0.33
	0.0	0.0	0.0	1.0
	0.0	1.0	0.0	0.0
	0.67	0.0	0.0	0.33
	0.0	1.0	0.0	0.0
	1.0	0.0	0.0	0.0
	0.0	0.0	1.0	0.0
	0.0	1.0	0.0	0.0
	0.0	0.0	0.0	1.0
	0.0	1.0	0.0	0.0
	0.67	0.0	0.0	0.33
	0.0	1.0	0.0	0.0
	0.0	0.33	0.67	0.0
	0.33	0.0	0.67	0.0
	0.0	1.0	0.0	0.0
	0.67	0.33	0.0	0.0
	0.0	0.33	0.67	0.0
	0.0	1.0	0.0	0.0
	0.0	1.0	0.0	0.0
	1.0	0.0	0.0	0.0
	0.0	1.0	0.0	0.0
	0.0	0.33	0.67	0.0

MEME version 4

ALPHABET= ACGT

MOTIF chr17:79201371-79201381

letter-probability matrix: alength= 4 w= 10
	1.0	0.0	0.0	0.0
	1.0	0.0	0.0	0.0
	1.0	0.0	0.0	0.0
	1.0	0.0	0.0	0.0
	1.0	0.0	0.0	0.0
	0.17	0.0	0.33	0.5
	0.83	0.0	0.0	0.17
	0.83	0.17	0.0	0.0
	0.17	0.0	0.0	0.83
	0.0	0.0	0.17	0.83

MEME version 4

ALPHABET= ACGT

MOTIF chr17:79184948-79184973

letter-probability matrix: alength= 4 w= 25
	0.0	0.0	1.0	0.0
	0.0	1.0	0.0	0.0
	0.0	0.33	0.67	0.0
	0.67	0.0	0.0	0.33
	0.0	0.0	0.0	1.0
	0.0	1.0	0.0	0.0
	0.67	0.0	0.0	0.33
	0.0	1.0	0.0	0.0
	1.0	0.0	0.0	0.0
	0.0	0.0	1.0	0.0
	0.0	1.0	0.0	0.0
	0.0	0.0	0.0	1.0
	0.0	1.0	0.0	0.0
	0.67	0.0	0.0	0.33
	0.0	1.0	0.0	0.0
	0.0	0.33	0.67	0.0
	0.33	0.0	0.67	0.0
	0.0	1.0	0.0	0.0
	0.67	0.33	0.0	0.0
	0.0	0.33	0.67	0.0
	0.0	1.0	0.0	0.0
	0.0	1.0	0.0	0.0
	1.0	0.0	0.0	0.0
	0.0	1.0	0.0	0.0
	0.0	0.33	0.67	0.0

MEME version 4

ALPHABET= ACGT

MOTIF chr7:66452498-66452508

letter-probability matrix: alength= 4 w= 10
	1.0	0.0	0.0	0.0
	1.0	0.0	0.0	0.0
	1.0	0.0	0.0	0.0
	1.0	0.0	0.0	0.0
	1.0	0.0	0.0	0.0
	0.17	0.0	0.33	0.5
	0.83	0.0	0.0	0.17
	0.83	0.17	0.0	0.0
	0.17	0.0	0.0	0.83
	0.0	0.0	0.17	0.83

MEME version 4

ALPHABET= ACGT

MOTIF chr7:66429224-66429249

letter-probability matrix: alength= 4 w= 25
	0.0	0.0	1.0	0.0
	0.0	1.0	0.0	0.0
	0.0	0.33	0.67	0.0
	0.67	0.0	0.0	0.33
	0.0	0.0	0.0	1.0
	0.0	1.0	0.0	0.0
	0.67	0.0	0.0	0.33
	0.0	1.0	0.0	0.0
	1.0	0.0	0.0	0.0
	0.0	0.0	1.0	0.0
	0.0	1.0	0.0	0.0
	0.0	0.0	0.0	1.0
	0.0	1.0	0.0	0.0
	0.67	0.0	0.0	0.33
	0.0	1.0	0.0	0.0
	0.0	0.33	0.67	0.0
	0.33	0.0	0.67	0.0
	0.0	1.0	0.0	0.0
	0.67	0.33	0.0	0.0
	0.0	0.33	0.67	0.0
	0.0	1.0	0.0	0.0
	0.0	1.0	0.0	0.0
	1.0	0.0	0.0	0.0
	0.0	1.0	0.0	0.0
	0.0	0.33	0.67	0.0

MEME version 4

ALPHABET= ACGT

MOTIF chr20:44601812-44601822

letter-probability matrix: alength= 4 w= 10
	1.0	0.0	0.0	0.0
	1.0	0.0	0.0	0.0
	1.0	0.0	0.0	0.0
	1.0	0.0	0.0	0.0
	1.0	0.0	0.0	0.0
	0.17	0.0	0.33	0.5
	0.83	0.0	0.0	0.17
	0.83	0.17	0.0	0.0
	0.17	0.0	0.0	0.83
	0.0	0.0	0.17	0.83

MEME version 4

ALPHABET= ACGT

MOTIF chr20:44610834-44610859

letter-probability matrix: alength= 4 w= 25
	0.0	0.0	1.0	0.0
	0.0	1.0	0.0	0.0
	0.0	0.33	0.67	0.0
	0.67	0.0	0.0	0.33
	0.0	0.0	0.0	1.0
	0.0	1.0	0.0	0.0
	0.67	0.0	0.0	0.33
	0.0	1.0	0.0	0.0
	1.0	0.0	0.0	0.0
	0.0	0.0	1.0	0.0
	0.0	1.0	0.0	0.0
	0.0	0.0	0.0	1.0
	0.0	1.0	0.0	0.0
	0.67	0.0	0.0	0.33
	0.0	1.0	0.0	0.0
	0.0	0.33	0.67	0.0
	0.33	0.0	0.67	0.0
	0.0	1.0	0.0	0.0
	0.67	0.33	0.0	0.0
	0.0	0.33	0.67	0.0
	0.0	1.0	0.0	0.0
	0.0	1.0	0.0	0.0
	1.0	0.0	0.0	0.0
	0.0	1.0	0.0	0.0
	0.0	0.33	0.67	0.0

MEME version 4

ALPHABET= ACGT

MOTIF chr20:32238494-32238504

letter-probability matrix: alength= 4 w= 10
	1.0	0.0	0.0	0.0
	1.0	0.0	0.0	0.0
	1.0	0.0	0.0	0.0
	1.0	0.0	0.0	0.0
	1.0	0.0	0.0	0.0
	0.17	0.0	0.33	0.5
	0.83	0.0	0.0	0.17
	0.83	0.17	0.0	0.0
	0.17	0.0	0.0	0.83
	0.0	0.0	0.17	0.83

MEME version 4

ALPHABET= ACGT

MOTIF chr20:32114386-32114411

letter-probability matrix: alength= 4 w= 25
	0.0	0.0	1.0	0.0
	0.0	1.0	0.0	0.0
	0.0	0.33	0.67	0.0
	0.67	0.0	0.0	0.33
	0.0	0.0	0.0	1.0
	0.0	1.0	0.0	0.0
	0.67	0.0	0.0	0.33
	0.0	1.0	0.0	0.0
	1.0	0.0	0.0	0.0
	0.0	0.0	1.0	0.0
	0.0	1.0	0.0	0.0
	0.0	0.0	0.0	1.0
	0.0	1.0	0.0	0.0
	0.67	0.0	0.0	0.33
	0.0	1.0	0.0	0.0
	0.0	0.33	0.67	0.0
	0.33	0.0	0.67	0.0
	0.0	1.0	0.0	0.0
	0.67	0.33	0.0	0.0
	0.0	0.33	0.67	0.0
	0.0	1.0	0.0	0.0
	0.0	1.0	0.0	0.0
	1.0	0.0	0.0	0.0
	0.0	1.0	0.0	0.0
	0.0	0.33	0.67	0.0

MEME version 4

ALPHABET= ACGT

MOTIF chr2:69622351-69622361

letter-probability matrix: alength= 4 w= 10
	1.0	0.0	0.0	0.0
	1.0	0.0	0.0	0.0
	1.0	0.0	0.0	0.0
	1.0	0.0	0.0	0.0
	1.0	0.0	0.0	0.0
	0.17	0.0	0.33	0.5
	0.83	0.0	0.0	0.17
	0.83	0.17	0.0	0.0
	0.17	0.0	0.0	0.83
	0.0	0.0	0.17	0.83

MEME version 4

ALPHABET= ACGT

MOTIF chr2:69684448-69684473

letter-probability matrix: alength= 4 w= 25
	0.0	0.0	1.0	0.0
	0.0	1.0	0.0	0.0
	0.0	0.33	0.67	0.0
	0.67	0.0	0.0	0.33
	0.0	0.0	0.0	1.0
	0.0	1.0	0.0	0.0
	0.67	0.0	0.0	0.33
	0.0	1.0	0.0	0.0
	1.0	0.0	0.0	0.0
	0.0	0.0	1.0	0.0
	0.0	1.0	0.0	0.0
	0.0	0.0	0.0	1.0
	0.0	1.0	0.0	0.0
	0.67	0.0	0.0	0.33
	0.0	1.0	0.0	0.0
	0.0	0.33	0.67	0.0
	0.33	0.0	0.67	0.0
	0.0	1.0	0.0	0.0
	0.67	0.33	0.0	0.0
	0.0	0.33	0.67	0.0
	0.0	1.0	0.0	0.0
	0.0	1.0	0.0	0.0
	1.0	0.0	0.0	0.0
	0.0	1.0	0.0	0.0
	0.0	0.33	0.67	0.0

MEME version 4

ALPHABET= ACGT

MOTIF chr7:143049814-143049824

letter-probability matrix: alength= 4 w= 10
	1.0	0.0	0.0	0.0
	1.0	0.0	0.0	0.0
	1.0	0.0	0.0	0.0
	1.0	0.0	0.0	0.0
	1.0	0.0	0.0	0.0
	0.17	0.0	0.33	0.5
	0.83	0.0	0.0	0.17
	0.83	0.17	0.0	0.0
	0.17	0.0	0.0	0.83
	0.0	0.0	0.17	0.83

MEME version 4

ALPHABET= ACGT

MOTIF chr7:143004111-143004136

letter-probability matrix: alength= 4 w= 25
	0.0	0.0	1.0	0.0
	0.0	1.0	0.0	0.0
	0.0	0.33	0.67	0.0
	0.67	0.0	0.0	0.33
	0.0	0.0	0.0	1.0
	0.0	1.0	0.0	0.0
	0.67	0.0	0.0	0.33
	0.0	1.0	0.0	0.0
	1.0	0.0	0.0	0.0
	0.0	0.0	1.0	0.0
	0.0	1.0	0.0	0.0
	0.0	0.0	0.0	1.0
	0.0	1.0	0.0	0.0
	0.67	0.0	0.0	0.33
	0.0	1.0	0.0	0.0
	0.0	0.33	0.67	0.0
	0.33	0.0	0.67	0.0
	0.0	1.0	0.0	0.0
	0.67	0.33	0.0	0.0
	0.0	0.33	0.67	0.0
	0.0	1.0	0.0	0.0
	0.0	1.0	0.0	0.0
	1.0	0.0	0.0	0.0
	0.0	1.0	0.0	0.0
	0.0	0.33	0.67	0.0

MEME version 4

ALPHABET= ACGT

MOTIF chr14:31568820-31568830

letter-probability matrix: alength= 4 w= 10
	1.0	0.0	0.0	0.0
	1.0	0.0	0.0	0.0
	1.0	0.0	0.0	0.0
	1.0	0.0	0.0	0.0
	1.0	0.0	0.0	0.0
	0.17	0.0	0.33	0.5
	0.83	0.0	0.0	0.17
	0.83	0.17	0.0	0.0
	0.17	0.0	0.0	0.83
	0.0	0.0	0.17	0.83

MEME version 4

ALPHABET= ACGT

MOTIF chr14:31682665-31682690

letter-probability matrix: alength= 4 w= 25
	0.0	0.0	1.0	0.0
	0.0	1.0	0.0	0.0
	0.0	0.33	0.67	0.0
	0.67	0.0	0.0	0.33
	0.0	0.0	0.0	1.0
	0.0	1.0	0.0	0.0
	0.67	0.0	0.0	0.33
	0.0	1.0	0.0	0.0
	1.0	0.0	0.0	0.0
	0.0	0.0	1.0	0.0
	0.0	1.0	0.0	0.0
	0.0	0.0	0.0	1.0
	0.0	1.0	0.0	0.0
	0.67	0.0	0.0	0.33
	0.0	1.0	0.0	0.0
	0.0	0.33	0.67	0.0
	0.33	0.0	0.67	0.0
	0.0	1.0	0.0	0.0
	0.67	0.33	0.0	0.0
	0.0	0.33	0.67	0.0
	0.0	1.0	0.0	0.0
	0.0	1.0	0.0	0.0
	1.0	0.0	0.0	0.0
	0.0	1.0	0.0	0.0
	0.0	0.33	0.67	0.0

MEME version 4

ALPHABET= ACGT

MOTIF chr12:133298020-133298030

letter-probability matrix: alength= 4 w= 10
	1.0	0.0	0.0	0.0
	1.0	0.0	0.0	0.0
	1.0	0.0	0.0	0.0
	1.0	0.0	0.0	0.0
	1.0	0.0	0.0	0.0
	0.17	0.0	0.33	0.5
	0.83	0.0	0.0	0.17
	0.83	0.17	0.0	0.0
	0.17	0.0	0.0	0.83
	0.0	0.0	0.17	0.83

MEME version 4

ALPHABET= ACGT

MOTIF chr12:133216816-133216841

letter-probability matrix: alength= 4 w= 25
	0.0	0.0	1.0	0.0
	0.0	1.0	0.0	0.0
	0.0	0.33	0.67	0.0
	0.67	0.0	0.0	0.33
	0.0	0.0	0.0	1.0
	0.0	1.0	0.0	0.0
	0.67	0.0	0.0	0.33
	0.0	1.0	0.0	0.0
	1.0	0.0	0.0	0.0
	0.0	0.0	1.0	0.0
	0.0	1.0	0.0	0.0
	0.0	0.0	0.0	1.0
	0.0	1.0	0.0	0.0
	0.67	0.0	0.0	0.33
	0.0	1.0	0.0	0.0
	0.0	0.33	0.67	0.0
	0.33	0.0	0.67	0.0
	0.0	1.0	0.0	0.0
	0.67	0.33	0.0	0.0
	0.0	0.33	0.67	0.0
	0.0	1.0	0.0	0.0
	0.0	1.0	0.0	0.0
	1.0	0.0	0.0	0.0
	0.0	1.0	0.0	0.0
	0.0	0.33	0.67	0.0

MEME version 4

ALPHABET= ACGT

MOTIF chr3:15484319-15484329

letter-probability matrix: alength= 4 w= 10
	1.0	0.0	0.0	0.0
	1.0	0.0	0.0	0.0
	1.0	0.0	0.0	0.0
	1.0	0.0	0.0	0.0
	1.0	0.0	0.0	0.0
	0.17	0.0	0.33	0.5
	0.83	0.0	0.0	0.17
	0.83	0.17	0.0	0.0
	0.17	0.0	0.0	0.83
	0.0	0.0	0.17	0.83

MEME version 4

ALPHABET= ACGT

MOTIF chr3:15500413-15500438

letter-probability matrix: alength= 4 w= 25
	0.0	0.0	1.0	0.0
	0.0	1.0	0.0	0.0
	0.0	0.33	0.67	0.0
	0.67	0.0	0.0	0.33
	0.0	0.0	0.0	1.0
	0.0	1.0	0.0	0.0
	0.67	0.0	0.0	0.33
	0.0	1.0	0.0	0.0
	1.0	0.0	0.0	0.0
	0.0	0.0	1.0	0.0
	0.0	1.0	0.0	0.0
	0.0	0.0	0.0	1.0
	0.0	1.0	0.0	0.0
	0.67	0.0	0.0	0.33
	0.0	1.0	0.0	0.0
	0.0	0.33	0.67	0.0
	0.33	0.0	0.67	0.0
	0.0	1.0	0.0	0.0
	0.67	0.33	0.0	0.0
	0.0	0.33	0.67	0.0
	0.0	1.0	0.0	0.0
	0.0	1.0	0.0	0.0
	1.0	0.0	0.0	0.0
	0.0	1.0	0.0	0.0
	0.0	0.33	0.67	0.0

MEME version 4

ALPHABET= ACGT

MOTIF chr20:32077482-32077492

letter-probability matrix: alength= 4 w= 10
	1.0	0.0	0.0	0.0
	1.0	0.0	0.0	0.0
	1.0	0.0	0.0	0.0
	1.0	0.0	0.0	0.0
	1.0	0.0	0.0	0.0
	0.17	0.0	0.33	0.5
	0.83	0.0	0.0	0.17
	0.83	0.17	0.0	0.0
	0.17	0.0	0.0	0.83
	0.0	0.0	0.17	0.83

MEME version 4

ALPHABET= ACGT

MOTIF chr20:32114386-32114411

letter-probability matrix: alength= 4 w= 25
	0.0	0.0	1.0	0.0
	0.0	1.0	0.0	0.0
	0.0	0.33	0.67	0.0
	0.67	0.0	0.0	0.33
	0.0	0.0	0.0	1.0
	0.0	1.0	0.0	0.0
	0.67	0.0	0.0	0.33
	0.0	1.0	0.0	0.0
	1.0	0.0	0.0	0.0
	0.0	0.0	1.0	0.0
	0.0	1.0	0.0	0.0
	0.0	0.0	0.0	1.0
	0.0	1.0	0.0	0.0
	0.67	0.0	0.0	0.33
	0.0	1.0	0.0	0.0
	0.0	0.33	0.67	0.0
	0.33	0.0	0.67	0.0
	0.0	1.0	0.0	0.0
	0.67	0.33	0.0	0.0
	0.0	0.33	0.67	0.0
	0.0	1.0	0.0	0.0
	0.0	1.0	0.0	0.0
	1.0	0.0	0.0	0.0
	0.0	1.0	0.0	0.0
	0.0	0.33	0.67	0.0

MEME version 4

ALPHABET= ACGT

MOTIF chr2:209223588-209223598

letter-probability matrix: alength= 4 w= 10
	1.0	0.0	0.0	0.0
	1.0	0.0	0.0	0.0
	1.0	0.0	0.0	0.0
	1.0	0.0	0.0	0.0
	1.0	0.0	0.0	0.0
	0.17	0.0	0.33	0.5
	0.83	0.0	0.0	0.17
	0.83	0.17	0.0	0.0
	0.17	0.0	0.0	0.83
	0.0	0.0	0.17	0.83

MEME version 4

ALPHABET= ACGT

MOTIF chr2:209149882-209149907

letter-probability matrix: alength= 4 w= 25
	0.0	0.0	1.0	0.0
	0.0	1.0	0.0	0.0
	0.0	0.33	0.67	0.0
	0.67	0.0	0.0	0.33
	0.0	0.0	0.0	1.0
	0.0	1.0	0.0	0.0
	0.67	0.0	0.0	0.33
	0.0	1.0	0.0	0.0
	1.0	0.0	0.0	0.0
	0.0	0.0	1.0	0.0
	0.0	1.0	0.0	0.0
	0.0	0.0	0.0	1.0
	0.0	1.0	0.0	0.0
	0.67	0.0	0.0	0.33
	0.0	1.0	0.0	0.0
	0.0	0.33	0.67	0.0
	0.33	0.0	0.67	0.0
	0.0	1.0	0.0	0.0
	0.67	0.33	0.0	0.0
	0.0	0.33	0.67	0.0
	0.0	1.0	0.0	0.0
	0.0	1.0	0.0	0.0
	1.0	0.0	0.0	0.0
	0.0	1.0	0.0	0.0
	0.0	0.33	0.67	0.0

MEME version 4

ALPHABET= ACGT

MOTIF chr2:24286663-24286673

letter-probability matrix: alength= 4 w= 10
	1.0	0.0	0.0	0.0
	1.0	0.0	0.0	0.0
	1.0	0.0	0.0	0.0
	1.0	0.0	0.0	0.0
	1.0	0.0	0.0	0.0
	0.17	0.0	0.33	0.5
	0.83	0.0	0.0	0.17
	0.83	0.17	0.0	0.0
	0.17	0.0	0.0	0.83
	0.0	0.0	0.17	0.83

MEME version 4

ALPHABET= ACGT

MOTIF chr2:24281706-24281731

letter-probability matrix: alength= 4 w= 25
	0.0	0.0	1.0	0.0
	0.0	1.0	0.0	0.0
	0.0	0.33	0.67	0.0
	0.67	0.0	0.0	0.33
	0.0	0.0	0.0	1.0
	0.0	1.0	0.0	0.0
	0.67	0.0	0.0	0.33
	0.0	1.0	0.0	0.0
	1.0	0.0	0.0	0.0
	0.0	0.0	1.0	0.0
	0.0	1.0	0.0	0.0
	0.0	0.0	0.0	1.0
	0.0	1.0	0.0	0.0
	0.67	0.0	0.0	0.33
	0.0	1.0	0.0	0.0
	0.0	0.33	0.67	0.0
	0.33	0.0	0.67	0.0
	0.0	1.0	0.0	0.0
	0.67	0.33	0.0	0.0
	0.0	0.33	0.67	0.0
	0.0	1.0	0.0	0.0
	0.0	1.0	0.0	0.0
	1.0	0.0	0.0	0.0
	0.0	1.0	0.0	0.0
	0.0	0.33	0.67	0.0

MEME version 4

ALPHABET= ACGT

MOTIF chr19:55692657-55692667

letter-probability matrix: alength= 4 w= 10
	1.0	0.0	0.0	0.0
	1.0	0.0	0.0	0.0
	1.0	0.0	0.0	0.0
	1.0	0.0	0.0	0.0
	1.0	0.0	0.0	0.0
	0.17	0.0	0.33	0.5
	0.83	0.0	0.0	0.17
	0.83	0.17	0.0	0.0
	0.17	0.0	0.0	0.83
	0.0	0.0	0.17	0.83

MEME version 4

ALPHABET= ACGT

MOTIF chr19:55696425-55696450

letter-probability matrix: alength= 4 w= 25
	0.0	0.0	1.0	0.0
	0.0	1.0	0.0	0.0
	0.0	0.33	0.67	0.0
	0.67	0.0	0.0	0.33
	0.0	0.0	0.0	1.0
	0.0	1.0	0.0	0.0
	0.67	0.0	0.0	0.33
	0.0	1.0	0.0	0.0
	1.0	0.0	0.0	0.0
	0.0	0.0	1.0	0.0
	0.0	1.0	0.0	0.0
	0.0	0.0	0.0	1.0
	0.0	1.0	0.0	0.0
	0.67	0.0	0.0	0.33
	0.0	1.0	0.0	0.0
	0.0	0.33	0.67	0.0
	0.33	0.0	0.67	0.0
	0.0	1.0	0.0	0.0
	0.67	0.33	0.0	0.0
	0.0	0.33	0.67	0.0
	0.0	1.0	0.0	0.0
	0.0	1.0	0.0	0.0
	1.0	0.0	0.0	0.0
	0.0	1.0	0.0	0.0
	0.0	0.33	0.67	0.0

MEME version 4

ALPHABET= ACGT

MOTIF chr1:29138362-29138372

letter-probability matrix: alength= 4 w= 10
	1.0	0.0	0.0	0.0
	1.0	0.0	0.0	0.0
	1.0	0.0	0.0	0.0
	1.0	0.0	0.0	0.0
	1.0	0.0	0.0	0.0
	0.17	0.0	0.33	0.5
	0.83	0.0	0.0	0.17
	0.83	0.17	0.0	0.0
	0.17	0.0	0.0	0.83
	0.0	0.0	0.17	0.83

MEME version 4

ALPHABET= ACGT

MOTIF chr1:29112624-29112649

letter-probability matrix: alength= 4 w= 25
	0.0	0.0	1.0	0.0
	0.0	1.0	0.0	0.0
	0.0	0.33	0.67	0.0
	0.67	0.0	0.0	0.33
	0.0	0.0	0.0	1.0
	0.0	1.0	0.0	0.0
	0.67	0.0	0.0	0.33
	0.0	1.0	0.0	0.0
	1.0	0.0	0.0	0.0
	0.0	0.0	1.0	0.0
	0.0	1.0	0.0	0.0
	0.0	0.0	0.0	1.0
	0.0	1.0	0.0	0.0
	0.67	0.0	0.0	0.33
	0.0	1.0	0.0	0.0
	0.0	0.33	0.67	0.0
	0.33	0.0	0.67	0.0
	0.0	1.0	0.0	0.0
	0.67	0.33	0.0	0.0
	0.0	0.33	0.67	0.0
	0.0	1.0	0.0	0.0
	0.0	1.0	0.0	0.0
	1.0	0.0	0.0	0.0
	0.0	1.0	0.0	0.0
	0.0	0.33	0.67	0.0

MEME version 4

ALPHABET= ACGT

MOTIF chr16:67263304-67263314

letter-probability matrix: alength= 4 w= 10
	1.0	0.0	0.0	0.0
	1.0	0.0	0.0	0.0
	1.0	0.0	0.0	0.0
	1.0	0.0	0.0	0.0
	1.0	0.0	0.0	0.0
	0.17	0.0	0.33	0.5
	0.83	0.0	0.0	0.17
	0.83	0.17	0.0	0.0
	0.17	0.0	0.0	0.83
	0.0	0.0	0.17	0.83

MEME version 4

ALPHABET= ACGT

MOTIF chr16:67254252-67254277

letter-probability matrix: alength= 4 w= 25
	0.0	0.0	1.0	0.0
	0.0	1.0	0.0	0.0
	0.0	0.33	0.67	0.0
	0.67	0.0	0.0	0.33
	0.0	0.0	0.0	1.0
	0.0	1.0	0.0	0.0
	0.67	0.0	0.0	0.33
	0.0	1.0	0.0	0.0
	1.0	0.0	0.0	0.0
	0.0	0.0	1.0	0.0
	0.0	1.0	0.0	0.0
	0.0	0.0	0.0	1.0
	0.0	1.0	0.0	0.0
	0.67	0.0	0.0	0.33
	0.0	1.0	0.0	0.0
	0.0	0.33	0.67	0.0
	0.33	0.0	0.67	0.0
	0.0	1.0	0.0	0.0
	0.67	0.33	0.0	0.0
	0.0	0.33	0.67	0.0
	0.0	1.0	0.0	0.0
	0.0	1.0	0.0	0.0
	1.0	0.0	0.0	0.0
	0.0	1.0	0.0	0.0
	0.0	0.33	0.67	0.0

MEME version 4

ALPHABET= ACGT

MOTIF chr12:58017138-58017148

letter-probability matrix: alength= 4 w= 10
	1.0	0.0	0.0	0.0
	1.0	0.0	0.0	0.0
	1.0	0.0	0.0	0.0
	1.0	0.0	0.0	0.0
	1.0	0.0	0.0	0.0
	0.17	0.0	0.33	0.5
	0.83	0.0	0.0	0.17
	0.83	0.17	0.0	0.0
	0.17	0.0	0.0	0.83
	0.0	0.0	0.17	0.83

MEME version 4

ALPHABET= ACGT

MOTIF chr12:58017757-58017782

letter-probability matrix: alength= 4 w= 25
	0.0	0.0	1.0	0.0
	0.0	1.0	0.0	0.0
	0.0	0.33	0.67	0.0
	0.67	0.0	0.0	0.33
	0.0	0.0	0.0	1.0
	0.0	1.0	0.0	0.0
	0.67	0.0	0.0	0.33
	0.0	1.0	0.0	0.0
	1.0	0.0	0.0	0.0
	0.0	0.0	1.0	0.0
	0.0	1.0	0.0	0.0
	0.0	0.0	0.0	1.0
	0.0	1.0	0.0	0.0
	0.67	0.0	0.0	0.33
	0.0	1.0	0.0	0.0
	0.0	0.33	0.67	0.0
	0.33	0.0	0.67	0.0
	0.0	1.0	0.0	0.0
	0.67	0.33	0.0	0.0
	0.0	0.33	0.67	0.0
	0.0	1.0	0.0	0.0
	0.0	1.0	0.0	0.0
	1.0	0.0	0.0	0.0
	0.0	1.0	0.0	0.0
	0.0	0.33	0.67	0.0

MEME version 4

ALPHABET= ACGT

MOTIF chr16:19534452-19534462

letter-probability matrix: alength= 4 w= 10
	1.0	0.0	0.0	0.0
	1.0	0.0	0.0	0.0
	1.0	0.0	0.0	0.0
	1.0	0.0	0.0	0.0
	1.0	0.0	0.0	0.0
	0.17	0.0	0.33	0.5
	0.83	0.0	0.0	0.17
	0.83	0.17	0.0	0.0
	0.17	0.0	0.0	0.83
	0.0	0.0	0.17	0.83

MEME version 4

ALPHABET= ACGT

MOTIF chr16:19566060-19566085

letter-probability matrix: alength= 4 w= 25
	0.0	0.0	1.0	0.0
	0.0	1.0	0.0	0.0
	0.0	0.33	0.67	0.0
	0.67	0.0	0.0	0.33
	0.0	0.0	0.0	1.0
	0.0	1.0	0.0	0.0
	0.67	0.0	0.0	0.33
	0.0	1.0	0.0	0.0
	1.0	0.0	0.0	0.0
	0.0	0.0	1.0	0.0
	0.0	1.0	0.0	0.0
	0.0	0.0	0.0	1.0
	0.0	1.0	0.0	0.0
	0.67	0.0	0.0	0.33
	0.0	1.0	0.0	0.0
	0.0	0.33	0.67	0.0
	0.33	0.0	0.67	0.0
	0.0	1.0	0.0	0.0
	0.67	0.33	0.0	0.0
	0.0	0.33	0.67	0.0
	0.0	1.0	0.0	0.0
	0.0	1.0	0.0	0.0
	1.0	0.0	0.0	0.0
	0.0	1.0	0.0	0.0
	0.0	0.33	0.67	0.0

MEME version 4

ALPHABET= ACGT

MOTIF chr16:18802475-18802485

letter-probability matrix: alength= 4 w= 10
	1.0	0.0	0.0	0.0
	1.0	0.0	0.0	0.0
	1.0	0.0	0.0	0.0
	1.0	0.0	0.0	0.0
	1.0	0.0	0.0	0.0
	0.17	0.0	0.33	0.5
	0.83	0.0	0.0	0.17
	0.83	0.17	0.0	0.0
	0.17	0.0	0.0	0.83
	0.0	0.0	0.17	0.83

MEME version 4

ALPHABET= ACGT

MOTIF chr16:18828701-18828726

letter-probability matrix: alength= 4 w= 25
	0.0	0.0	1.0	0.0
	0.0	1.0	0.0	0.0
	0.0	0.33	0.67	0.0
	0.67	0.0	0.0	0.33
	0.0	0.0	0.0	1.0
	0.0	1.0	0.0	0.0
	0.67	0.0	0.0	0.33
	0.0	1.0	0.0	0.0
	1.0	0.0	0.0	0.0
	0.0	0.0	1.0	0.0
	0.0	1.0	0.0	0.0
	0.0	0.0	0.0	1.0
	0.0	1.0	0.0	0.0
	0.67	0.0	0.0	0.33
	0.0	1.0	0.0	0.0
	0.0	0.33	0.67	0.0
	0.33	0.0	0.67	0.0
	0.0	1.0	0.0	0.0
	0.67	0.33	0.0	0.0
	0.0	0.33	0.67	0.0
	0.0	1.0	0.0	0.0
	0.0	1.0	0.0	0.0
	1.0	0.0	0.0	0.0
	0.0	1.0	0.0	0.0
	0.0	0.33	0.67	0.0

MEME version 4

ALPHABET= ACGT

MOTIF chr4:103715385-103715395

letter-probability matrix: alength= 4 w= 10
	1.0	0.0	0.0	0.0
	1.0	0.0	0.0	0.0
	1.0	0.0	0.0	0.0
	1.0	0.0	0.0	0.0
	1.0	0.0	0.0	0.0
	0.17	0.0	0.33	0.5
	0.83	0.0	0.0	0.17
	0.83	0.17	0.0	0.0
	0.17	0.0	0.0	0.83
	0.0	0.0	0.17	0.83

MEME version 4

ALPHABET= ACGT

MOTIF chr4:103776084-103776109

letter-probability matrix: alength= 4 w= 25
	0.0	0.0	1.0	0.0
	0.0	1.0	0.0	0.0
	0.0	0.33	0.67	0.0
	0.67	0.0	0.0	0.33
	0.0	0.0	0.0	1.0
	0.0	1.0	0.0	0.0
	0.67	0.0	0.0	0.33
	0.0	1.0	0.0	0.0
	1.0	0.0	0.0	0.0
	0.0	0.0	1.0	0.0
	0.0	1.0	0.0	0.0
	0.0	0.0	0.0	1.0
	0.0	1.0	0.0	0.0
	0.67	0.0	0.0	0.33
	0.0	1.0	0.0	0.0
	0.0	0.33	0.67	0.0
	0.33	0.0	0.67	0.0
	0.0	1.0	0.0	0.0
	0.67	0.33	0.0	0.0
	0.0	0.33	0.67	0.0
	0.0	1.0	0.0	0.0
	0.0	1.0	0.0	0.0
	1.0	0.0	0.0	0.0
	0.0	1.0	0.0	0.0
	0.0	0.33	0.67	0.0

MEME version 4

ALPHABET= ACGT

MOTIF chr19:14170332-14170342

letter-probability matrix: alength= 4 w= 10
	1.0	0.0	0.0	0.0
	1.0	0.0	0.0	0.0
	1.0	0.0	0.0	0.0
	1.0	0.0	0.0	0.0
	1.0	0.0	0.0	0.0
	0.17	0.0	0.33	0.5
	0.83	0.0	0.0	0.17
	0.83	0.17	0.0	0.0
	0.17	0.0	0.0	0.83
	0.0	0.0	0.17	0.83

MEME version 4

ALPHABET= ACGT

MOTIF chr19:14177413-14177438

letter-probability matrix: alength= 4 w= 25
	0.0	0.0	1.0	0.0
	0.0	1.0	0.0	0.0
	0.0	0.33	0.67	0.0
	0.67	0.0	0.0	0.33
	0.0	0.0	0.0	1.0
	0.0	1.0	0.0	0.0
	0.67	0.0	0.0	0.33
	0.0	1.0	0.0	0.0
	1.0	0.0	0.0	0.0
	0.0	0.0	1.0	0.0
	0.0	1.0	0.0	0.0
	0.0	0.0	0.0	1.0
	0.0	1.0	0.0	0.0
	0.67	0.0	0.0	0.33
	0.0	1.0	0.0	0.0
	0.0	0.33	0.67	0.0
	0.33	0.0	0.67	0.0
	0.0	1.0	0.0	0.0
	0.67	0.33	0.0	0.0
	0.0	0.33	0.67	0.0
	0.0	1.0	0.0	0.0
	0.0	1.0	0.0	0.0
	1.0	0.0	0.0	0.0
	0.0	1.0	0.0	0.0
	0.0	0.33	0.67	0.0

MEME version 4

ALPHABET= ACGT

MOTIF chr1:161148180-161148190

letter-probability matrix: alength= 4 w= 10
	1.0	0.0	0.0	0.0
	1.0	0.0	0.0	0.0
	1.0	0.0	0.0	0.0
	1.0	0.0	0.0	0.0
	1.0	0.0	0.0	0.0
	0.17	0.0	0.33	0.5
	0.83	0.0	0.0	0.17
	0.83	0.17	0.0	0.0
	0.17	0.0	0.0	0.83
	0.0	0.0	0.17	0.83

MEME version 4

ALPHABET= ACGT

MOTIF chr1:161125843-161125868

letter-probability matrix: alength= 4 w= 25
	0.0	0.0	1.0	0.0
	0.0	1.0	0.0	0.0
	0.0	0.33	0.67	0.0
	0.67	0.0	0.0	0.33
	0.0	0.0	0.0	1.0
	0.0	1.0	0.0	0.0
	0.67	0.0	0.0	0.33
	0.0	1.0	0.0	0.0
	1.0	0.0	0.0	0.0
	0.0	0.0	1.0	0.0
	0.0	1.0	0.0	0.0
	0.0	0.0	0.0	1.0
	0.0	1.0	0.0	0.0
	0.67	0.0	0.0	0.33
	0.0	1.0	0.0	0.0
	0.0	0.33	0.67	0.0
	0.33	0.0	0.67	0.0
	0.0	1.0	0.0	0.0
	0.67	0.33	0.0	0.0
	0.0	0.33	0.67	0.0
	0.0	1.0	0.0	0.0
	0.0	1.0	0.0	0.0
	1.0	0.0	0.0	0.0
	0.0	1.0	0.0	0.0
	0.0	0.33	0.67	0.0

MEME version 4

ALPHABET= ACGT

MOTIF chr7:75676578-75676588

letter-probability matrix: alength= 4 w= 10
	1.0	0.0	0.0	0.0
	1.0	0.0	0.0	0.0
	1.0	0.0	0.0	0.0
	1.0	0.0	0.0	0.0
	1.0	0.0	0.0	0.0
	0.17	0.0	0.33	0.5
	0.83	0.0	0.0	0.17
	0.83	0.17	0.0	0.0
	0.17	0.0	0.0	0.83
	0.0	0.0	0.17	0.83

MEME version 4

ALPHABET= ACGT

MOTIF chr7:75649065-75649090

letter-probability matrix: alength= 4 w= 25
	0.0	0.0	1.0	0.0
	0.0	1.0	0.0	0.0
	0.0	0.33	0.67	0.0
	0.67	0.0	0.0	0.33
	0.0	0.0	0.0	1.0
	0.0	1.0	0.0	0.0
	0.67	0.0	0.0	0.33
	0.0	1.0	0.0	0.0
	1.0	0.0	0.0	0.0
	0.0	0.0	1.0	0.0
	0.0	1.0	0.0	0.0
	0.0	0.0	0.0	1.0
	0.0	1.0	0.0	0.0
	0.67	0.0	0.0	0.33
	0.0	1.0	0.0	0.0
	0.0	0.33	0.67	0.0
	0.33	0.0	0.67	0.0
	0.0	1.0	0.0	0.0
	0.67	0.33	0.0	0.0
	0.0	0.33	0.67	0.0
	0.0	1.0	0.0	0.0
	0.0	1.0	0.0	0.0
	1.0	0.0	0.0	0.0
	0.0	1.0	0.0	0.0
	0.0	0.33	0.67	0.0

MEME version 4

ALPHABET= ACGT

MOTIF chr5:112211736-112211746

letter-probability matrix: alength= 4 w= 10
	1.0	0.0	0.0	0.0
	1.0	0.0	0.0	0.0
	1.0	0.0	0.0	0.0
	1.0	0.0	0.0	0.0
	1.0	0.0	0.0	0.0
	0.17	0.0	0.33	0.5
	0.83	0.0	0.0	0.17
	0.83	0.17	0.0	0.0
	0.17	0.0	0.0	0.83
	0.0	0.0	0.17	0.83

MEME version 4

ALPHABET= ACGT

MOTIF chr5:112276399-112276424

letter-probability matrix: alength= 4 w= 25
	0.0	0.0	1.0	0.0
	0.0	1.0	0.0	0.0
	0.0	0.33	0.67	0.0
	0.67	0.0	0.0	0.33
	0.0	0.0	0.0	1.0
	0.0	1.0	0.0	0.0
	0.67	0.0	0.0	0.33
	0.0	1.0	0.0	0.0
	1.0	0.0	0.0	0.0
	0.0	0.0	1.0	0.0
	0.0	1.0	0.0	0.0
	0.0	0.0	0.0	1.0
	0.0	1.0	0.0	0.0
	0.67	0.0	0.0	0.33
	0.0	1.0	0.0	0.0
	0.0	0.33	0.67	0.0
	0.33	0.0	0.67	0.0
	0.0	1.0	0.0	0.0
	0.67	0.33	0.0	0.0
	0.0	0.33	0.67	0.0
	0.0	1.0	0.0	0.0
	0.0	1.0	0.0	0.0
	1.0	0.0	0.0	0.0
	0.0	1.0	0.0	0.0
	0.0	0.33	0.67	0.0

MEME version 4

ALPHABET= ACGT

MOTIF chr12:82751480-82751490

letter-probability matrix: alength= 4 w= 10
	1.0	0.0	0.0	0.0
	1.0	0.0	0.0	0.0
	1.0	0.0	0.0	0.0
	1.0	0.0	0.0	0.0
	1.0	0.0	0.0	0.0
	0.17	0.0	0.33	0.5
	0.83	0.0	0.0	0.17
	0.83	0.17	0.0	0.0
	0.17	0.0	0.0	0.83
	0.0	0.0	0.17	0.83

MEME version 4

ALPHABET= ACGT

MOTIF chr12:82744158-82744183

letter-probability matrix: alength= 4 w= 25
	0.0	0.0	1.0	0.0
	0.0	1.0	0.0	0.0
	0.0	0.33	0.67	0.0
	0.67	0.0	0.0	0.33
	0.0	0.0	0.0	1.0
	0.0	1.0	0.0	0.0
	0.67	0.0	0.0	0.33
	0.0	1.0	0.0	0.0
	1.0	0.0	0.0	0.0
	0.0	0.0	1.0	0.0
	0.0	1.0	0.0	0.0
	0.0	0.0	0.0	1.0
	0.0	1.0	0.0	0.0
	0.67	0.0	0.0	0.33
	0.0	1.0	0.0	0.0
	0.0	0.33	0.67	0.0
	0.33	0.0	0.67	0.0
	0.0	1.0	0.0	0.0
	0.67	0.33	0.0	0.0
	0.0	0.33	0.67	0.0
	0.0	1.0	0.0	0.0
	0.0	1.0	0.0	0.0
	1.0	0.0	0.0	0.0
	0.0	1.0	0.0	0.0
	0.0	0.33	0.67	0.0

MEME version 4

ALPHABET= ACGT

MOTIF chr13:31737282-31737292

letter-probability matrix: alength= 4 w= 10
	1.0	0.0	0.0	0.0
	1.0	0.0	0.0	0.0
	1.0	0.0	0.0	0.0
	1.0	0.0	0.0	0.0
	1.0	0.0	0.0	0.0
	0.17	0.0	0.33	0.5
	0.83	0.0	0.0	0.17
	0.83	0.17	0.0	0.0
	0.17	0.0	0.0	0.83
	0.0	0.0	0.17	0.83

MEME version 4

ALPHABET= ACGT

MOTIF chr13:31753670-31753695

letter-probability matrix: alength= 4 w= 25
	0.0	0.0	1.0	0.0
	0.0	1.0	0.0	0.0
	0.0	0.33	0.67	0.0
	0.67	0.0	0.0	0.33
	0.0	0.0	0.0	1.0
	0.0	1.0	0.0	0.0
	0.67	0.0	0.0	0.33
	0.0	1.0	0.0	0.0
	1.0	0.0	0.0	0.0
	0.0	0.0	1.0	0.0
	0.0	1.0	0.0	0.0
	0.0	0.0	0.0	1.0
	0.0	1.0	0.0	0.0
	0.67	0.0	0.0	0.33
	0.0	1.0	0.0	0.0
	0.0	0.33	0.67	0.0
	0.33	0.0	0.67	0.0
	0.0	1.0	0.0	0.0
	0.67	0.33	0.0	0.0
	0.0	0.33	0.67	0.0
	0.0	1.0	0.0	0.0
	0.0	1.0	0.0	0.0
	1.0	0.0	0.0	0.0
	0.0	1.0	0.0	0.0
	0.0	0.33	0.67	0.0

MEME version 4

ALPHABET= ACGT

MOTIF chr19:17434217-17434227

letter-probability matrix: alength= 4 w= 10
	1.0	0.0	0.0	0.0
	1.0	0.0	0.0	0.0
	1.0	0.0	0.0	0.0
	1.0	0.0	0.0	0.0
	1.0	0.0	0.0	0.0
	0.17	0.0	0.33	0.5
	0.83	0.0	0.0	0.17
	0.83	0.17	0.0	0.0
	0.17	0.0	0.0	0.83
	0.0	0.0	0.17	0.83

MEME version 4

ALPHABET= ACGT

MOTIF chr19:17444002-17444027

letter-probability matrix: alength= 4 w= 25
	0.0	0.0	1.0	0.0
	0.0	1.0	0.0	0.0
	0.0	0.33	0.67	0.0
	0.67	0.0	0.0	0.33
	0.0	0.0	0.0	1.0
	0.0	1.0	0.0	0.0
	0.67	0.0	0.0	0.33
	0.0	1.0	0.0	0.0
	1.0	0.0	0.0	0.0
	0.0	0.0	1.0	0.0
	0.0	1.0	0.0	0.0
	0.0	0.0	0.0	1.0
	0.0	1.0	0.0	0.0
	0.67	0.0	0.0	0.33
	0.0	1.0	0.0	0.0
	0.0	0.33	0.67	0.0
	0.33	0.0	0.67	0.0
	0.0	1.0	0.0	0.0
	0.67	0.33	0.0	0.0
	0.0	0.33	0.67	0.0
	0.0	1.0	0.0	0.0
	0.0	1.0	0.0	0.0
	1.0	0.0	0.0	0.0
	0.0	1.0	0.0	0.0
	0.0	0.33	0.67	0.0

MEME version 4

ALPHABET= ACGT

MOTIF chr2:24271595-24271605

letter-probability matrix: alength= 4 w= 10
	1.0	0.0	0.0	0.0
	1.0	0.0	0.0	0.0
	1.0	0.0	0.0	0.0
	1.0	0.0	0.0	0.0
	1.0	0.0	0.0	0.0
	0.17	0.0	0.33	0.5
	0.83	0.0	0.0	0.17
	0.83	0.17	0.0	0.0
	0.17	0.0	0.0	0.83
	0.0	0.0	0.17	0.83

MEME version 4

ALPHABET= ACGT

MOTIF chr2:24281706-24281731

letter-probability matrix: alength= 4 w= 25
	0.0	0.0	1.0	0.0
	0.0	1.0	0.0	0.0
	0.0	0.33	0.67	0.0
	0.67	0.0	0.0	0.33
	0.0	0.0	0.0	1.0
	0.0	1.0	0.0	0.0
	0.67	0.0	0.0	0.33
	0.0	1.0	0.0	0.0
	1.0	0.0	0.0	0.0
	0.0	0.0	1.0	0.0
	0.0	1.0	0.0	0.0
	0.0	0.0	0.0	1.0
	0.0	1.0	0.0	0.0
	0.67	0.0	0.0	0.33
	0.0	1.0	0.0	0.0
	0.0	0.33	0.67	0.0
	0.33	0.0	0.67	0.0
	0.0	1.0	0.0	0.0
	0.67	0.33	0.0	0.0
	0.0	0.33	0.67	0.0
	0.0	1.0	0.0	0.0
	0.0	1.0	0.0	0.0
	1.0	0.0	0.0	0.0
	0.0	1.0	0.0	0.0
	0.0	0.33	0.67	0.0

MEME version 4

ALPHABET= ACGT

MOTIF chr5:112258991-112259001

letter-probability matrix: alength= 4 w= 10
	1.0	0.0	0.0	0.0
	1.0	0.0	0.0	0.0
	1.0	0.0	0.0	0.0
	1.0	0.0	0.0	0.0
	1.0	0.0	0.0	0.0
	0.17	0.0	0.33	0.5
	0.83	0.0	0.0	0.17
	0.83	0.17	0.0	0.0
	0.17	0.0	0.0	0.83
	0.0	0.0	0.17	0.83

MEME version 4

ALPHABET= ACGT

MOTIF chr5:112276399-112276424

letter-probability matrix: alength= 4 w= 25
	0.0	0.0	1.0	0.0
	0.0	1.0	0.0	0.0
	0.0	0.33	0.67	0.0
	0.67	0.0	0.0	0.33
	0.0	0.0	0.0	1.0
	0.0	1.0	0.0	0.0
	0.67	0.0	0.0	0.33
	0.0	1.0	0.0	0.0
	1.0	0.0	0.0	0.0
	0.0	0.0	1.0	0.0
	0.0	1.0	0.0	0.0
	0.0	0.0	0.0	1.0
	0.0	1.0	0.0	0.0
	0.67	0.0	0.0	0.33
	0.0	1.0	0.0	0.0
	0.0	0.33	0.67	0.0
	0.33	0.0	0.67	0.0
	0.0	1.0	0.0	0.0
	0.67	0.33	0.0	0.0
	0.0	0.33	0.67	0.0
	0.0	1.0	0.0	0.0
	0.0	1.0	0.0	0.0
	1.0	0.0	0.0	0.0
	0.0	1.0	0.0	0.0
	0.0	0.33	0.67	0.0

MEME version 4

ALPHABET= ACGT

MOTIF chr9:103064321-103064331

letter-probability matrix: alength= 4 w= 10
	1.0	0.0	0.0	0.0
	1.0	0.0	0.0	0.0
	1.0	0.0	0.0	0.0
	1.0	0.0	0.0	0.0
	1.0	0.0	0.0	0.0
	0.17	0.0	0.33	0.5
	0.83	0.0	0.0	0.17
	0.83	0.17	0.0	0.0
	0.17	0.0	0.0	0.83
	0.0	0.0	0.17	0.83

MEME version 4

ALPHABET= ACGT

MOTIF chr9:103139541-103139566

letter-probability matrix: alength= 4 w= 25
	0.0	0.0	1.0	0.0
	0.0	1.0	0.0	0.0
	0.0	0.33	0.67	0.0
	0.67	0.0	0.0	0.33
	0.0	0.0	0.0	1.0
	0.0	1.0	0.0	0.0
	0.67	0.0	0.0	0.33
	0.0	1.0	0.0	0.0
	1.0	0.0	0.0	0.0
	0.0	0.0	1.0	0.0
	0.0	1.0	0.0	0.0
	0.0	0.0	0.0	1.0
	0.0	1.0	0.0	0.0
	0.67	0.0	0.0	0.33
	0.0	1.0	0.0	0.0
	0.0	0.33	0.67	0.0
	0.33	0.0	0.67	0.0
	0.0	1.0	0.0	0.0
	0.67	0.33	0.0	0.0
	0.0	0.33	0.67	0.0
	0.0	1.0	0.0	0.0
	0.0	1.0	0.0	0.0
	1.0	0.0	0.0	0.0
	0.0	1.0	0.0	0.0
	0.0	0.33	0.67	0.0

MEME version 4

ALPHABET= ACGT

MOTIF chr4:103811066-103811076

letter-probability matrix: alength= 4 w= 10
	1.0	0.0	0.0	0.0
	1.0	0.0	0.0	0.0
	1.0	0.0	0.0	0.0
	1.0	0.0	0.0	0.0
	1.0	0.0	0.0	0.0
	0.17	0.0	0.33	0.5
	0.83	0.0	0.0	0.17
	0.83	0.17	0.0	0.0
	0.17	0.0	0.0	0.83
	0.0	0.0	0.17	0.83

MEME version 4

ALPHABET= ACGT

MOTIF chr4:103776084-103776109

letter-probability matrix: alength= 4 w= 25
	0.0	0.0	1.0	0.0
	0.0	1.0	0.0	0.0
	0.0	0.33	0.67	0.0
	0.67	0.0	0.0	0.33
	0.0	0.0	0.0	1.0
	0.0	1.0	0.0	0.0
	0.67	0.0	0.0	0.33
	0.0	1.0	0.0	0.0
	1.0	0.0	0.0	0.0
	0.0	0.0	1.0	0.0
	0.0	1.0	0.0	0.0
	0.0	0.0	0.0	1.0
	0.0	1.0	0.0	0.0
	0.67	0.0	0.0	0.33
	0.0	1.0	0.0	0.0
	0.0	0.33	0.67	0.0
	0.33	0.0	0.67	0.0
	0.0	1.0	0.0	0.0
	0.67	0.33	0.0	0.0
	0.0	0.33	0.67	0.0
	0.0	1.0	0.0	0.0
	0.0	1.0	0.0	0.0
	1.0	0.0	0.0	0.0
	0.0	1.0	0.0	0.0
	0.0	0.33	0.67	0.0

MEME version 4

ALPHABET= ACGT

MOTIF chr10:43880789-43880799

letter-probability matrix: alength= 4 w= 10
	1.0	0.0	0.0	0.0
	1.0	0.0	0.0	0.0
	1.0	0.0	0.0	0.0
	1.0	0.0	0.0	0.0
	1.0	0.0	0.0	0.0
	0.17	0.0	0.33	0.5
	0.83	0.0	0.0	0.17
	0.83	0.17	0.0	0.0
	0.17	0.0	0.0	0.83
	0.0	0.0	0.17	0.83

MEME version 4

ALPHABET= ACGT

MOTIF chr10:43908444-43908469

letter-probability matrix: alength= 4 w= 25
	0.0	0.0	1.0	0.0
	0.0	1.0	0.0	0.0
	0.0	0.33	0.67	0.0
	0.67	0.0	0.0	0.33
	0.0	0.0	0.0	1.0
	0.0	1.0	0.0	0.0
	0.67	0.0	0.0	0.33
	0.0	1.0	0.0	0.0
	1.0	0.0	0.0	0.0
	0.0	0.0	1.0	0.0
	0.0	1.0	0.0	0.0
	0.0	0.0	0.0	1.0
	0.0	1.0	0.0	0.0
	0.67	0.0	0.0	0.33
	0.0	1.0	0.0	0.0
	0.0	0.33	0.67	0.0
	0.33	0.0	0.67	0.0
	0.0	1.0	0.0	0.0
	0.67	0.33	0.0	0.0
	0.0	0.33	0.67	0.0
	0.0	1.0	0.0	0.0
	0.0	1.0	0.0	0.0
	1.0	0.0	0.0	0.0
	0.0	1.0	0.0	0.0
	0.0	0.33	0.67	0.0

MEME version 4

ALPHABET= ACGT

MOTIF chr2:68686131-68686141

letter-probability matrix: alength= 4 w= 10
	1.0	0.0	0.0	0.0
	1.0	0.0	0.0	0.0
	1.0	0.0	0.0	0.0
	1.0	0.0	0.0	0.0
	1.0	0.0	0.0	0.0
	0.17	0.0	0.33	0.5
	0.83	0.0	0.0	0.17
	0.83	0.17	0.0	0.0
	0.17	0.0	0.0	0.83
	0.0	0.0	0.17	0.83

MEME version 4

ALPHABET= ACGT

MOTIF chr2:68710236-68710261

letter-probability matrix: alength= 4 w= 25
	0.0	0.0	1.0	0.0
	0.0	1.0	0.0	0.0
	0.0	0.33	0.67	0.0
	0.67	0.0	0.0	0.33
	0.0	0.0	0.0	1.0
	0.0	1.0	0.0	0.0
	0.67	0.0	0.0	0.33
	0.0	1.0	0.0	0.0
	1.0	0.0	0.0	0.0
	0.0	0.0	1.0	0.0
	0.0	1.0	0.0	0.0
	0.0	0.0	0.0	1.0
	0.0	1.0	0.0	0.0
	0.67	0.0	0.0	0.33
	0.0	1.0	0.0	0.0
	0.0	0.33	0.67	0.0
	0.33	0.0	0.67	0.0
	0.0	1.0	0.0	0.0
	0.67	0.33	0.0	0.0
	0.0	0.33	0.67	0.0
	0.0	1.0	0.0	0.0
	0.0	1.0	0.0	0.0
	1.0	0.0	0.0	0.0
	0.0	1.0	0.0	0.0
	0.0	0.33	0.67	0.0

MEME version 4

ALPHABET= ACGT

MOTIF chr1:23699006-23699016

letter-probability matrix: alength= 4 w= 10
	1.0	0.0	0.0	0.0
	1.0	0.0	0.0	0.0
	1.0	0.0	0.0	0.0
	1.0	0.0	0.0	0.0
	1.0	0.0	0.0	0.0
	0.17	0.0	0.33	0.5
	0.83	0.0	0.0	0.17
	0.83	0.17	0.0	0.0
	0.17	0.0	0.0	0.83
	0.0	0.0	0.17	0.83

MEME version 4

ALPHABET= ACGT

MOTIF chr1:23707210-23707235

letter-probability matrix: alength= 4 w= 25
	0.0	0.0	1.0	0.0
	0.0	1.0	0.0	0.0
	0.0	0.33	0.67	0.0
	0.67	0.0	0.0	0.33
	0.0	0.0	0.0	1.0
	0.0	1.0	0.0	0.0
	0.67	0.0	0.0	0.33
	0.0	1.0	0.0	0.0
	1.0	0.0	0.0	0.0
	0.0	0.0	1.0	0.0
	0.0	1.0	0.0	0.0
	0.0	0.0	0.0	1.0
	0.0	1.0	0.0	0.0
	0.67	0.0	0.0	0.33
	0.0	1.0	0.0	0.0
	0.0	0.33	0.67	0.0
	0.33	0.0	0.67	0.0
	0.0	1.0	0.0	0.0
	0.67	0.33	0.0	0.0
	0.0	0.33	0.67	0.0
	0.0	1.0	0.0	0.0
	0.0	1.0	0.0	0.0
	1.0	0.0	0.0	0.0
	0.0	1.0	0.0	0.0
	0.0	0.33	0.67	0.0

MEME version 4

ALPHABET= ACGT

MOTIF chr7:25159622-25159632

letter-probability matrix: alength= 4 w= 10
	1.0	0.0	0.0	0.0
	1.0	0.0	0.0	0.0
	1.0	0.0	0.0	0.0
	1.0	0.0	0.0	0.0
	1.0	0.0	0.0	0.0
	0.17	0.0	0.33	0.5
	0.83	0.0	0.0	0.17
	0.83	0.17	0.0	0.0
	0.17	0.0	0.0	0.83
	0.0	0.0	0.17	0.83

MEME version 4

ALPHABET= ACGT

MOTIF chr7:25113475-25113500

letter-probability matrix: alength= 4 w= 25
	0.0	0.0	1.0	0.0
	0.0	1.0	0.0	0.0
	0.0	0.33	0.67	0.0
	0.67	0.0	0.0	0.33
	0.0	0.0	0.0	1.0
	0.0	1.0	0.0	0.0
	0.67	0.0	0.0	0.33
	0.0	1.0	0.0	0.0
	1.0	0.0	0.0	0.0
	0.0	0.0	1.0	0.0
	0.0	1.0	0.0	0.0
	0.0	0.0	0.0	1.0
	0.0	1.0	0.0	0.0
	0.67	0.0	0.0	0.33
	0.0	1.0	0.0	0.0
	0.0	0.33	0.67	0.0
	0.33	0.0	0.67	0.0
	0.0	1.0	0.0	0.0
	0.67	0.33	0.0	0.0
	0.0	0.33	0.67	0.0
	0.0	1.0	0.0	0.0
	0.0	1.0	0.0	0.0
	1.0	0.0	0.0	0.0
	0.0	1.0	0.0	0.0
	0.0	0.33	0.67	0.0

MEME version 4

ALPHABET= ACGT

MOTIF chr20:43946447-43946457

letter-probability matrix: alength= 4 w= 10
	1.0	0.0	0.0	0.0
	1.0	0.0	0.0	0.0
	1.0	0.0	0.0	0.0
	1.0	0.0	0.0	0.0
	1.0	0.0	0.0	0.0
	0.17	0.0	0.33	0.5
	0.83	0.0	0.0	0.17
	0.83	0.17	0.0	0.0
	0.17	0.0	0.0	0.83
	0.0	0.0	0.17	0.83

MEME version 4

ALPHABET= ACGT

MOTIF chr20:43945088-43945113

letter-probability matrix: alength= 4 w= 25
	0.0	0.0	1.0	0.0
	0.0	1.0	0.0	0.0
	0.0	0.33	0.67	0.0
	0.67	0.0	0.0	0.33
	0.0	0.0	0.0	1.0
	0.0	1.0	0.0	0.0
	0.67	0.0	0.0	0.33
	0.0	1.0	0.0	0.0
	1.0	0.0	0.0	0.0
	0.0	0.0	1.0	0.0
	0.0	1.0	0.0	0.0
	0.0	0.0	0.0	1.0
	0.0	1.0	0.0	0.0
	0.67	0.0	0.0	0.33
	0.0	1.0	0.0	0.0
	0.0	0.33	0.67	0.0
	0.33	0.0	0.67	0.0
	0.0	1.0	0.0	0.0
	0.67	0.33	0.0	0.0
	0.0	0.33	0.67	0.0
	0.0	1.0	0.0	0.0
	0.0	1.0	0.0	0.0
	1.0	0.0	0.0	0.0
	0.0	1.0	0.0	0.0
	0.0	0.33	0.67	0.0

MEME version 4

ALPHABET= ACGT

MOTIF chrX:129319224-129319234

letter-probability matrix: alength= 4 w= 10
	1.0	0.0	0.0	0.0
	1.0	0.0	0.0	0.0
	1.0	0.0	0.0	0.0
	1.0	0.0	0.0	0.0
	1.0	0.0	0.0	0.0
	0.17	0.0	0.33	0.5
	0.83	0.0	0.0	0.17
	0.83	0.17	0.0	0.0
	0.17	0.0	0.0	0.83
	0.0	0.0	0.17	0.83

MEME version 4

ALPHABET= ACGT

MOTIF chrX:129274748-129274773

letter-probability matrix: alength= 4 w= 25
	0.0	0.0	1.0	0.0
	0.0	1.0	0.0	0.0
	0.0	0.33	0.67	0.0
	0.67	0.0	0.0	0.33
	0.0	0.0	0.0	1.0
	0.0	1.0	0.0	0.0
	0.67	0.0	0.0	0.33
	0.0	1.0	0.0	0.0
	1.0	0.0	0.0	0.0
	0.0	0.0	1.0	0.0
	0.0	1.0	0.0	0.0
	0.0	0.0	0.0	1.0
	0.0	1.0	0.0	0.0
	0.67	0.0	0.0	0.33
	0.0	1.0	0.0	0.0
	0.0	0.33	0.67	0.0
	0.33	0.0	0.67	0.0
	0.0	1.0	0.0	0.0
	0.67	0.33	0.0	0.0
	0.0	0.33	0.67	0.0
	0.0	1.0	0.0	0.0
	0.0	1.0	0.0	0.0
	1.0	0.0	0.0	0.0
	0.0	1.0	0.0	0.0
	0.0	0.33	0.67	0.0

MEME version 4

ALPHABET= ACGT

MOTIF chr15:91359326-91359336

letter-probability matrix: alength= 4 w= 10
	1.0	0.0	0.0	0.0
	1.0	0.0	0.0	0.0
	1.0	0.0	0.0	0.0
	1.0	0.0	0.0	0.0
	1.0	0.0	0.0	0.0
	0.17	0.0	0.33	0.5
	0.83	0.0	0.0	0.17
	0.83	0.17	0.0	0.0
	0.17	0.0	0.0	0.83
	0.0	0.0	0.17	0.83

MEME version 4

ALPHABET= ACGT

MOTIF chr15:91240155-91240180

letter-probability matrix: alength= 4 w= 25
	0.0	0.0	1.0	0.0
	0.0	1.0	0.0	0.0
	0.0	0.33	0.67	0.0
	0.67	0.0	0.0	0.33
	0.0	0.0	0.0	1.0
	0.0	1.0	0.0	0.0
	0.67	0.0	0.0	0.33
	0.0	1.0	0.0	0.0
	1.0	0.0	0.0	0.0
	0.0	0.0	1.0	0.0
	0.0	1.0	0.0	0.0
	0.0	0.0	0.0	1.0
	0.0	1.0	0.0	0.0
	0.67	0.0	0.0	0.33
	0.0	1.0	0.0	0.0
	0.0	0.33	0.67	0.0
	0.33	0.0	0.67	0.0
	0.0	1.0	0.0	0.0
	0.67	0.33	0.0	0.0
	0.0	0.33	0.67	0.0
	0.0	1.0	0.0	0.0
	0.0	1.0	0.0	0.0
	1.0	0.0	0.0	0.0
	0.0	1.0	0.0	0.0
	0.0	0.33	0.67	0.0

MEME version 4

ALPHABET= ACGT

MOTIF chr20:43151196-43151206

letter-probability matrix: alength= 4 w= 10
	1.0	0.0	0.0	0.0
	1.0	0.0	0.0	0.0
	1.0	0.0	0.0	0.0
	1.0	0.0	0.0	0.0
	1.0	0.0	0.0	0.0
	0.17	0.0	0.33	0.5
	0.83	0.0	0.0	0.17
	0.83	0.17	0.0	0.0
	0.17	0.0	0.0	0.83
	0.0	0.0	0.17	0.83

MEME version 4

ALPHABET= ACGT

MOTIF chr20:43165633-43165658

letter-probability matrix: alength= 4 w= 25
	0.0	0.0	1.0	0.0
	0.0	1.0	0.0	0.0
	0.0	0.33	0.67	0.0
	0.67	0.0	0.0	0.33
	0.0	0.0	0.0	1.0
	0.0	1.0	0.0	0.0
	0.67	0.0	0.0	0.33
	0.0	1.0	0.0	0.0
	1.0	0.0	0.0	0.0
	0.0	0.0	1.0	0.0
	0.0	1.0	0.0	0.0
	0.0	0.0	0.0	1.0
	0.0	1.0	0.0	0.0
	0.67	0.0	0.0	0.33
	0.0	1.0	0.0	0.0
	0.0	0.33	0.67	0.0
	0.33	0.0	0.67	0.0
	0.0	1.0	0.0	0.0
	0.67	0.33	0.0	0.0
	0.0	0.33	0.67	0.0
	0.0	1.0	0.0	0.0
	0.0	1.0	0.0	0.0
	1.0	0.0	0.0	0.0
	0.0	1.0	0.0	0.0
	0.0	0.33	0.67	0.0

MEME version 4

ALPHABET= ACGT

MOTIF chr7:2392767-2392777

letter-probability matrix: alength= 4 w= 10
	1.0	0.0	0.0	0.0
	1.0	0.0	0.0	0.0
	1.0	0.0	0.0	0.0
	1.0	0.0	0.0	0.0
	1.0	0.0	0.0	0.0
	0.17	0.0	0.33	0.5
	0.83	0.0	0.0	0.17
	0.83	0.17	0.0	0.0
	0.17	0.0	0.0	0.83
	0.0	0.0	0.17	0.83

MEME version 4

ALPHABET= ACGT

MOTIF chr7:2370041-2370066

letter-probability matrix: alength= 4 w= 25
	0.0	0.0	1.0	0.0
	0.0	1.0	0.0	0.0
	0.0	0.33	0.67	0.0
	0.67	0.0	0.0	0.33
	0.0	0.0	0.0	1.0
	0.0	1.0	0.0	0.0
	0.67	0.0	0.0	0.33
	0.0	1.0	0.0	0.0
	1.0	0.0	0.0	0.0
	0.0	0.0	1.0	0.0
	0.0	1.0	0.0	0.0
	0.0	0.0	0.0	1.0
	0.0	1.0	0.0	0.0
	0.67	0.0	0.0	0.33
	0.0	1.0	0.0	0.0
	0.0	0.33	0.67	0.0
	0.33	0.0	0.67	0.0
	0.0	1.0	0.0	0.0
	0.67	0.33	0.0	0.0
	0.0	0.33	0.67	0.0
	0.0	1.0	0.0	0.0
	0.0	1.0	0.0	0.0
	1.0	0.0	0.0	0.0
	0.0	1.0	0.0	0.0
	0.0	0.33	0.67	0.0

MEME version 4

ALPHABET= ACGT

MOTIF chr19:33168339-33168349

letter-probability matrix: alength= 4 w= 10
	1.0	0.0	0.0	0.0
	1.0	0.0	0.0	0.0
	1.0	0.0	0.0	0.0
	1.0	0.0	0.0	0.0
	1.0	0.0	0.0	0.0
	0.17	0.0	0.33	0.5
	0.83	0.0	0.0	0.17
	0.83	0.17	0.0	0.0
	0.17	0.0	0.0	0.83
	0.0	0.0	0.17	0.83

MEME version 4

ALPHABET= ACGT

MOTIF chr19:33179387-33179412

letter-probability matrix: alength= 4 w= 25
	0.0	0.0	1.0	0.0
	0.0	1.0	0.0	0.0
	0.0	0.33	0.67	0.0
	0.67	0.0	0.0	0.33
	0.0	0.0	0.0	1.0
	0.0	1.0	0.0	0.0
	0.67	0.0	0.0	0.33
	0.0	1.0	0.0	0.0
	1.0	0.0	0.0	0.0
	0.0	0.0	1.0	0.0
	0.0	1.0	0.0	0.0
	0.0	0.0	0.0	1.0
	0.0	1.0	0.0	0.0
	0.67	0.0	0.0	0.33
	0.0	1.0	0.0	0.0
	0.0	0.33	0.67	0.0
	0.33	0.0	0.67	0.0
	0.0	1.0	0.0	0.0
	0.67	0.33	0.0	0.0
	0.0	0.33	0.67	0.0
	0.0	1.0	0.0	0.0
	0.0	1.0	0.0	0.0
	1.0	0.0	0.0	0.0
	0.0	1.0	0.0	0.0
	0.0	0.33	0.67	0.0

MEME version 4

ALPHABET= ACGT

MOTIF chr16:19512323-19512333

letter-probability matrix: alength= 4 w= 10
	1.0	0.0	0.0	0.0
	1.0	0.0	0.0	0.0
	1.0	0.0	0.0	0.0
	1.0	0.0	0.0	0.0
	1.0	0.0	0.0	0.0
	0.17	0.0	0.33	0.5
	0.83	0.0	0.0	0.17
	0.83	0.17	0.0	0.0
	0.17	0.0	0.0	0.83
	0.0	0.0	0.17	0.83

MEME version 4

ALPHABET= ACGT

MOTIF chr16:19566060-19566085

letter-probability matrix: alength= 4 w= 25
	0.0	0.0	1.0	0.0
	0.0	1.0	0.0	0.0
	0.0	0.33	0.67	0.0
	0.67	0.0	0.0	0.33
	0.0	0.0	0.0	1.0
	0.0	1.0	0.0	0.0
	0.67	0.0	0.0	0.33
	0.0	1.0	0.0	0.0
	1.0	0.0	0.0	0.0
	0.0	0.0	1.0	0.0
	0.0	1.0	0.0	0.0
	0.0	0.0	0.0	1.0
	0.0	1.0	0.0	0.0
	0.67	0.0	0.0	0.33
	0.0	1.0	0.0	0.0
	0.0	0.33	0.67	0.0
	0.33	0.0	0.67	0.0
	0.0	1.0	0.0	0.0
	0.67	0.33	0.0	0.0
	0.0	0.33	0.67	0.0
	0.0	1.0	0.0	0.0
	0.0	1.0	0.0	0.0
	1.0	0.0	0.0	0.0
	0.0	1.0	0.0	0.0
	0.0	0.33	0.67	0.0

MEME version 4

ALPHABET= ACGT

MOTIF chr9:103115796-103115806

letter-probability matrix: alength= 4 w= 10
	1.0	0.0	0.0	0.0
	1.0	0.0	0.0	0.0
	1.0	0.0	0.0	0.0
	1.0	0.0	0.0	0.0
	1.0	0.0	0.0	0.0
	0.17	0.0	0.33	0.5
	0.83	0.0	0.0	0.17
	0.83	0.17	0.0	0.0
	0.17	0.0	0.0	0.83
	0.0	0.0	0.17	0.83

MEME version 4

ALPHABET= ACGT

MOTIF chr9:103139541-103139566

letter-probability matrix: alength= 4 w= 25
	0.0	0.0	1.0	0.0
	0.0	1.0	0.0	0.0
	0.0	0.33	0.67	0.0
	0.67	0.0	0.0	0.33
	0.0	0.0	0.0	1.0
	0.0	1.0	0.0	0.0
	0.67	0.0	0.0	0.33
	0.0	1.0	0.0	0.0
	1.0	0.0	0.0	0.0
	0.0	0.0	1.0	0.0
	0.0	1.0	0.0	0.0
	0.0	0.0	0.0	1.0
	0.0	1.0	0.0	0.0
	0.67	0.0	0.0	0.33
	0.0	1.0	0.0	0.0
	0.0	0.33	0.67	0.0
	0.33	0.0	0.67	0.0
	0.0	1.0	0.0	0.0
	0.67	0.33	0.0	0.0
	0.0	0.33	0.67	0.0
	0.0	1.0	0.0	0.0
	0.0	1.0	0.0	0.0
	1.0	0.0	0.0	0.0
	0.0	1.0	0.0	0.0
	0.0	0.33	0.67	0.0

MEME version 4

ALPHABET= ACGT

MOTIF chr9:79010269-79010279

letter-probability matrix: alength= 4 w= 10
	1.0	0.0	0.0	0.0
	1.0	0.0	0.0	0.0
	1.0	0.0	0.0	0.0
	1.0	0.0	0.0	0.0
	1.0	0.0	0.0	0.0
	0.17	0.0	0.33	0.5
	0.83	0.0	0.0	0.17
	0.83	0.17	0.0	0.0
	0.17	0.0	0.0	0.83
	0.0	0.0	0.17	0.83

MEME version 4

ALPHABET= ACGT

MOTIF chr9:79027723-79027748

letter-probability matrix: alength= 4 w= 25
	0.0	0.0	1.0	0.0
	0.0	1.0	0.0	0.0
	0.0	0.33	0.67	0.0
	0.67	0.0	0.0	0.33
	0.0	0.0	0.0	1.0
	0.0	1.0	0.0	0.0
	0.67	0.0	0.0	0.33
	0.0	1.0	0.0	0.0
	1.0	0.0	0.0	0.0
	0.0	0.0	1.0	0.0
	0.0	1.0	0.0	0.0
	0.0	0.0	0.0	1.0
	0.0	1.0	0.0	0.0
	0.67	0.0	0.0	0.33
	0.0	1.0	0.0	0.0
	0.0	0.33	0.67	0.0
	0.33	0.0	0.67	0.0
	0.0	1.0	0.0	0.0
	0.67	0.33	0.0	0.0
	0.0	0.33	0.67	0.0
	0.0	1.0	0.0	0.0
	0.0	1.0	0.0	0.0
	1.0	0.0	0.0	0.0
	0.0	1.0	0.0	0.0
	0.0	0.33	0.67	0.0

MEME version 4

ALPHABET= ACGT

MOTIF chr16:67260219-67260229

letter-probability matrix: alength= 4 w= 10
	1.0	0.0	0.0	0.0
	1.0	0.0	0.0	0.0
	1.0	0.0	0.0	0.0
	1.0	0.0	0.0	0.0
	1.0	0.0	0.0	0.0
	0.17	0.0	0.33	0.5
	0.83	0.0	0.0	0.17
	0.83	0.17	0.0	0.0
	0.17	0.0	0.0	0.83
	0.0	0.0	0.17	0.83

MEME version 4

ALPHABET= ACGT

MOTIF chr16:67254252-67254277

letter-probability matrix: alength= 4 w= 25
	0.0	0.0	1.0	0.0
	0.0	1.0	0.0	0.0
	0.0	0.33	0.67	0.0
	0.67	0.0	0.0	0.33
	0.0	0.0	0.0	1.0
	0.0	1.0	0.0	0.0
	0.67	0.0	0.0	0.33
	0.0	1.0	0.0	0.0
	1.0	0.0	0.0	0.0
	0.0	0.0	1.0	0.0
	0.0	1.0	0.0	0.0
	0.0	0.0	0.0	1.0
	0.0	1.0	0.0	0.0
	0.67	0.0	0.0	0.33
	0.0	1.0	0.0	0.0
	0.0	0.33	0.67	0.0
	0.33	0.0	0.67	0.0
	0.0	1.0	0.0	0.0
	0.67	0.33	0.0	0.0
	0.0	0.33	0.67	0.0
	0.0	1.0	0.0	0.0
	0.0	1.0	0.0	0.0
	1.0	0.0	0.0	0.0
	0.0	1.0	0.0	0.0
	0.0	0.33	0.67	0.0

MEME version 4

ALPHABET= ACGT

MOTIF chr4:74860601-74860611

letter-probability matrix: alength= 4 w= 10
	1.0	0.0	0.0	0.0
	1.0	0.0	0.0	0.0
	1.0	0.0	0.0	0.0
	1.0	0.0	0.0	0.0
	1.0	0.0	0.0	0.0
	0.17	0.0	0.33	0.5
	0.83	0.0	0.0	0.17
	0.83	0.17	0.0	0.0
	0.17	0.0	0.0	0.83
	0.0	0.0	0.17	0.83

MEME version 4

ALPHABET= ACGT

MOTIF chr4:74853718-74853743

letter-probability matrix: alength= 4 w= 25
	0.0	0.0	1.0	0.0
	0.0	1.0	0.0	0.0
	0.0	0.33	0.67	0.0
	0.67	0.0	0.0	0.33
	0.0	0.0	0.0	1.0
	0.0	1.0	0.0	0.0
	0.67	0.0	0.0	0.33
	0.0	1.0	0.0	0.0
	1.0	0.0	0.0	0.0
	0.0	0.0	1.0	0.0
	0.0	1.0	0.0	0.0
	0.0	0.0	0.0	1.0
	0.0	1.0	0.0	0.0
	0.67	0.0	0.0	0.33
	0.0	1.0	0.0	0.0
	0.0	0.33	0.67	0.0
	0.33	0.0	0.67	0.0
	0.0	1.0	0.0	0.0
	0.67	0.33	0.0	0.0
	0.0	0.33	0.67	0.0
	0.0	1.0	0.0	0.0
	0.0	1.0	0.0	0.0
	1.0	0.0	0.0	0.0
	0.0	1.0	0.0	0.0
	0.0	0.33	0.67	0.0

MEME version 4

ALPHABET= ACGT

MOTIF chr2:209100646-209100656

letter-probability matrix: alength= 4 w= 10
	1.0	0.0	0.0	0.0
	1.0	0.0	0.0	0.0
	1.0	0.0	0.0	0.0
	1.0	0.0	0.0	0.0
	1.0	0.0	0.0	0.0
	0.17	0.0	0.33	0.5
	0.83	0.0	0.0	0.17
	0.83	0.17	0.0	0.0
	0.17	0.0	0.0	0.83
	0.0	0.0	0.17	0.83

MEME version 4

ALPHABET= ACGT

MOTIF chr2:209149882-209149907

letter-probability matrix: alength= 4 w= 25
	0.0	0.0	1.0	0.0
	0.0	1.0	0.0	0.0
	0.0	0.33	0.67	0.0
	0.67	0.0	0.0	0.33
	0.0	0.0	0.0	1.0
	0.0	1.0	0.0	0.0
	0.67	0.0	0.0	0.33
	0.0	1.0	0.0	0.0
	1.0	0.0	0.0	0.0
	0.0	0.0	1.0	0.0
	0.0	1.0	0.0	0.0
	0.0	0.0	0.0	1.0
	0.0	1.0	0.0	0.0
	0.67	0.0	0.0	0.33
	0.0	1.0	0.0	0.0
	0.0	0.33	0.67	0.0
	0.33	0.0	0.67	0.0
	0.0	1.0	0.0	0.0
	0.67	0.33	0.0	0.0
	0.0	0.33	0.67	0.0
	0.0	1.0	0.0	0.0
	0.0	1.0	0.0	0.0
	1.0	0.0	0.0	0.0
	0.0	1.0	0.0	0.0
	0.0	0.33	0.67	0.0

MEME version 4

ALPHABET= ACGT

MOTIF chr16:20861742-20861752

letter-probability matrix: alength= 4 w= 10
	1.0	0.0	0.0	0.0
	1.0	0.0	0.0	0.0
	1.0	0.0	0.0	0.0
	1.0	0.0	0.0	0.0
	1.0	0.0	0.0	0.0
	0.17	0.0	0.33	0.5
	0.83	0.0	0.0	0.17
	0.83	0.17	0.0	0.0
	0.17	0.0	0.0	0.83
	0.0	0.0	0.17	0.83

MEME version 4

ALPHABET= ACGT

MOTIF chr16:20851144-20851169

letter-probability matrix: alength= 4 w= 25
	0.0	0.0	1.0	0.0
	0.0	1.0	0.0	0.0
	0.0	0.33	0.67	0.0
	0.67	0.0	0.0	0.33
	0.0	0.0	0.0	1.0
	0.0	1.0	0.0	0.0
	0.67	0.0	0.0	0.33
	0.0	1.0	0.0	0.0
	1.0	0.0	0.0	0.0
	0.0	0.0	1.0	0.0
	0.0	1.0	0.0	0.0
	0.0	0.0	0.0	1.0
	0.0	1.0	0.0	0.0
	0.67	0.0	0.0	0.33
	0.0	1.0	0.0	0.0
	0.0	0.33	0.67	0.0
	0.33	0.0	0.67	0.0
	0.0	1.0	0.0	0.0
	0.67	0.33	0.0	0.0
	0.0	0.33	0.67	0.0
	0.0	1.0	0.0	0.0
	0.0	1.0	0.0	0.0
	1.0	0.0	0.0	0.0
	0.0	1.0	0.0	0.0
	0.0	0.33	0.67	0.0

MEME version 4

ALPHABET= ACGT

MOTIF chr1:204484981-204484991

letter-probability matrix: alength= 4 w= 10
	1.0	0.0	0.0	0.0
	1.0	0.0	0.0	0.0
	1.0	0.0	0.0	0.0
	1.0	0.0	0.0	0.0
	1.0	0.0	0.0	0.0
	0.17	0.0	0.33	0.5
	0.83	0.0	0.0	0.17
	0.83	0.17	0.0	0.0
	0.17	0.0	0.0	0.83
	0.0	0.0	0.17	0.83

MEME version 4

ALPHABET= ACGT

MOTIF chr1:204476867-204476892

letter-probability matrix: alength= 4 w= 25
	0.0	0.0	1.0	0.0
	0.0	1.0	0.0	0.0
	0.0	0.33	0.67	0.0
	0.67	0.0	0.0	0.33
	0.0	0.0	0.0	1.0
	0.0	1.0	0.0	0.0
	0.67	0.0	0.0	0.33
	0.0	1.0	0.0	0.0
	1.0	0.0	0.0	0.0
	0.0	0.0	1.0	0.0
	0.0	1.0	0.0	0.0
	0.0	0.0	0.0	1.0
	0.0	1.0	0.0	0.0
	0.67	0.0	0.0	0.33
	0.0	1.0	0.0	0.0
	0.0	0.33	0.67	0.0
	0.33	0.0	0.67	0.0
	0.0	1.0	0.0	0.0
	0.67	0.33	0.0	0.0
	0.0	0.33	0.67	0.0
	0.0	1.0	0.0	0.0
	0.0	1.0	0.0	0.0
	1.0	0.0	0.0	0.0
	0.0	1.0	0.0	0.0
	0.0	0.33	0.67	0.0

MEME version 4

ALPHABET= ACGT

MOTIF chr17:79633287-79633297

letter-probability matrix: alength= 4 w= 10
	1.0	0.0	0.0	0.0
	1.0	0.0	0.0	0.0
	1.0	0.0	0.0	0.0
	1.0	0.0	0.0	0.0
	1.0	0.0	0.0	0.0
	0.17	0.0	0.33	0.5
	0.83	0.0	0.0	0.17
	0.83	0.17	0.0	0.0
	0.17	0.0	0.0	0.83
	0.0	0.0	0.17	0.83

MEME version 4

ALPHABET= ACGT

MOTIF chr17:79612039-79612064

letter-probability matrix: alength= 4 w= 25
	0.0	0.0	1.0	0.0
	0.0	1.0	0.0	0.0
	0.0	0.33	0.67	0.0
	0.67	0.0	0.0	0.33
	0.0	0.0	0.0	1.0
	0.0	1.0	0.0	0.0
	0.67	0.0	0.0	0.33
	0.0	1.0	0.0	0.0
	1.0	0.0	0.0	0.0
	0.0	0.0	1.0	0.0
	0.0	1.0	0.0	0.0
	0.0	0.0	0.0	1.0
	0.0	1.0	0.0	0.0
	0.67	0.0	0.0	0.33
	0.0	1.0	0.0	0.0
	0.0	0.33	0.67	0.0
	0.33	0.0	0.67	0.0
	0.0	1.0	0.0	0.0
	0.67	0.33	0.0	0.0
	0.0	0.33	0.67	0.0
	0.0	1.0	0.0	0.0
	0.0	1.0	0.0	0.0
	1.0	0.0	0.0	0.0
	0.0	1.0	0.0	0.0
	0.0	0.33	0.67	0.0

MEME version 4

ALPHABET= ACGT

MOTIF chr15:64679425-64679435

letter-probability matrix: alength= 4 w= 10
	1.0	0.0	0.0	0.0
	1.0	0.0	0.0	0.0
	1.0	0.0	0.0	0.0
	1.0	0.0	0.0	0.0
	1.0	0.0	0.0	0.0
	0.17	0.0	0.33	0.5
	0.83	0.0	0.0	0.17
	0.83	0.17	0.0	0.0
	0.17	0.0	0.0	0.83
	0.0	0.0	0.17	0.83

MEME version 4

ALPHABET= ACGT

MOTIF chr15:64697416-64697441

letter-probability matrix: alength= 4 w= 25
	0.0	0.0	1.0	0.0
	0.0	1.0	0.0	0.0
	0.0	0.33	0.67	0.0
	0.67	0.0	0.0	0.33
	0.0	0.0	0.0	1.0
	0.0	1.0	0.0	0.0
	0.67	0.0	0.0	0.33
	0.0	1.0	0.0	0.0
	1.0	0.0	0.0	0.0
	0.0	0.0	1.0	0.0
	0.0	1.0	0.0	0.0
	0.0	0.0	0.0	1.0
	0.0	1.0	0.0	0.0
	0.67	0.0	0.0	0.33
	0.0	1.0	0.0	0.0
	0.0	0.33	0.67	0.0
	0.33	0.0	0.67	0.0
	0.0	1.0	0.0	0.0
	0.67	0.33	0.0	0.0
	0.0	0.33	0.67	0.0
	0.0	1.0	0.0	0.0
	0.0	1.0	0.0	0.0
	1.0	0.0	0.0	0.0
	0.0	1.0	0.0	0.0
	0.0	0.33	0.67	0.0

MEME version 4

ALPHABET= ACGT

MOTIF chr3:138554541-138554551

letter-probability matrix: alength= 4 w= 10
	1.0	0.0	0.0	0.0
	1.0	0.0	0.0	0.0
	1.0	0.0	0.0	0.0
	1.0	0.0	0.0	0.0
	1.0	0.0	0.0	0.0
	0.17	0.0	0.33	0.5
	0.83	0.0	0.0	0.17
	0.83	0.17	0.0	0.0
	0.17	0.0	0.0	0.83
	0.0	0.0	0.17	0.83

MEME version 4

ALPHABET= ACGT

MOTIF chr3:138534746-138534771

letter-probability matrix: alength= 4 w= 25
	0.0	0.0	1.0	0.0
	0.0	1.0	0.0	0.0
	0.0	0.33	0.67	0.0
	0.67	0.0	0.0	0.33
	0.0	0.0	0.0	1.0
	0.0	1.0	0.0	0.0
	0.67	0.0	0.0	0.33
	0.0	1.0	0.0	0.0
	1.0	0.0	0.0	0.0
	0.0	0.0	1.0	0.0
	0.0	1.0	0.0	0.0
	0.0	0.0	0.0	1.0
	0.0	1.0	0.0	0.0
	0.67	0.0	0.0	0.33
	0.0	1.0	0.0	0.0
	0.0	0.33	0.67	0.0
	0.33	0.0	0.67	0.0
	0.0	1.0	0.0	0.0
	0.67	0.33	0.0	0.0
	0.0	0.33	0.67	0.0
	0.0	1.0	0.0	0.0
	0.0	1.0	0.0	0.0
	1.0	0.0	0.0	0.0
	0.0	1.0	0.0	0.0
	0.0	0.33	0.67	0.0

MEME version 4

ALPHABET= ACGT

MOTIF chr6:26016658-26016668

letter-probability matrix: alength= 4 w= 10
	1.0	0.0	0.0	0.0
	1.0	0.0	0.0	0.0
	1.0	0.0	0.0	0.0
	1.0	0.0	0.0	0.0
	1.0	0.0	0.0	0.0
	0.17	0.0	0.33	0.5
	0.83	0.0	0.0	0.17
	0.83	0.17	0.0	0.0
	0.17	0.0	0.0	0.83
	0.0	0.0	0.17	0.83

MEME version 4

ALPHABET= ACGT

MOTIF chr6:26007685-26007710

letter-probability matrix: alength= 4 w= 25
	0.0	0.0	1.0	0.0
	0.0	1.0	0.0	0.0
	0.0	0.33	0.67	0.0
	0.67	0.0	0.0	0.33
	0.0	0.0	0.0	1.0
	0.0	1.0	0.0	0.0
	0.67	0.0	0.0	0.33
	0.0	1.0	0.0	0.0
	1.0	0.0	0.0	0.0
	0.0	0.0	1.0	0.0
	0.0	1.0	0.0	0.0
	0.0	0.0	0.0	1.0
	0.0	1.0	0.0	0.0
	0.67	0.0	0.0	0.33
	0.0	1.0	0.0	0.0
	0.0	0.33	0.67	0.0
	0.33	0.0	0.67	0.0
	0.0	1.0	0.0	0.0
	0.67	0.33	0.0	0.0
	0.0	0.33	0.67	0.0
	0.0	1.0	0.0	0.0
	0.0	1.0	0.0	0.0
	1.0	0.0	0.0	0.0
	0.0	1.0	0.0	0.0
	0.0	0.33	0.67	0.0

MEME version 4

ALPHABET= ACGT

MOTIF chr8:105479787-105479797

letter-probability matrix: alength= 4 w= 10
	1.0	0.0	0.0	0.0
	1.0	0.0	0.0	0.0
	1.0	0.0	0.0	0.0
	1.0	0.0	0.0	0.0
	1.0	0.0	0.0	0.0
	0.17	0.0	0.33	0.5
	0.83	0.0	0.0	0.17
	0.83	0.17	0.0	0.0
	0.17	0.0	0.0	0.83
	0.0	0.0	0.17	0.83

MEME version 4

ALPHABET= ACGT

MOTIF chr8:105458862-105458887

letter-probability matrix: alength= 4 w= 25
	0.0	0.0	1.0	0.0
	0.0	1.0	0.0	0.0
	0.0	0.33	0.67	0.0
	0.67	0.0	0.0	0.33
	0.0	0.0	0.0	1.0
	0.0	1.0	0.0	0.0
	0.67	0.0	0.0	0.33
	0.0	1.0	0.0	0.0
	1.0	0.0	0.0	0.0
	0.0	0.0	1.0	0.0
	0.0	1.0	0.0	0.0
	0.0	0.0	0.0	1.0
	0.0	1.0	0.0	0.0
	0.67	0.0	0.0	0.33
	0.0	1.0	0.0	0.0
	0.0	0.33	0.67	0.0
	0.33	0.0	0.67	0.0
	0.0	1.0	0.0	0.0
	0.67	0.33	0.0	0.0
	0.0	0.33	0.67	0.0
	0.0	1.0	0.0	0.0
	0.0	1.0	0.0	0.0
	1.0	0.0	0.0	0.0
	0.0	1.0	0.0	0.0
	0.0	0.33	0.67	0.0

MEME version 4

ALPHABET= ACGT

MOTIF chr12:122325823-122325833

letter-probability matrix: alength= 4 w= 10
	1.0	0.0	0.0	0.0
	1.0	0.0	0.0	0.0
	1.0	0.0	0.0	0.0
	1.0	0.0	0.0	0.0
	1.0	0.0	0.0	0.0
	0.17	0.0	0.33	0.5
	0.83	0.0	0.0	0.17
	0.83	0.17	0.0	0.0
	0.17	0.0	0.0	0.83
	0.0	0.0	0.17	0.83

MEME version 4

ALPHABET= ACGT

MOTIF chr12:122319513-122319538

letter-probability matrix: alength= 4 w= 25
	0.0	0.0	1.0	0.0
	0.0	1.0	0.0	0.0
	0.0	0.33	0.67	0.0
	0.67	0.0	0.0	0.33
	0.0	0.0	0.0	1.0
	0.0	1.0	0.0	0.0
	0.67	0.0	0.0	0.33
	0.0	1.0	0.0	0.0
	1.0	0.0	0.0	0.0
	0.0	0.0	1.0	0.0
	0.0	1.0	0.0	0.0
	0.0	0.0	0.0	1.0
	0.0	1.0	0.0	0.0
	0.67	0.0	0.0	0.33
	0.0	1.0	0.0	0.0
	0.0	0.33	0.67	0.0
	0.33	0.0	0.67	0.0
	0.0	1.0	0.0	0.0
	0.67	0.33	0.0	0.0
	0.0	0.33	0.67	0.0
	0.0	1.0	0.0	0.0
	0.0	1.0	0.0	0.0
	1.0	0.0	0.0	0.0
	0.0	1.0	0.0	0.0
	0.0	0.33	0.67	0.0

MEME version 4

ALPHABET= ACGT

MOTIF chr11:63973719-63973729

letter-probability matrix: alength= 4 w= 10
	1.0	0.0	0.0	0.0
	1.0	0.0	0.0	0.0
	1.0	0.0	0.0	0.0
	1.0	0.0	0.0	0.0
	1.0	0.0	0.0	0.0
	0.17	0.0	0.33	0.5
	0.83	0.0	0.0	0.17
	0.83	0.17	0.0	0.0
	0.17	0.0	0.0	0.83
	0.0	0.0	0.17	0.83

MEME version 4

ALPHABET= ACGT

MOTIF chr11:63966054-63966079

letter-probability matrix: alength= 4 w= 25
	0.0	0.0	1.0	0.0
	0.0	1.0	0.0	0.0
	0.0	0.33	0.67	0.0
	0.67	0.0	0.0	0.33
	0.0	0.0	0.0	1.0
	0.0	1.0	0.0	0.0
	0.67	0.0	0.0	0.33
	0.0	1.0	0.0	0.0
	1.0	0.0	0.0	0.0
	0.0	0.0	1.0	0.0
	0.0	1.0	0.0	0.0
	0.0	0.0	0.0	1.0
	0.0	1.0	0.0	0.0
	0.67	0.0	0.0	0.33
	0.0	1.0	0.0	0.0
	0.0	0.33	0.67	0.0
	0.33	0.0	0.67	0.0
	0.0	1.0	0.0	0.0
	0.67	0.33	0.0	0.0
	0.0	0.33	0.67	0.0
	0.0	1.0	0.0	0.0
	0.0	1.0	0.0	0.0
	1.0	0.0	0.0	0.0
	0.0	1.0	0.0	0.0
	0.0	0.33	0.67	0.0

MEME version 4

ALPHABET= ACGT

MOTIF chr17:56633351-56633361

letter-probability matrix: alength= 4 w= 10
	1.0	0.0	0.0	0.0
	1.0	0.0	0.0	0.0
	1.0	0.0	0.0	0.0
	1.0	0.0	0.0	0.0
	1.0	0.0	0.0	0.0
	0.17	0.0	0.33	0.5
	0.83	0.0	0.0	0.17
	0.83	0.17	0.0	0.0
	0.17	0.0	0.0	0.83
	0.0	0.0	0.17	0.83

MEME version 4

ALPHABET= ACGT

MOTIF chr17:56774406-56774431

letter-probability matrix: alength= 4 w= 25
	0.0	0.0	1.0	0.0
	0.0	1.0	0.0	0.0
	0.0	0.33	0.67	0.0
	0.67	0.0	0.0	0.33
	0.0	0.0	0.0	1.0
	0.0	1.0	0.0	0.0
	0.67	0.0	0.0	0.33
	0.0	1.0	0.0	0.0
	1.0	0.0	0.0	0.0
	0.0	0.0	1.0	0.0
	0.0	1.0	0.0	0.0
	0.0	0.0	0.0	1.0
	0.0	1.0	0.0	0.0
	0.67	0.0	0.0	0.33
	0.0	1.0	0.0	0.0
	0.0	0.33	0.67	0.0
	0.33	0.0	0.67	0.0
	0.0	1.0	0.0	0.0
	0.67	0.33	0.0	0.0
	0.0	0.33	0.67	0.0
	0.0	1.0	0.0	0.0
	0.0	1.0	0.0	0.0
	1.0	0.0	0.0	0.0
	0.0	1.0	0.0	0.0
	0.0	0.33	0.67	0.0

MEME version 4

ALPHABET= ACGT

MOTIF chr1:247615720-247615730

letter-probability matrix: alength= 4 w= 10
	1.0	0.0	0.0	0.0
	1.0	0.0	0.0	0.0
	1.0	0.0	0.0	0.0
	1.0	0.0	0.0	0.0
	1.0	0.0	0.0	0.0
	0.17	0.0	0.33	0.5
	0.83	0.0	0.0	0.17
	0.83	0.17	0.0	0.0
	0.17	0.0	0.0	0.83
	0.0	0.0	0.17	0.83

MEME version 4

ALPHABET= ACGT

MOTIF chr1:247633095-247633120

letter-probability matrix: alength= 4 w= 25
	0.0	0.0	1.0	0.0
	0.0	1.0	0.0	0.0
	0.0	0.33	0.67	0.0
	0.67	0.0	0.0	0.33
	0.0	0.0	0.0	1.0
	0.0	1.0	0.0	0.0
	0.67	0.0	0.0	0.33
	0.0	1.0	0.0	0.0
	1.0	0.0	0.0	0.0
	0.0	0.0	1.0	0.0
	0.0	1.0	0.0	0.0
	0.0	0.0	0.0	1.0
	0.0	1.0	0.0	0.0
	0.67	0.0	0.0	0.33
	0.0	1.0	0.0	0.0
	0.0	0.33	0.67	0.0
	0.33	0.0	0.67	0.0
	0.0	1.0	0.0	0.0
	0.67	0.33	0.0	0.0
	0.0	0.33	0.67	0.0
	0.0	1.0	0.0	0.0
	0.0	1.0	0.0	0.0
	1.0	0.0	0.0	0.0
	0.0	1.0	0.0	0.0
	0.0	0.33	0.67	0.0

MEME version 4

ALPHABET= ACGT

MOTIF chr1:161135510-161135520

letter-probability matrix: alength= 4 w= 10
	1.0	0.0	0.0	0.0
	1.0	0.0	0.0	0.0
	1.0	0.0	0.0	0.0
	1.0	0.0	0.0	0.0
	1.0	0.0	0.0	0.0
	0.17	0.0	0.33	0.5
	0.83	0.0	0.0	0.17
	0.83	0.17	0.0	0.0
	0.17	0.0	0.0	0.83
	0.0	0.0	0.17	0.83

MEME version 4

ALPHABET= ACGT

MOTIF chr1:161125843-161125868

letter-probability matrix: alength= 4 w= 25
	0.0	0.0	1.0	0.0
	0.0	1.0	0.0	0.0
	0.0	0.33	0.67	0.0
	0.67	0.0	0.0	0.33
	0.0	0.0	0.0	1.0
	0.0	1.0	0.0	0.0
	0.67	0.0	0.0	0.33
	0.0	1.0	0.0	0.0
	1.0	0.0	0.0	0.0
	0.0	0.0	1.0	0.0
	0.0	1.0	0.0	0.0
	0.0	0.0	0.0	1.0
	0.0	1.0	0.0	0.0
	0.67	0.0	0.0	0.33
	0.0	1.0	0.0	0.0
	0.0	0.33	0.67	0.0
	0.33	0.0	0.67	0.0
	0.0	1.0	0.0	0.0
	0.67	0.33	0.0	0.0
	0.0	0.33	0.67	0.0
	0.0	1.0	0.0	0.0
	0.0	1.0	0.0	0.0
	1.0	0.0	0.0	0.0
	0.0	1.0	0.0	0.0
	0.0	0.33	0.67	0.0

MEME version 4

ALPHABET= ACGT

MOTIF chr17:41830492-41830502

letter-probability matrix: alength= 4 w= 10
	1.0	0.0	0.0	0.0
	1.0	0.0	0.0	0.0
	1.0	0.0	0.0	0.0
	1.0	0.0	0.0	0.0
	1.0	0.0	0.0	0.0
	0.17	0.0	0.33	0.5
	0.83	0.0	0.0	0.17
	0.83	0.17	0.0	0.0
	0.17	0.0	0.0	0.83
	0.0	0.0	0.17	0.83

MEME version 4

ALPHABET= ACGT

MOTIF chr17:41840283-41840308

letter-probability matrix: alength= 4 w= 25
	0.0	0.0	1.0	0.0
	0.0	1.0	0.0	0.0
	0.0	0.33	0.67	0.0
	0.67	0.0	0.0	0.33
	0.0	0.0	0.0	1.0
	0.0	1.0	0.0	0.0
	0.67	0.0	0.0	0.33
	0.0	1.0	0.0	0.0
	1.0	0.0	0.0	0.0
	0.0	0.0	1.0	0.0
	0.0	1.0	0.0	0.0
	0.0	0.0	0.0	1.0
	0.0	1.0	0.0	0.0
	0.67	0.0	0.0	0.33
	0.0	1.0	0.0	0.0
	0.0	0.33	0.67	0.0
	0.33	0.0	0.67	0.0
	0.0	1.0	0.0	0.0
	0.67	0.33	0.0	0.0
	0.0	0.33	0.67	0.0
	0.0	1.0	0.0	0.0
	0.0	1.0	0.0	0.0
	1.0	0.0	0.0	0.0
	0.0	1.0	0.0	0.0
	0.0	0.33	0.67	0.0

