MEME version 4

ALPHABET= ACGT

MOTIF chr18:21269320-21269330

letter-probability matrix: alength= 4 w= 10
	0.07	0.57	0.29	0.07
	0.29	0.57	0.07	0.07
	0.86	0.0	0.14	0.0
	0.07	0.0	0.93	0.0
	0.0	1.0	0.0	0.0
	0.0	1.0	0.0	0.0
	0.14	0.07	0.0	0.79
	0.07	0.0	0.93	0.0
	0.0	0.07	0.93	0.0
	0.0	0.0	1.0	0.0

MEME version 4

ALPHABET= ACGT

MOTIF chr18:21279014-21279039

letter-probability matrix: alength= 4 w= 25
	0.57	0.43	0.0	0.0
	1.0	0.0	0.0	0.0
	0.71	0.0	0.14	0.14
	0.14	0.29	0.0	0.57
	0.86	0.0	0.0	0.14
	0.86	0.0	0.14	0.0
	0.71	0.14	0.14	0.0
	1.0	0.0	0.0	0.0
	0.86	0.0	0.0	0.14
	0.29	0.0	0.71	0.0
	0.57	0.0	0.14	0.29
	1.0	0.0	0.0	0.0
	0.43	0.57	0.0	0.0
	0.71	0.0	0.0	0.29
	0.29	0.0	0.14	0.57
	1.0	0.0	0.0	0.0
	0.86	0.0	0.14	0.0
	1.0	0.0	0.0	0.0
	0.43	0.0	0.57	0.0
	0.71	0.0	0.29	0.0
	0.71	0.29	0.0	0.0
	0.29	0.29	0.0	0.43
	0.43	0.0	0.43	0.14
	0.14	0.86	0.0	0.0
	0.29	0.0	0.0	0.71

MEME version 4

ALPHABET= ACGT

MOTIF chr1:29190743-29190753

letter-probability matrix: alength= 4 w= 10
	0.07	0.57	0.29	0.07
	0.29	0.57	0.07	0.07
	0.86	0.0	0.14	0.0
	0.07	0.0	0.93	0.0
	0.0	1.0	0.0	0.0
	0.0	1.0	0.0	0.0
	0.14	0.07	0.0	0.79
	0.07	0.0	0.93	0.0
	0.0	0.07	0.93	0.0
	0.0	0.0	1.0	0.0

MEME version 4

ALPHABET= ACGT

MOTIF chr1:29101372-29101397

letter-probability matrix: alength= 4 w= 25
	0.57	0.43	0.0	0.0
	1.0	0.0	0.0	0.0
	0.71	0.0	0.14	0.14
	0.14	0.29	0.0	0.57
	0.86	0.0	0.0	0.14
	0.86	0.0	0.14	0.0
	0.71	0.14	0.14	0.0
	1.0	0.0	0.0	0.0
	0.86	0.0	0.0	0.14
	0.29	0.0	0.71	0.0
	0.57	0.0	0.14	0.29
	1.0	0.0	0.0	0.0
	0.43	0.57	0.0	0.0
	0.71	0.0	0.0	0.29
	0.29	0.0	0.14	0.57
	1.0	0.0	0.0	0.0
	0.86	0.0	0.14	0.0
	1.0	0.0	0.0	0.0
	0.43	0.0	0.57	0.0
	0.71	0.0	0.29	0.0
	0.71	0.29	0.0	0.0
	0.29	0.29	0.0	0.43
	0.43	0.0	0.43	0.14
	0.14	0.86	0.0	0.0
	0.29	0.0	0.0	0.71

MEME version 4

ALPHABET= ACGT

MOTIF chr14:31677475-31677485

letter-probability matrix: alength= 4 w= 10
	0.07	0.57	0.29	0.07
	0.29	0.57	0.07	0.07
	0.86	0.0	0.14	0.0
	0.07	0.0	0.93	0.0
	0.0	1.0	0.0	0.0
	0.0	1.0	0.0	0.0
	0.14	0.07	0.0	0.79
	0.07	0.0	0.93	0.0
	0.0	0.07	0.93	0.0
	0.0	0.0	1.0	0.0

MEME version 4

ALPHABET= ACGT

MOTIF chr14:31682597-31682622

letter-probability matrix: alength= 4 w= 25
	0.57	0.43	0.0	0.0
	1.0	0.0	0.0	0.0
	0.71	0.0	0.14	0.14
	0.14	0.29	0.0	0.57
	0.86	0.0	0.0	0.14
	0.86	0.0	0.14	0.0
	0.71	0.14	0.14	0.0
	1.0	0.0	0.0	0.0
	0.86	0.0	0.0	0.14
	0.29	0.0	0.71	0.0
	0.57	0.0	0.14	0.29
	1.0	0.0	0.0	0.0
	0.43	0.57	0.0	0.0
	0.71	0.0	0.0	0.29
	0.29	0.0	0.14	0.57
	1.0	0.0	0.0	0.0
	0.86	0.0	0.14	0.0
	1.0	0.0	0.0	0.0
	0.43	0.0	0.57	0.0
	0.71	0.0	0.29	0.0
	0.71	0.29	0.0	0.0
	0.29	0.29	0.0	0.43
	0.43	0.0	0.43	0.14
	0.14	0.86	0.0	0.0
	0.29	0.0	0.0	0.71

MEME version 4

ALPHABET= ACGT

MOTIF chr13:46528276-46528286

letter-probability matrix: alength= 4 w= 10
	0.07	0.57	0.29	0.07
	0.29	0.57	0.07	0.07
	0.86	0.0	0.14	0.0
	0.07	0.0	0.93	0.0
	0.0	1.0	0.0	0.0
	0.0	1.0	0.0	0.0
	0.14	0.07	0.0	0.79
	0.07	0.0	0.93	0.0
	0.0	0.07	0.93	0.0
	0.0	0.0	1.0	0.0

MEME version 4

ALPHABET= ACGT

MOTIF chr13:46592991-46593016

letter-probability matrix: alength= 4 w= 25
	0.57	0.43	0.0	0.0
	1.0	0.0	0.0	0.0
	0.71	0.0	0.14	0.14
	0.14	0.29	0.0	0.57
	0.86	0.0	0.0	0.14
	0.86	0.0	0.14	0.0
	0.71	0.14	0.14	0.0
	1.0	0.0	0.0	0.0
	0.86	0.0	0.0	0.14
	0.29	0.0	0.71	0.0
	0.57	0.0	0.14	0.29
	1.0	0.0	0.0	0.0
	0.43	0.57	0.0	0.0
	0.71	0.0	0.0	0.29
	0.29	0.0	0.14	0.57
	1.0	0.0	0.0	0.0
	0.86	0.0	0.14	0.0
	1.0	0.0	0.0	0.0
	0.43	0.0	0.57	0.0
	0.71	0.0	0.29	0.0
	0.71	0.29	0.0	0.0
	0.29	0.29	0.0	0.43
	0.43	0.0	0.43	0.14
	0.14	0.86	0.0	0.0
	0.29	0.0	0.0	0.71

MEME version 4

ALPHABET= ACGT

MOTIF chr8:74941464-74941474

letter-probability matrix: alength= 4 w= 10
	0.07	0.57	0.29	0.07
	0.29	0.57	0.07	0.07
	0.86	0.0	0.14	0.0
	0.07	0.0	0.93	0.0
	0.0	1.0	0.0	0.0
	0.0	1.0	0.0	0.0
	0.14	0.07	0.0	0.79
	0.07	0.0	0.93	0.0
	0.0	0.07	0.93	0.0
	0.0	0.0	1.0	0.0

MEME version 4

ALPHABET= ACGT

MOTIF chr8:74909695-74909720

letter-probability matrix: alength= 4 w= 25
	0.57	0.43	0.0	0.0
	1.0	0.0	0.0	0.0
	0.71	0.0	0.14	0.14
	0.14	0.29	0.0	0.57
	0.86	0.0	0.0	0.14
	0.86	0.0	0.14	0.0
	0.71	0.14	0.14	0.0
	1.0	0.0	0.0	0.0
	0.86	0.0	0.0	0.14
	0.29	0.0	0.71	0.0
	0.57	0.0	0.14	0.29
	1.0	0.0	0.0	0.0
	0.43	0.57	0.0	0.0
	0.71	0.0	0.0	0.29
	0.29	0.0	0.14	0.57
	1.0	0.0	0.0	0.0
	0.86	0.0	0.14	0.0
	1.0	0.0	0.0	0.0
	0.43	0.0	0.57	0.0
	0.71	0.0	0.29	0.0
	0.71	0.29	0.0	0.0
	0.29	0.29	0.0	0.43
	0.43	0.0	0.43	0.14
	0.14	0.86	0.0	0.0
	0.29	0.0	0.0	0.71

MEME version 4

ALPHABET= ACGT

MOTIF chr2:136483512-136483522

letter-probability matrix: alength= 4 w= 10
	0.07	0.57	0.29	0.07
	0.29	0.57	0.07	0.07
	0.86	0.0	0.14	0.0
	0.07	0.0	0.93	0.0
	0.0	1.0	0.0	0.0
	0.0	1.0	0.0	0.0
	0.14	0.07	0.0	0.79
	0.07	0.0	0.93	0.0
	0.0	0.07	0.93	0.0
	0.0	0.0	1.0	0.0

MEME version 4

ALPHABET= ACGT

MOTIF chr2:136303204-136303229

letter-probability matrix: alength= 4 w= 25
	0.57	0.43	0.0	0.0
	1.0	0.0	0.0	0.0
	0.71	0.0	0.14	0.14
	0.14	0.29	0.0	0.57
	0.86	0.0	0.0	0.14
	0.86	0.0	0.14	0.0
	0.71	0.14	0.14	0.0
	1.0	0.0	0.0	0.0
	0.86	0.0	0.0	0.14
	0.29	0.0	0.71	0.0
	0.57	0.0	0.14	0.29
	1.0	0.0	0.0	0.0
	0.43	0.57	0.0	0.0
	0.71	0.0	0.0	0.29
	0.29	0.0	0.14	0.57
	1.0	0.0	0.0	0.0
	0.86	0.0	0.14	0.0
	1.0	0.0	0.0	0.0
	0.43	0.0	0.57	0.0
	0.71	0.0	0.29	0.0
	0.71	0.29	0.0	0.0
	0.29	0.29	0.0	0.43
	0.43	0.0	0.43	0.14
	0.14	0.86	0.0	0.0
	0.29	0.0	0.0	0.71

MEME version 4

ALPHABET= ACGT

MOTIF chr6:4021225-4021235

letter-probability matrix: alength= 4 w= 10
	0.07	0.57	0.29	0.07
	0.29	0.57	0.07	0.07
	0.86	0.0	0.14	0.0
	0.07	0.0	0.93	0.0
	0.0	1.0	0.0	0.0
	0.0	1.0	0.0	0.0
	0.14	0.07	0.0	0.79
	0.07	0.0	0.93	0.0
	0.0	0.07	0.93	0.0
	0.0	0.0	1.0	0.0

MEME version 4

ALPHABET= ACGT

MOTIF chr6:4003034-4003059

letter-probability matrix: alength= 4 w= 25
	0.57	0.43	0.0	0.0
	1.0	0.0	0.0	0.0
	0.71	0.0	0.14	0.14
	0.14	0.29	0.0	0.57
	0.86	0.0	0.0	0.14
	0.86	0.0	0.14	0.0
	0.71	0.14	0.14	0.0
	1.0	0.0	0.0	0.0
	0.86	0.0	0.0	0.14
	0.29	0.0	0.71	0.0
	0.57	0.0	0.14	0.29
	1.0	0.0	0.0	0.0
	0.43	0.57	0.0	0.0
	0.71	0.0	0.0	0.29
	0.29	0.0	0.14	0.57
	1.0	0.0	0.0	0.0
	0.86	0.0	0.14	0.0
	1.0	0.0	0.0	0.0
	0.43	0.0	0.57	0.0
	0.71	0.0	0.29	0.0
	0.71	0.29	0.0	0.0
	0.29	0.29	0.0	0.43
	0.43	0.0	0.43	0.14
	0.14	0.86	0.0	0.0
	0.29	0.0	0.0	0.71

MEME version 4

ALPHABET= ACGT

MOTIF chr12:110436650-110436660

letter-probability matrix: alength= 4 w= 10
	0.07	0.57	0.29	0.07
	0.29	0.57	0.07	0.07
	0.86	0.0	0.14	0.0
	0.07	0.0	0.93	0.0
	0.0	1.0	0.0	0.0
	0.0	1.0	0.0	0.0
	0.14	0.07	0.0	0.79
	0.07	0.0	0.93	0.0
	0.0	0.07	0.93	0.0
	0.0	0.0	1.0	0.0

MEME version 4

ALPHABET= ACGT

MOTIF chr12:110416984-110417009

letter-probability matrix: alength= 4 w= 25
	0.57	0.43	0.0	0.0
	1.0	0.0	0.0	0.0
	0.71	0.0	0.14	0.14
	0.14	0.29	0.0	0.57
	0.86	0.0	0.0	0.14
	0.86	0.0	0.14	0.0
	0.71	0.14	0.14	0.0
	1.0	0.0	0.0	0.0
	0.86	0.0	0.0	0.14
	0.29	0.0	0.71	0.0
	0.57	0.0	0.14	0.29
	1.0	0.0	0.0	0.0
	0.43	0.57	0.0	0.0
	0.71	0.0	0.0	0.29
	0.29	0.0	0.14	0.57
	1.0	0.0	0.0	0.0
	0.86	0.0	0.14	0.0
	1.0	0.0	0.0	0.0
	0.43	0.0	0.57	0.0
	0.71	0.0	0.29	0.0
	0.71	0.29	0.0	0.0
	0.29	0.29	0.0	0.43
	0.43	0.0	0.43	0.14
	0.14	0.86	0.0	0.0
	0.29	0.0	0.0	0.71

MEME version 4

ALPHABET= ACGT

MOTIF chr7:2421160-2421170

letter-probability matrix: alength= 4 w= 10
	0.07	0.57	0.29	0.07
	0.29	0.57	0.07	0.07
	0.86	0.0	0.14	0.0
	0.07	0.0	0.93	0.0
	0.0	1.0	0.0	0.0
	0.0	1.0	0.0	0.0
	0.14	0.07	0.0	0.79
	0.07	0.0	0.93	0.0
	0.0	0.07	0.93	0.0
	0.0	0.0	1.0	0.0

MEME version 4

ALPHABET= ACGT

MOTIF chr7:2422820-2422845

letter-probability matrix: alength= 4 w= 25
	0.57	0.43	0.0	0.0
	1.0	0.0	0.0	0.0
	0.71	0.0	0.14	0.14
	0.14	0.29	0.0	0.57
	0.86	0.0	0.0	0.14
	0.86	0.0	0.14	0.0
	0.71	0.14	0.14	0.0
	1.0	0.0	0.0	0.0
	0.86	0.0	0.0	0.14
	0.29	0.0	0.71	0.0
	0.57	0.0	0.14	0.29
	1.0	0.0	0.0	0.0
	0.43	0.57	0.0	0.0
	0.71	0.0	0.0	0.29
	0.29	0.0	0.14	0.57
	1.0	0.0	0.0	0.0
	0.86	0.0	0.14	0.0
	1.0	0.0	0.0	0.0
	0.43	0.0	0.57	0.0
	0.71	0.0	0.29	0.0
	0.71	0.29	0.0	0.0
	0.29	0.29	0.0	0.43
	0.43	0.0	0.43	0.14
	0.14	0.86	0.0	0.0
	0.29	0.0	0.0	0.71

MEME version 4

ALPHABET= ACGT

MOTIF chr16:67261398-67261408

letter-probability matrix: alength= 4 w= 10
	0.07	0.57	0.29	0.07
	0.29	0.57	0.07	0.07
	0.86	0.0	0.14	0.0
	0.07	0.0	0.93	0.0
	0.0	1.0	0.0	0.0
	0.0	1.0	0.0	0.0
	0.14	0.07	0.0	0.79
	0.07	0.0	0.93	0.0
	0.0	0.07	0.93	0.0
	0.0	0.0	1.0	0.0

MEME version 4

ALPHABET= ACGT

MOTIF chr16:67254563-67254588

letter-probability matrix: alength= 4 w= 25
	0.57	0.43	0.0	0.0
	1.0	0.0	0.0	0.0
	0.71	0.0	0.14	0.14
	0.14	0.29	0.0	0.57
	0.86	0.0	0.0	0.14
	0.86	0.0	0.14	0.0
	0.71	0.14	0.14	0.0
	1.0	0.0	0.0	0.0
	0.86	0.0	0.0	0.14
	0.29	0.0	0.71	0.0
	0.57	0.0	0.14	0.29
	1.0	0.0	0.0	0.0
	0.43	0.57	0.0	0.0
	0.71	0.0	0.0	0.29
	0.29	0.0	0.14	0.57
	1.0	0.0	0.0	0.0
	0.86	0.0	0.14	0.0
	1.0	0.0	0.0	0.0
	0.43	0.0	0.57	0.0
	0.71	0.0	0.29	0.0
	0.71	0.29	0.0	0.0
	0.29	0.29	0.0	0.43
	0.43	0.0	0.43	0.14
	0.14	0.86	0.0	0.0
	0.29	0.0	0.0	0.71

MEME version 4

ALPHABET= ACGT

MOTIF chr3:42642716-42642726

letter-probability matrix: alength= 4 w= 10
	0.07	0.57	0.29	0.07
	0.29	0.57	0.07	0.07
	0.86	0.0	0.14	0.0
	0.07	0.0	0.93	0.0
	0.0	1.0	0.0	0.0
	0.0	1.0	0.0	0.0
	0.14	0.07	0.0	0.79
	0.07	0.0	0.93	0.0
	0.0	0.07	0.93	0.0
	0.0	0.0	1.0	0.0

MEME version 4

ALPHABET= ACGT

MOTIF chr3:42629901-42629926

letter-probability matrix: alength= 4 w= 25
	0.57	0.43	0.0	0.0
	1.0	0.0	0.0	0.0
	0.71	0.0	0.14	0.14
	0.14	0.29	0.0	0.57
	0.86	0.0	0.0	0.14
	0.86	0.0	0.14	0.0
	0.71	0.14	0.14	0.0
	1.0	0.0	0.0	0.0
	0.86	0.0	0.0	0.14
	0.29	0.0	0.71	0.0
	0.57	0.0	0.14	0.29
	1.0	0.0	0.0	0.0
	0.43	0.57	0.0	0.0
	0.71	0.0	0.0	0.29
	0.29	0.0	0.14	0.57
	1.0	0.0	0.0	0.0
	0.86	0.0	0.14	0.0
	1.0	0.0	0.0	0.0
	0.43	0.0	0.57	0.0
	0.71	0.0	0.29	0.0
	0.71	0.29	0.0	0.0
	0.29	0.29	0.0	0.43
	0.43	0.0	0.43	0.14
	0.14	0.86	0.0	0.0
	0.29	0.0	0.0	0.71

MEME version 4

ALPHABET= ACGT

MOTIF chr19:40887125-40887135

letter-probability matrix: alength= 4 w= 10
	0.07	0.57	0.29	0.07
	0.29	0.57	0.07	0.07
	0.86	0.0	0.14	0.0
	0.07	0.0	0.93	0.0
	0.0	1.0	0.0	0.0
	0.0	1.0	0.0	0.0
	0.14	0.07	0.0	0.79
	0.07	0.0	0.93	0.0
	0.0	0.07	0.93	0.0
	0.0	0.0	1.0	0.0

MEME version 4

ALPHABET= ACGT

MOTIF chr19:40878231-40878256

letter-probability matrix: alength= 4 w= 25
	0.57	0.43	0.0	0.0
	1.0	0.0	0.0	0.0
	0.71	0.0	0.14	0.14
	0.14	0.29	0.0	0.57
	0.86	0.0	0.0	0.14
	0.86	0.0	0.14	0.0
	0.71	0.14	0.14	0.0
	1.0	0.0	0.0	0.0
	0.86	0.0	0.0	0.14
	0.29	0.0	0.71	0.0
	0.57	0.0	0.14	0.29
	1.0	0.0	0.0	0.0
	0.43	0.57	0.0	0.0
	0.71	0.0	0.0	0.29
	0.29	0.0	0.14	0.57
	1.0	0.0	0.0	0.0
	0.86	0.0	0.14	0.0
	1.0	0.0	0.0	0.0
	0.43	0.0	0.57	0.0
	0.71	0.0	0.29	0.0
	0.71	0.29	0.0	0.0
	0.29	0.29	0.0	0.43
	0.43	0.0	0.43	0.14
	0.14	0.86	0.0	0.0
	0.29	0.0	0.0	0.71

MEME version 4

ALPHABET= ACGT

MOTIF chr11:63991835-63991845

letter-probability matrix: alength= 4 w= 10
	0.07	0.57	0.29	0.07
	0.29	0.57	0.07	0.07
	0.86	0.0	0.14	0.0
	0.07	0.0	0.93	0.0
	0.0	1.0	0.0	0.0
	0.0	1.0	0.0	0.0
	0.14	0.07	0.0	0.79
	0.07	0.0	0.93	0.0
	0.0	0.07	0.93	0.0
	0.0	0.0	1.0	0.0

MEME version 4

ALPHABET= ACGT

MOTIF chr11:63965943-63965968

letter-probability matrix: alength= 4 w= 25
	0.57	0.43	0.0	0.0
	1.0	0.0	0.0	0.0
	0.71	0.0	0.14	0.14
	0.14	0.29	0.0	0.57
	0.86	0.0	0.0	0.14
	0.86	0.0	0.14	0.0
	0.71	0.14	0.14	0.0
	1.0	0.0	0.0	0.0
	0.86	0.0	0.0	0.14
	0.29	0.0	0.71	0.0
	0.57	0.0	0.14	0.29
	1.0	0.0	0.0	0.0
	0.43	0.57	0.0	0.0
	0.71	0.0	0.0	0.29
	0.29	0.0	0.14	0.57
	1.0	0.0	0.0	0.0
	0.86	0.0	0.14	0.0
	1.0	0.0	0.0	0.0
	0.43	0.0	0.57	0.0
	0.71	0.0	0.29	0.0
	0.71	0.29	0.0	0.0
	0.29	0.29	0.0	0.43
	0.43	0.0	0.43	0.14
	0.14	0.86	0.0	0.0
	0.29	0.0	0.0	0.71

MEME version 4

ALPHABET= ACGT

MOTIF chr7:108210793-108210803

letter-probability matrix: alength= 4 w= 10
	0.07	0.57	0.29	0.07
	0.29	0.57	0.07	0.07
	0.86	0.0	0.14	0.0
	0.07	0.0	0.93	0.0
	0.0	1.0	0.0	0.0
	0.0	1.0	0.0	0.0
	0.14	0.07	0.0	0.79
	0.07	0.0	0.93	0.0
	0.0	0.07	0.93	0.0
	0.0	0.0	1.0	0.0

MEME version 4

ALPHABET= ACGT

MOTIF chr7:108192178-108192203

letter-probability matrix: alength= 4 w= 25
	0.57	0.43	0.0	0.0
	1.0	0.0	0.0	0.0
	0.71	0.0	0.14	0.14
	0.14	0.29	0.0	0.57
	0.86	0.0	0.0	0.14
	0.86	0.0	0.14	0.0
	0.71	0.14	0.14	0.0
	1.0	0.0	0.0	0.0
	0.86	0.0	0.0	0.14
	0.29	0.0	0.71	0.0
	0.57	0.0	0.14	0.29
	1.0	0.0	0.0	0.0
	0.43	0.57	0.0	0.0
	0.71	0.0	0.0	0.29
	0.29	0.0	0.14	0.57
	1.0	0.0	0.0	0.0
	0.86	0.0	0.14	0.0
	1.0	0.0	0.0	0.0
	0.43	0.0	0.57	0.0
	0.71	0.0	0.29	0.0
	0.71	0.29	0.0	0.0
	0.29	0.29	0.0	0.43
	0.43	0.0	0.43	0.14
	0.14	0.86	0.0	0.0
	0.29	0.0	0.0	0.71

MEME version 4

ALPHABET= ACGT

MOTIF chr10:115614736-115614746

letter-probability matrix: alength= 4 w= 10
	0.07	0.57	0.29	0.07
	0.29	0.57	0.07	0.07
	0.86	0.0	0.14	0.0
	0.07	0.0	0.93	0.0
	0.0	1.0	0.0	0.0
	0.0	1.0	0.0	0.0
	0.14	0.07	0.0	0.79
	0.07	0.0	0.93	0.0
	0.0	0.07	0.93	0.0
	0.0	0.0	1.0	0.0

MEME version 4

ALPHABET= ACGT

MOTIF chr10:115627720-115627745

letter-probability matrix: alength= 4 w= 25
	0.57	0.43	0.0	0.0
	1.0	0.0	0.0	0.0
	0.71	0.0	0.14	0.14
	0.14	0.29	0.0	0.57
	0.86	0.0	0.0	0.14
	0.86	0.0	0.14	0.0
	0.71	0.14	0.14	0.0
	1.0	0.0	0.0	0.0
	0.86	0.0	0.0	0.14
	0.29	0.0	0.71	0.0
	0.57	0.0	0.14	0.29
	1.0	0.0	0.0	0.0
	0.43	0.57	0.0	0.0
	0.71	0.0	0.0	0.29
	0.29	0.0	0.14	0.57
	1.0	0.0	0.0	0.0
	0.86	0.0	0.14	0.0
	1.0	0.0	0.0	0.0
	0.43	0.0	0.57	0.0
	0.71	0.0	0.29	0.0
	0.71	0.29	0.0	0.0
	0.29	0.29	0.0	0.43
	0.43	0.0	0.43	0.14
	0.14	0.86	0.0	0.0
	0.29	0.0	0.0	0.71

MEME version 4

ALPHABET= ACGT

MOTIF chr10:115613782-115613792

letter-probability matrix: alength= 4 w= 10
	0.07	0.57	0.29	0.07
	0.29	0.57	0.07	0.07
	0.86	0.0	0.14	0.0
	0.07	0.0	0.93	0.0
	0.0	1.0	0.0	0.0
	0.0	1.0	0.0	0.0
	0.14	0.07	0.0	0.79
	0.07	0.0	0.93	0.0
	0.0	0.07	0.93	0.0
	0.0	0.0	1.0	0.0

MEME version 4

ALPHABET= ACGT

MOTIF chr10:115627720-115627745

letter-probability matrix: alength= 4 w= 25
	0.57	0.43	0.0	0.0
	1.0	0.0	0.0	0.0
	0.71	0.0	0.14	0.14
	0.14	0.29	0.0	0.57
	0.86	0.0	0.0	0.14
	0.86	0.0	0.14	0.0
	0.71	0.14	0.14	0.0
	1.0	0.0	0.0	0.0
	0.86	0.0	0.0	0.14
	0.29	0.0	0.71	0.0
	0.57	0.0	0.14	0.29
	1.0	0.0	0.0	0.0
	0.43	0.57	0.0	0.0
	0.71	0.0	0.0	0.29
	0.29	0.0	0.14	0.57
	1.0	0.0	0.0	0.0
	0.86	0.0	0.14	0.0
	1.0	0.0	0.0	0.0
	0.43	0.0	0.57	0.0
	0.71	0.0	0.29	0.0
	0.71	0.29	0.0	0.0
	0.29	0.29	0.0	0.43
	0.43	0.0	0.43	0.14
	0.14	0.86	0.0	0.0
	0.29	0.0	0.0	0.71

MEME version 4

ALPHABET= ACGT

MOTIF chr19:33087033-33087043

letter-probability matrix: alength= 4 w= 10
	0.07	0.57	0.29	0.07
	0.29	0.57	0.07	0.07
	0.86	0.0	0.14	0.0
	0.07	0.0	0.93	0.0
	0.0	1.0	0.0	0.0
	0.0	1.0	0.0	0.0
	0.14	0.07	0.0	0.79
	0.07	0.0	0.93	0.0
	0.0	0.07	0.93	0.0
	0.0	0.0	1.0	0.0

MEME version 4

ALPHABET= ACGT

MOTIF chr19:33179272-33179297

letter-probability matrix: alength= 4 w= 25
	0.57	0.43	0.0	0.0
	1.0	0.0	0.0	0.0
	0.71	0.0	0.14	0.14
	0.14	0.29	0.0	0.57
	0.86	0.0	0.0	0.14
	0.86	0.0	0.14	0.0
	0.71	0.14	0.14	0.0
	1.0	0.0	0.0	0.0
	0.86	0.0	0.0	0.14
	0.29	0.0	0.71	0.0
	0.57	0.0	0.14	0.29
	1.0	0.0	0.0	0.0
	0.43	0.57	0.0	0.0
	0.71	0.0	0.0	0.29
	0.29	0.0	0.14	0.57
	1.0	0.0	0.0	0.0
	0.86	0.0	0.14	0.0
	1.0	0.0	0.0	0.0
	0.43	0.0	0.57	0.0
	0.71	0.0	0.29	0.0
	0.71	0.29	0.0	0.0
	0.29	0.29	0.0	0.43
	0.43	0.0	0.43	0.14
	0.14	0.86	0.0	0.0
	0.29	0.0	0.0	0.71

MEME version 4

ALPHABET= ACGT

MOTIF chr10:32345530-32345540

letter-probability matrix: alength= 4 w= 10
	0.07	0.57	0.29	0.07
	0.29	0.57	0.07	0.07
	0.86	0.0	0.14	0.0
	0.07	0.0	0.93	0.0
	0.0	1.0	0.0	0.0
	0.0	1.0	0.0	0.0
	0.14	0.07	0.0	0.79
	0.07	0.0	0.93	0.0
	0.0	0.07	0.93	0.0
	0.0	0.0	1.0	0.0

MEME version 4

ALPHABET= ACGT

MOTIF chr10:32354300-32354325

letter-probability matrix: alength= 4 w= 25
	0.57	0.43	0.0	0.0
	1.0	0.0	0.0	0.0
	0.71	0.0	0.14	0.14
	0.14	0.29	0.0	0.57
	0.86	0.0	0.0	0.14
	0.86	0.0	0.14	0.0
	0.71	0.14	0.14	0.0
	1.0	0.0	0.0	0.0
	0.86	0.0	0.0	0.14
	0.29	0.0	0.71	0.0
	0.57	0.0	0.14	0.29
	1.0	0.0	0.0	0.0
	0.43	0.57	0.0	0.0
	0.71	0.0	0.0	0.29
	0.29	0.0	0.14	0.57
	1.0	0.0	0.0	0.0
	0.86	0.0	0.14	0.0
	1.0	0.0	0.0	0.0
	0.43	0.0	0.57	0.0
	0.71	0.0	0.29	0.0
	0.71	0.29	0.0	0.0
	0.29	0.29	0.0	0.43
	0.43	0.0	0.43	0.14
	0.14	0.86	0.0	0.0
	0.29	0.0	0.0	0.71

MEME version 4

ALPHABET= ACGT

MOTIF chr17:79212963-79212973

letter-probability matrix: alength= 4 w= 10
	0.07	0.57	0.29	0.07
	0.29	0.57	0.07	0.07
	0.86	0.0	0.14	0.0
	0.07	0.0	0.93	0.0
	0.0	1.0	0.0	0.0
	0.0	1.0	0.0	0.0
	0.14	0.07	0.0	0.79
	0.07	0.0	0.93	0.0
	0.0	0.07	0.93	0.0
	0.0	0.0	1.0	0.0

MEME version 4

ALPHABET= ACGT

MOTIF chr17:79184368-79184393

letter-probability matrix: alength= 4 w= 25
	0.57	0.43	0.0	0.0
	1.0	0.0	0.0	0.0
	0.71	0.0	0.14	0.14
	0.14	0.29	0.0	0.57
	0.86	0.0	0.0	0.14
	0.86	0.0	0.14	0.0
	0.71	0.14	0.14	0.0
	1.0	0.0	0.0	0.0
	0.86	0.0	0.0	0.14
	0.29	0.0	0.71	0.0
	0.57	0.0	0.14	0.29
	1.0	0.0	0.0	0.0
	0.43	0.57	0.0	0.0
	0.71	0.0	0.0	0.29
	0.29	0.0	0.14	0.57
	1.0	0.0	0.0	0.0
	0.86	0.0	0.14	0.0
	1.0	0.0	0.0	0.0
	0.43	0.0	0.57	0.0
	0.71	0.0	0.29	0.0
	0.71	0.29	0.0	0.0
	0.29	0.29	0.0	0.43
	0.43	0.0	0.43	0.14
	0.14	0.86	0.0	0.0
	0.29	0.0	0.0	0.71

MEME version 4

ALPHABET= ACGT

MOTIF chr15:75871840-75871850

letter-probability matrix: alength= 4 w= 10
	0.07	0.57	0.29	0.07
	0.29	0.57	0.07	0.07
	0.86	0.0	0.14	0.0
	0.07	0.0	0.93	0.0
	0.0	1.0	0.0	0.0
	0.0	1.0	0.0	0.0
	0.14	0.07	0.0	0.79
	0.07	0.0	0.93	0.0
	0.0	0.07	0.93	0.0
	0.0	0.0	1.0	0.0

MEME version 4

ALPHABET= ACGT

MOTIF chr15:75843134-75843159

letter-probability matrix: alength= 4 w= 25
	0.57	0.43	0.0	0.0
	1.0	0.0	0.0	0.0
	0.71	0.0	0.14	0.14
	0.14	0.29	0.0	0.57
	0.86	0.0	0.0	0.14
	0.86	0.0	0.14	0.0
	0.71	0.14	0.14	0.0
	1.0	0.0	0.0	0.0
	0.86	0.0	0.0	0.14
	0.29	0.0	0.71	0.0
	0.57	0.0	0.14	0.29
	1.0	0.0	0.0	0.0
	0.43	0.57	0.0	0.0
	0.71	0.0	0.0	0.29
	0.29	0.0	0.14	0.57
	1.0	0.0	0.0	0.0
	0.86	0.0	0.14	0.0
	1.0	0.0	0.0	0.0
	0.43	0.0	0.57	0.0
	0.71	0.0	0.29	0.0
	0.71	0.29	0.0	0.0
	0.29	0.29	0.0	0.43
	0.43	0.0	0.43	0.14
	0.14	0.86	0.0	0.0
	0.29	0.0	0.0	0.71

MEME version 4

ALPHABET= ACGT

MOTIF chr13:46627059-46627069

letter-probability matrix: alength= 4 w= 10
	0.07	0.57	0.29	0.07
	0.29	0.57	0.07	0.07
	0.86	0.0	0.14	0.0
	0.07	0.0	0.93	0.0
	0.0	1.0	0.0	0.0
	0.0	1.0	0.0	0.0
	0.14	0.07	0.0	0.79
	0.07	0.0	0.93	0.0
	0.0	0.07	0.93	0.0
	0.0	0.0	1.0	0.0

MEME version 4

ALPHABET= ACGT

MOTIF chr13:46592991-46593016

letter-probability matrix: alength= 4 w= 25
	0.57	0.43	0.0	0.0
	1.0	0.0	0.0	0.0
	0.71	0.0	0.14	0.14
	0.14	0.29	0.0	0.57
	0.86	0.0	0.0	0.14
	0.86	0.0	0.14	0.0
	0.71	0.14	0.14	0.0
	1.0	0.0	0.0	0.0
	0.86	0.0	0.0	0.14
	0.29	0.0	0.71	0.0
	0.57	0.0	0.14	0.29
	1.0	0.0	0.0	0.0
	0.43	0.57	0.0	0.0
	0.71	0.0	0.0	0.29
	0.29	0.0	0.14	0.57
	1.0	0.0	0.0	0.0
	0.86	0.0	0.14	0.0
	1.0	0.0	0.0	0.0
	0.43	0.0	0.57	0.0
	0.71	0.0	0.29	0.0
	0.71	0.29	0.0	0.0
	0.29	0.29	0.0	0.43
	0.43	0.0	0.43	0.14
	0.14	0.86	0.0	0.0
	0.29	0.0	0.0	0.71

MEME version 4

ALPHABET= ACGT

MOTIF chr19:39882634-39882644

letter-probability matrix: alength= 4 w= 10
	0.07	0.57	0.29	0.07
	0.29	0.57	0.07	0.07
	0.86	0.0	0.14	0.0
	0.07	0.0	0.93	0.0
	0.0	1.0	0.0	0.0
	0.0	1.0	0.0	0.0
	0.14	0.07	0.0	0.79
	0.07	0.0	0.93	0.0
	0.0	0.07	0.93	0.0
	0.0	0.0	1.0	0.0

MEME version 4

ALPHABET= ACGT

MOTIF chr19:39875541-39875566

letter-probability matrix: alength= 4 w= 25
	0.57	0.43	0.0	0.0
	1.0	0.0	0.0	0.0
	0.71	0.0	0.14	0.14
	0.14	0.29	0.0	0.57
	0.86	0.0	0.0	0.14
	0.86	0.0	0.14	0.0
	0.71	0.14	0.14	0.0
	1.0	0.0	0.0	0.0
	0.86	0.0	0.0	0.14
	0.29	0.0	0.71	0.0
	0.57	0.0	0.14	0.29
	1.0	0.0	0.0	0.0
	0.43	0.57	0.0	0.0
	0.71	0.0	0.0	0.29
	0.29	0.0	0.14	0.57
	1.0	0.0	0.0	0.0
	0.86	0.0	0.14	0.0
	1.0	0.0	0.0	0.0
	0.43	0.0	0.57	0.0
	0.71	0.0	0.29	0.0
	0.71	0.29	0.0	0.0
	0.29	0.29	0.0	0.43
	0.43	0.0	0.43	0.14
	0.14	0.86	0.0	0.0
	0.29	0.0	0.0	0.71

MEME version 4

ALPHABET= ACGT

MOTIF chr15:64747895-64747905

letter-probability matrix: alength= 4 w= 10
	0.07	0.57	0.29	0.07
	0.29	0.57	0.07	0.07
	0.86	0.0	0.14	0.0
	0.07	0.0	0.93	0.0
	0.0	1.0	0.0	0.0
	0.0	1.0	0.0	0.0
	0.14	0.07	0.0	0.79
	0.07	0.0	0.93	0.0
	0.0	0.07	0.93	0.0
	0.0	0.0	1.0	0.0

MEME version 4

ALPHABET= ACGT

MOTIF chr15:64697722-64697747

letter-probability matrix: alength= 4 w= 25
	0.57	0.43	0.0	0.0
	1.0	0.0	0.0	0.0
	0.71	0.0	0.14	0.14
	0.14	0.29	0.0	0.57
	0.86	0.0	0.0	0.14
	0.86	0.0	0.14	0.0
	0.71	0.14	0.14	0.0
	1.0	0.0	0.0	0.0
	0.86	0.0	0.0	0.14
	0.29	0.0	0.71	0.0
	0.57	0.0	0.14	0.29
	1.0	0.0	0.0	0.0
	0.43	0.57	0.0	0.0
	0.71	0.0	0.0	0.29
	0.29	0.0	0.14	0.57
	1.0	0.0	0.0	0.0
	0.86	0.0	0.14	0.0
	1.0	0.0	0.0	0.0
	0.43	0.0	0.57	0.0
	0.71	0.0	0.29	0.0
	0.71	0.29	0.0	0.0
	0.29	0.29	0.0	0.43
	0.43	0.0	0.43	0.14
	0.14	0.86	0.0	0.0
	0.29	0.0	0.0	0.71

MEME version 4

ALPHABET= ACGT

MOTIF chr14:24708724-24708734

letter-probability matrix: alength= 4 w= 10
	0.07	0.57	0.29	0.07
	0.29	0.57	0.07	0.07
	0.86	0.0	0.14	0.0
	0.07	0.0	0.93	0.0
	0.0	1.0	0.0	0.0
	0.0	1.0	0.0	0.0
	0.14	0.07	0.0	0.79
	0.07	0.0	0.93	0.0
	0.0	0.07	0.93	0.0
	0.0	0.0	1.0	0.0

MEME version 4

ALPHABET= ACGT

MOTIF chr14:24683557-24683582

letter-probability matrix: alength= 4 w= 25
	0.57	0.43	0.0	0.0
	1.0	0.0	0.0	0.0
	0.71	0.0	0.14	0.14
	0.14	0.29	0.0	0.57
	0.86	0.0	0.0	0.14
	0.86	0.0	0.14	0.0
	0.71	0.14	0.14	0.0
	1.0	0.0	0.0	0.0
	0.86	0.0	0.0	0.14
	0.29	0.0	0.71	0.0
	0.57	0.0	0.14	0.29
	1.0	0.0	0.0	0.0
	0.43	0.57	0.0	0.0
	0.71	0.0	0.0	0.29
	0.29	0.0	0.14	0.57
	1.0	0.0	0.0	0.0
	0.86	0.0	0.14	0.0
	1.0	0.0	0.0	0.0
	0.43	0.0	0.57	0.0
	0.71	0.0	0.29	0.0
	0.71	0.29	0.0	0.0
	0.29	0.29	0.0	0.43
	0.43	0.0	0.43	0.14
	0.14	0.86	0.0	0.0
	0.29	0.0	0.0	0.71

MEME version 4

ALPHABET= ACGT

MOTIF chr1:173639039-173639049

letter-probability matrix: alength= 4 w= 10
	0.07	0.57	0.29	0.07
	0.29	0.57	0.07	0.07
	0.86	0.0	0.14	0.0
	0.07	0.0	0.93	0.0
	0.0	1.0	0.0	0.0
	0.0	1.0	0.0	0.0
	0.14	0.07	0.0	0.79
	0.07	0.0	0.93	0.0
	0.0	0.07	0.93	0.0
	0.0	0.0	1.0	0.0

MEME version 4

ALPHABET= ACGT

MOTIF chr1:173633265-173633290

letter-probability matrix: alength= 4 w= 25
	0.57	0.43	0.0	0.0
	1.0	0.0	0.0	0.0
	0.71	0.0	0.14	0.14
	0.14	0.29	0.0	0.57
	0.86	0.0	0.0	0.14
	0.86	0.0	0.14	0.0
	0.71	0.14	0.14	0.0
	1.0	0.0	0.0	0.0
	0.86	0.0	0.0	0.14
	0.29	0.0	0.71	0.0
	0.57	0.0	0.14	0.29
	1.0	0.0	0.0	0.0
	0.43	0.57	0.0	0.0
	0.71	0.0	0.0	0.29
	0.29	0.0	0.14	0.57
	1.0	0.0	0.0	0.0
	0.86	0.0	0.14	0.0
	1.0	0.0	0.0	0.0
	0.43	0.0	0.57	0.0
	0.71	0.0	0.29	0.0
	0.71	0.29	0.0	0.0
	0.29	0.29	0.0	0.43
	0.43	0.0	0.43	0.14
	0.14	0.86	0.0	0.0
	0.29	0.0	0.0	0.71

MEME version 4

ALPHABET= ACGT

MOTIF chr19:41870389-41870399

letter-probability matrix: alength= 4 w= 10
	0.07	0.57	0.29	0.07
	0.29	0.57	0.07	0.07
	0.86	0.0	0.14	0.0
	0.07	0.0	0.93	0.0
	0.0	1.0	0.0	0.0
	0.0	1.0	0.0	0.0
	0.14	0.07	0.0	0.79
	0.07	0.0	0.93	0.0
	0.0	0.07	0.93	0.0
	0.0	0.0	1.0	0.0

MEME version 4

ALPHABET= ACGT

MOTIF chr19:41902419-41902444

letter-probability matrix: alength= 4 w= 25
	0.57	0.43	0.0	0.0
	1.0	0.0	0.0	0.0
	0.71	0.0	0.14	0.14
	0.14	0.29	0.0	0.57
	0.86	0.0	0.0	0.14
	0.86	0.0	0.14	0.0
	0.71	0.14	0.14	0.0
	1.0	0.0	0.0	0.0
	0.86	0.0	0.0	0.14
	0.29	0.0	0.71	0.0
	0.57	0.0	0.14	0.29
	1.0	0.0	0.0	0.0
	0.43	0.57	0.0	0.0
	0.71	0.0	0.0	0.29
	0.29	0.0	0.14	0.57
	1.0	0.0	0.0	0.0
	0.86	0.0	0.14	0.0
	1.0	0.0	0.0	0.0
	0.43	0.0	0.57	0.0
	0.71	0.0	0.29	0.0
	0.71	0.29	0.0	0.0
	0.29	0.29	0.0	0.43
	0.43	0.0	0.43	0.14
	0.14	0.86	0.0	0.0
	0.29	0.0	0.0	0.71

MEME version 4

ALPHABET= ACGT

MOTIF chr6:112424466-112424476

letter-probability matrix: alength= 4 w= 10
	0.07	0.57	0.29	0.07
	0.29	0.57	0.07	0.07
	0.86	0.0	0.14	0.0
	0.07	0.0	0.93	0.0
	0.0	1.0	0.0	0.0
	0.0	1.0	0.0	0.0
	0.14	0.07	0.0	0.79
	0.07	0.0	0.93	0.0
	0.0	0.07	0.93	0.0
	0.0	0.0	1.0	0.0

MEME version 4

ALPHABET= ACGT

MOTIF chr6:112438499-112438524

letter-probability matrix: alength= 4 w= 25
	0.57	0.43	0.0	0.0
	1.0	0.0	0.0	0.0
	0.71	0.0	0.14	0.14
	0.14	0.29	0.0	0.57
	0.86	0.0	0.0	0.14
	0.86	0.0	0.14	0.0
	0.71	0.14	0.14	0.0
	1.0	0.0	0.0	0.0
	0.86	0.0	0.0	0.14
	0.29	0.0	0.71	0.0
	0.57	0.0	0.14	0.29
	1.0	0.0	0.0	0.0
	0.43	0.57	0.0	0.0
	0.71	0.0	0.0	0.29
	0.29	0.0	0.14	0.57
	1.0	0.0	0.0	0.0
	0.86	0.0	0.14	0.0
	1.0	0.0	0.0	0.0
	0.43	0.0	0.57	0.0
	0.71	0.0	0.29	0.0
	0.71	0.29	0.0	0.0
	0.29	0.29	0.0	0.43
	0.43	0.0	0.43	0.14
	0.14	0.86	0.0	0.0
	0.29	0.0	0.0	0.71

MEME version 4

ALPHABET= ACGT

MOTIF chr8:105342098-105342108

letter-probability matrix: alength= 4 w= 10
	0.07	0.57	0.29	0.07
	0.29	0.57	0.07	0.07
	0.86	0.0	0.14	0.0
	0.07	0.0	0.93	0.0
	0.0	1.0	0.0	0.0
	0.0	1.0	0.0	0.0
	0.14	0.07	0.0	0.79
	0.07	0.0	0.93	0.0
	0.0	0.07	0.93	0.0
	0.0	0.0	1.0	0.0

MEME version 4

ALPHABET= ACGT

MOTIF chr8:105458481-105458506

letter-probability matrix: alength= 4 w= 25
	0.57	0.43	0.0	0.0
	1.0	0.0	0.0	0.0
	0.71	0.0	0.14	0.14
	0.14	0.29	0.0	0.57
	0.86	0.0	0.0	0.14
	0.86	0.0	0.14	0.0
	0.71	0.14	0.14	0.0
	1.0	0.0	0.0	0.0
	0.86	0.0	0.0	0.14
	0.29	0.0	0.71	0.0
	0.57	0.0	0.14	0.29
	1.0	0.0	0.0	0.0
	0.43	0.57	0.0	0.0
	0.71	0.0	0.0	0.29
	0.29	0.0	0.14	0.57
	1.0	0.0	0.0	0.0
	0.86	0.0	0.14	0.0
	1.0	0.0	0.0	0.0
	0.43	0.0	0.57	0.0
	0.71	0.0	0.29	0.0
	0.71	0.29	0.0	0.0
	0.29	0.29	0.0	0.43
	0.43	0.0	0.43	0.14
	0.14	0.86	0.0	0.0
	0.29	0.0	0.0	0.71

MEME version 4

ALPHABET= ACGT

MOTIF chr16:18813288-18813298

letter-probability matrix: alength= 4 w= 10
	0.07	0.57	0.29	0.07
	0.29	0.57	0.07	0.07
	0.86	0.0	0.14	0.0
	0.07	0.0	0.93	0.0
	0.0	1.0	0.0	0.0
	0.0	1.0	0.0	0.0
	0.14	0.07	0.0	0.79
	0.07	0.0	0.93	0.0
	0.0	0.07	0.93	0.0
	0.0	0.0	1.0	0.0

MEME version 4

ALPHABET= ACGT

MOTIF chr16:18827380-18827405

letter-probability matrix: alength= 4 w= 25
	0.57	0.43	0.0	0.0
	1.0	0.0	0.0	0.0
	0.71	0.0	0.14	0.14
	0.14	0.29	0.0	0.57
	0.86	0.0	0.0	0.14
	0.86	0.0	0.14	0.0
	0.71	0.14	0.14	0.0
	1.0	0.0	0.0	0.0
	0.86	0.0	0.0	0.14
	0.29	0.0	0.71	0.0
	0.57	0.0	0.14	0.29
	1.0	0.0	0.0	0.0
	0.43	0.57	0.0	0.0
	0.71	0.0	0.0	0.29
	0.29	0.0	0.14	0.57
	1.0	0.0	0.0	0.0
	0.86	0.0	0.14	0.0
	1.0	0.0	0.0	0.0
	0.43	0.0	0.57	0.0
	0.71	0.0	0.29	0.0
	0.71	0.29	0.0	0.0
	0.29	0.29	0.0	0.43
	0.43	0.0	0.43	0.14
	0.14	0.86	0.0	0.0
	0.29	0.0	0.0	0.71

MEME version 4

ALPHABET= ACGT

MOTIF chr14:24616942-24616952

letter-probability matrix: alength= 4 w= 10
	0.07	0.57	0.29	0.07
	0.29	0.57	0.07	0.07
	0.86	0.0	0.14	0.0
	0.07	0.0	0.93	0.0
	0.0	1.0	0.0	0.0
	0.0	1.0	0.0	0.0
	0.14	0.07	0.0	0.79
	0.07	0.0	0.93	0.0
	0.0	0.07	0.93	0.0
	0.0	0.0	1.0	0.0

MEME version 4

ALPHABET= ACGT

MOTIF chr14:24628802-24628827

letter-probability matrix: alength= 4 w= 25
	0.57	0.43	0.0	0.0
	1.0	0.0	0.0	0.0
	0.71	0.0	0.14	0.14
	0.14	0.29	0.0	0.57
	0.86	0.0	0.0	0.14
	0.86	0.0	0.14	0.0
	0.71	0.14	0.14	0.0
	1.0	0.0	0.0	0.0
	0.86	0.0	0.0	0.14
	0.29	0.0	0.71	0.0
	0.57	0.0	0.14	0.29
	1.0	0.0	0.0	0.0
	0.43	0.57	0.0	0.0
	0.71	0.0	0.0	0.29
	0.29	0.0	0.14	0.57
	1.0	0.0	0.0	0.0
	0.86	0.0	0.14	0.0
	1.0	0.0	0.0	0.0
	0.43	0.0	0.57	0.0
	0.71	0.0	0.29	0.0
	0.71	0.29	0.0	0.0
	0.29	0.29	0.0	0.43
	0.43	0.0	0.43	0.14
	0.14	0.86	0.0	0.0
	0.29	0.0	0.0	0.71

MEME version 4

ALPHABET= ACGT

MOTIF chr20:43124571-43124581

letter-probability matrix: alength= 4 w= 10
	0.07	0.57	0.29	0.07
	0.29	0.57	0.07	0.07
	0.86	0.0	0.14	0.0
	0.07	0.0	0.93	0.0
	0.0	1.0	0.0	0.0
	0.0	1.0	0.0	0.0
	0.14	0.07	0.0	0.79
	0.07	0.0	0.93	0.0
	0.0	0.07	0.93	0.0
	0.0	0.0	1.0	0.0

MEME version 4

ALPHABET= ACGT

MOTIF chr20:43165018-43165043

letter-probability matrix: alength= 4 w= 25
	0.57	0.43	0.0	0.0
	1.0	0.0	0.0	0.0
	0.71	0.0	0.14	0.14
	0.14	0.29	0.0	0.57
	0.86	0.0	0.0	0.14
	0.86	0.0	0.14	0.0
	0.71	0.14	0.14	0.0
	1.0	0.0	0.0	0.0
	0.86	0.0	0.0	0.14
	0.29	0.0	0.71	0.0
	0.57	0.0	0.14	0.29
	1.0	0.0	0.0	0.0
	0.43	0.57	0.0	0.0
	0.71	0.0	0.0	0.29
	0.29	0.0	0.14	0.57
	1.0	0.0	0.0	0.0
	0.86	0.0	0.14	0.0
	1.0	0.0	0.0	0.0
	0.43	0.0	0.57	0.0
	0.71	0.0	0.29	0.0
	0.71	0.29	0.0	0.0
	0.29	0.29	0.0	0.43
	0.43	0.0	0.43	0.14
	0.14	0.86	0.0	0.0
	0.29	0.0	0.0	0.71

MEME version 4

ALPHABET= ACGT

MOTIF chr10:115677182-115677192

letter-probability matrix: alength= 4 w= 10
	0.07	0.57	0.29	0.07
	0.29	0.57	0.07	0.07
	0.86	0.0	0.14	0.0
	0.07	0.0	0.93	0.0
	0.0	1.0	0.0	0.0
	0.0	1.0	0.0	0.0
	0.14	0.07	0.0	0.79
	0.07	0.0	0.93	0.0
	0.0	0.07	0.93	0.0
	0.0	0.0	1.0	0.0

MEME version 4

ALPHABET= ACGT

MOTIF chr10:115627720-115627745

letter-probability matrix: alength= 4 w= 25
	0.57	0.43	0.0	0.0
	1.0	0.0	0.0	0.0
	0.71	0.0	0.14	0.14
	0.14	0.29	0.0	0.57
	0.86	0.0	0.0	0.14
	0.86	0.0	0.14	0.0
	0.71	0.14	0.14	0.0
	1.0	0.0	0.0	0.0
	0.86	0.0	0.0	0.14
	0.29	0.0	0.71	0.0
	0.57	0.0	0.14	0.29
	1.0	0.0	0.0	0.0
	0.43	0.57	0.0	0.0
	0.71	0.0	0.0	0.29
	0.29	0.0	0.14	0.57
	1.0	0.0	0.0	0.0
	0.86	0.0	0.14	0.0
	1.0	0.0	0.0	0.0
	0.43	0.0	0.57	0.0
	0.71	0.0	0.29	0.0
	0.71	0.29	0.0	0.0
	0.29	0.29	0.0	0.43
	0.43	0.0	0.43	0.14
	0.14	0.86	0.0	0.0
	0.29	0.0	0.0	0.71

MEME version 4

ALPHABET= ACGT

MOTIF chr5:148749372-148749382

letter-probability matrix: alength= 4 w= 10
	0.07	0.57	0.29	0.07
	0.29	0.57	0.07	0.07
	0.86	0.0	0.14	0.0
	0.07	0.0	0.93	0.0
	0.0	1.0	0.0	0.0
	0.0	1.0	0.0	0.0
	0.14	0.07	0.0	0.79
	0.07	0.0	0.93	0.0
	0.0	0.07	0.93	0.0
	0.0	0.0	1.0	0.0

MEME version 4

ALPHABET= ACGT

MOTIF chr5:148723176-148723201

letter-probability matrix: alength= 4 w= 25
	0.57	0.43	0.0	0.0
	1.0	0.0	0.0	0.0
	0.71	0.0	0.14	0.14
	0.14	0.29	0.0	0.57
	0.86	0.0	0.0	0.14
	0.86	0.0	0.14	0.0
	0.71	0.14	0.14	0.0
	1.0	0.0	0.0	0.0
	0.86	0.0	0.0	0.14
	0.29	0.0	0.71	0.0
	0.57	0.0	0.14	0.29
	1.0	0.0	0.0	0.0
	0.43	0.57	0.0	0.0
	0.71	0.0	0.0	0.29
	0.29	0.0	0.14	0.57
	1.0	0.0	0.0	0.0
	0.86	0.0	0.14	0.0
	1.0	0.0	0.0	0.0
	0.43	0.0	0.57	0.0
	0.71	0.0	0.29	0.0
	0.71	0.29	0.0	0.0
	0.29	0.29	0.0	0.43
	0.43	0.0	0.43	0.14
	0.14	0.86	0.0	0.0
	0.29	0.0	0.0	0.71

MEME version 4

ALPHABET= ACGT

MOTIF chr13:31710095-31710105

letter-probability matrix: alength= 4 w= 10
	0.07	0.57	0.29	0.07
	0.29	0.57	0.07	0.07
	0.86	0.0	0.14	0.0
	0.07	0.0	0.93	0.0
	0.0	1.0	0.0	0.0
	0.0	1.0	0.0	0.0
	0.14	0.07	0.0	0.79
	0.07	0.0	0.93	0.0
	0.0	0.07	0.93	0.0
	0.0	0.0	1.0	0.0

MEME version 4

ALPHABET= ACGT

MOTIF chr13:31753640-31753665

letter-probability matrix: alength= 4 w= 25
	0.57	0.43	0.0	0.0
	1.0	0.0	0.0	0.0
	0.71	0.0	0.14	0.14
	0.14	0.29	0.0	0.57
	0.86	0.0	0.0	0.14
	0.86	0.0	0.14	0.0
	0.71	0.14	0.14	0.0
	1.0	0.0	0.0	0.0
	0.86	0.0	0.0	0.14
	0.29	0.0	0.71	0.0
	0.57	0.0	0.14	0.29
	1.0	0.0	0.0	0.0
	0.43	0.57	0.0	0.0
	0.71	0.0	0.0	0.29
	0.29	0.0	0.14	0.57
	1.0	0.0	0.0	0.0
	0.86	0.0	0.14	0.0
	1.0	0.0	0.0	0.0
	0.43	0.0	0.57	0.0
	0.71	0.0	0.29	0.0
	0.71	0.29	0.0	0.0
	0.29	0.29	0.0	0.43
	0.43	0.0	0.43	0.14
	0.14	0.86	0.0	0.0
	0.29	0.0	0.0	0.71

MEME version 4

ALPHABET= ACGT

MOTIF chr1:247613494-247613504

letter-probability matrix: alength= 4 w= 10
	0.07	0.57	0.29	0.07
	0.29	0.57	0.07	0.07
	0.86	0.0	0.14	0.0
	0.07	0.0	0.93	0.0
	0.0	1.0	0.0	0.0
	0.0	1.0	0.0	0.0
	0.14	0.07	0.0	0.79
	0.07	0.0	0.93	0.0
	0.0	0.07	0.93	0.0
	0.0	0.0	1.0	0.0

MEME version 4

ALPHABET= ACGT

MOTIF chr1:247633167-247633192

letter-probability matrix: alength= 4 w= 25
	0.57	0.43	0.0	0.0
	1.0	0.0	0.0	0.0
	0.71	0.0	0.14	0.14
	0.14	0.29	0.0	0.57
	0.86	0.0	0.0	0.14
	0.86	0.0	0.14	0.0
	0.71	0.14	0.14	0.0
	1.0	0.0	0.0	0.0
	0.86	0.0	0.0	0.14
	0.29	0.0	0.71	0.0
	0.57	0.0	0.14	0.29
	1.0	0.0	0.0	0.0
	0.43	0.57	0.0	0.0
	0.71	0.0	0.0	0.29
	0.29	0.0	0.14	0.57
	1.0	0.0	0.0	0.0
	0.86	0.0	0.14	0.0
	1.0	0.0	0.0	0.0
	0.43	0.0	0.57	0.0
	0.71	0.0	0.29	0.0
	0.71	0.29	0.0	0.0
	0.29	0.29	0.0	0.43
	0.43	0.0	0.43	0.14
	0.14	0.86	0.0	0.0
	0.29	0.0	0.0	0.71

MEME version 4

ALPHABET= ACGT

MOTIF chr18:21535846-21535856

letter-probability matrix: alength= 4 w= 10
	0.07	0.57	0.29	0.07
	0.29	0.57	0.07	0.07
	0.86	0.0	0.14	0.0
	0.07	0.0	0.93	0.0
	0.0	1.0	0.0	0.0
	0.0	1.0	0.0	0.0
	0.14	0.07	0.0	0.79
	0.07	0.0	0.93	0.0
	0.0	0.07	0.93	0.0
	0.0	0.0	1.0	0.0

MEME version 4

ALPHABET= ACGT

MOTIF chr18:21279014-21279039

letter-probability matrix: alength= 4 w= 25
	0.57	0.43	0.0	0.0
	1.0	0.0	0.0	0.0
	0.71	0.0	0.14	0.14
	0.14	0.29	0.0	0.57
	0.86	0.0	0.0	0.14
	0.86	0.0	0.14	0.0
	0.71	0.14	0.14	0.0
	1.0	0.0	0.0	0.0
	0.86	0.0	0.0	0.14
	0.29	0.0	0.71	0.0
	0.57	0.0	0.14	0.29
	1.0	0.0	0.0	0.0
	0.43	0.57	0.0	0.0
	0.71	0.0	0.0	0.29
	0.29	0.0	0.14	0.57
	1.0	0.0	0.0	0.0
	0.86	0.0	0.14	0.0
	1.0	0.0	0.0	0.0
	0.43	0.0	0.57	0.0
	0.71	0.0	0.29	0.0
	0.71	0.29	0.0	0.0
	0.29	0.29	0.0	0.43
	0.43	0.0	0.43	0.14
	0.14	0.86	0.0	0.0
	0.29	0.0	0.0	0.71

MEME version 4

ALPHABET= ACGT

MOTIF chr12:122360220-122360230

letter-probability matrix: alength= 4 w= 10
	0.07	0.57	0.29	0.07
	0.29	0.57	0.07	0.07
	0.86	0.0	0.14	0.0
	0.07	0.0	0.93	0.0
	0.0	1.0	0.0	0.0
	0.0	1.0	0.0	0.0
	0.14	0.07	0.0	0.79
	0.07	0.0	0.93	0.0
	0.0	0.07	0.93	0.0
	0.0	0.0	1.0	0.0

MEME version 4

ALPHABET= ACGT

MOTIF chr12:122319283-122319308

letter-probability matrix: alength= 4 w= 25
	0.57	0.43	0.0	0.0
	1.0	0.0	0.0	0.0
	0.71	0.0	0.14	0.14
	0.14	0.29	0.0	0.57
	0.86	0.0	0.0	0.14
	0.86	0.0	0.14	0.0
	0.71	0.14	0.14	0.0
	1.0	0.0	0.0	0.0
	0.86	0.0	0.0	0.14
	0.29	0.0	0.71	0.0
	0.57	0.0	0.14	0.29
	1.0	0.0	0.0	0.0
	0.43	0.57	0.0	0.0
	0.71	0.0	0.0	0.29
	0.29	0.0	0.14	0.57
	1.0	0.0	0.0	0.0
	0.86	0.0	0.14	0.0
	1.0	0.0	0.0	0.0
	0.43	0.0	0.57	0.0
	0.71	0.0	0.29	0.0
	0.71	0.29	0.0	0.0
	0.29	0.29	0.0	0.43
	0.43	0.0	0.43	0.14
	0.14	0.86	0.0	0.0
	0.29	0.0	0.0	0.71

MEME version 4

ALPHABET= ACGT

MOTIF chr1:38157953-38157963

letter-probability matrix: alength= 4 w= 10
	0.07	0.57	0.29	0.07
	0.29	0.57	0.07	0.07
	0.86	0.0	0.14	0.0
	0.07	0.0	0.93	0.0
	0.0	1.0	0.0	0.0
	0.0	1.0	0.0	0.0
	0.14	0.07	0.0	0.79
	0.07	0.0	0.93	0.0
	0.0	0.07	0.93	0.0
	0.0	0.0	1.0	0.0

MEME version 4

ALPHABET= ACGT

MOTIF chr1:38147955-38147980

letter-probability matrix: alength= 4 w= 25
	0.57	0.43	0.0	0.0
	1.0	0.0	0.0	0.0
	0.71	0.0	0.14	0.14
	0.14	0.29	0.0	0.57
	0.86	0.0	0.0	0.14
	0.86	0.0	0.14	0.0
	0.71	0.14	0.14	0.0
	1.0	0.0	0.0	0.0
	0.86	0.0	0.0	0.14
	0.29	0.0	0.71	0.0
	0.57	0.0	0.14	0.29
	1.0	0.0	0.0	0.0
	0.43	0.57	0.0	0.0
	0.71	0.0	0.0	0.29
	0.29	0.0	0.14	0.57
	1.0	0.0	0.0	0.0
	0.86	0.0	0.14	0.0
	1.0	0.0	0.0	0.0
	0.43	0.0	0.57	0.0
	0.71	0.0	0.29	0.0
	0.71	0.29	0.0	0.0
	0.29	0.29	0.0	0.43
	0.43	0.0	0.43	0.14
	0.14	0.86	0.0	0.0
	0.29	0.0	0.0	0.71

MEME version 4

ALPHABET= ACGT

MOTIF chr2:68695200-68695210

letter-probability matrix: alength= 4 w= 10
	0.07	0.57	0.29	0.07
	0.29	0.57	0.07	0.07
	0.86	0.0	0.14	0.0
	0.07	0.0	0.93	0.0
	0.0	1.0	0.0	0.0
	0.0	1.0	0.0	0.0
	0.14	0.07	0.0	0.79
	0.07	0.0	0.93	0.0
	0.0	0.07	0.93	0.0
	0.0	0.0	1.0	0.0

MEME version 4

ALPHABET= ACGT

MOTIF chr2:68710736-68710761

letter-probability matrix: alength= 4 w= 25
	0.57	0.43	0.0	0.0
	1.0	0.0	0.0	0.0
	0.71	0.0	0.14	0.14
	0.14	0.29	0.0	0.57
	0.86	0.0	0.0	0.14
	0.86	0.0	0.14	0.0
	0.71	0.14	0.14	0.0
	1.0	0.0	0.0	0.0
	0.86	0.0	0.0	0.14
	0.29	0.0	0.71	0.0
	0.57	0.0	0.14	0.29
	1.0	0.0	0.0	0.0
	0.43	0.57	0.0	0.0
	0.71	0.0	0.0	0.29
	0.29	0.0	0.14	0.57
	1.0	0.0	0.0	0.0
	0.86	0.0	0.14	0.0
	1.0	0.0	0.0	0.0
	0.43	0.0	0.57	0.0
	0.71	0.0	0.29	0.0
	0.71	0.29	0.0	0.0
	0.29	0.29	0.0	0.43
	0.43	0.0	0.43	0.14
	0.14	0.86	0.0	0.0
	0.29	0.0	0.0	0.71

MEME version 4

ALPHABET= ACGT

MOTIF chr15:64680134-64680144

letter-probability matrix: alength= 4 w= 10
	0.07	0.57	0.29	0.07
	0.29	0.57	0.07	0.07
	0.86	0.0	0.14	0.0
	0.07	0.0	0.93	0.0
	0.0	1.0	0.0	0.0
	0.0	1.0	0.0	0.0
	0.14	0.07	0.0	0.79
	0.07	0.0	0.93	0.0
	0.0	0.07	0.93	0.0
	0.0	0.0	1.0	0.0

MEME version 4

ALPHABET= ACGT

MOTIF chr15:64697722-64697747

letter-probability matrix: alength= 4 w= 25
	0.57	0.43	0.0	0.0
	1.0	0.0	0.0	0.0
	0.71	0.0	0.14	0.14
	0.14	0.29	0.0	0.57
	0.86	0.0	0.0	0.14
	0.86	0.0	0.14	0.0
	0.71	0.14	0.14	0.0
	1.0	0.0	0.0	0.0
	0.86	0.0	0.0	0.14
	0.29	0.0	0.71	0.0
	0.57	0.0	0.14	0.29
	1.0	0.0	0.0	0.0
	0.43	0.57	0.0	0.0
	0.71	0.0	0.0	0.29
	0.29	0.0	0.14	0.57
	1.0	0.0	0.0	0.0
	0.86	0.0	0.14	0.0
	1.0	0.0	0.0	0.0
	0.43	0.0	0.57	0.0
	0.71	0.0	0.29	0.0
	0.71	0.29	0.0	0.0
	0.29	0.29	0.0	0.43
	0.43	0.0	0.43	0.14
	0.14	0.86	0.0	0.0
	0.29	0.0	0.0	0.71

MEME version 4

ALPHABET= ACGT

MOTIF chr9:140031851-140031861

letter-probability matrix: alength= 4 w= 10
	0.07	0.57	0.29	0.07
	0.29	0.57	0.07	0.07
	0.86	0.0	0.14	0.0
	0.07	0.0	0.93	0.0
	0.0	1.0	0.0	0.0
	0.0	1.0	0.0	0.0
	0.14	0.07	0.0	0.79
	0.07	0.0	0.93	0.0
	0.0	0.07	0.93	0.0
	0.0	0.0	1.0	0.0

MEME version 4

ALPHABET= ACGT

MOTIF chr9:140026299-140026324

letter-probability matrix: alength= 4 w= 25
	0.57	0.43	0.0	0.0
	1.0	0.0	0.0	0.0
	0.71	0.0	0.14	0.14
	0.14	0.29	0.0	0.57
	0.86	0.0	0.0	0.14
	0.86	0.0	0.14	0.0
	0.71	0.14	0.14	0.0
	1.0	0.0	0.0	0.0
	0.86	0.0	0.0	0.14
	0.29	0.0	0.71	0.0
	0.57	0.0	0.14	0.29
	1.0	0.0	0.0	0.0
	0.43	0.57	0.0	0.0
	0.71	0.0	0.0	0.29
	0.29	0.0	0.14	0.57
	1.0	0.0	0.0	0.0
	0.86	0.0	0.14	0.0
	1.0	0.0	0.0	0.0
	0.43	0.0	0.57	0.0
	0.71	0.0	0.29	0.0
	0.71	0.29	0.0	0.0
	0.29	0.29	0.0	0.43
	0.43	0.0	0.43	0.14
	0.14	0.86	0.0	0.0
	0.29	0.0	0.0	0.71

MEME version 4

ALPHABET= ACGT

MOTIF chr16:28848954-28848964

letter-probability matrix: alength= 4 w= 10
	0.07	0.57	0.29	0.07
	0.29	0.57	0.07	0.07
	0.86	0.0	0.14	0.0
	0.07	0.0	0.93	0.0
	0.0	1.0	0.0	0.0
	0.0	1.0	0.0	0.0
	0.14	0.07	0.0	0.79
	0.07	0.0	0.93	0.0
	0.0	0.07	0.93	0.0
	0.0	0.0	1.0	0.0

MEME version 4

ALPHABET= ACGT

MOTIF chr16:28813829-28813854

letter-probability matrix: alength= 4 w= 25
	0.57	0.43	0.0	0.0
	1.0	0.0	0.0	0.0
	0.71	0.0	0.14	0.14
	0.14	0.29	0.0	0.57
	0.86	0.0	0.0	0.14
	0.86	0.0	0.14	0.0
	0.71	0.14	0.14	0.0
	1.0	0.0	0.0	0.0
	0.86	0.0	0.0	0.14
	0.29	0.0	0.71	0.0
	0.57	0.0	0.14	0.29
	1.0	0.0	0.0	0.0
	0.43	0.57	0.0	0.0
	0.71	0.0	0.0	0.29
	0.29	0.0	0.14	0.57
	1.0	0.0	0.0	0.0
	0.86	0.0	0.14	0.0
	1.0	0.0	0.0	0.0
	0.43	0.0	0.57	0.0
	0.71	0.0	0.29	0.0
	0.71	0.29	0.0	0.0
	0.29	0.29	0.0	0.43
	0.43	0.0	0.43	0.14
	0.14	0.86	0.0	0.0
	0.29	0.0	0.0	0.71

MEME version 4

ALPHABET= ACGT

MOTIF chr17:60006180-60006190

letter-probability matrix: alength= 4 w= 10
	0.07	0.57	0.29	0.07
	0.29	0.57	0.07	0.07
	0.86	0.0	0.14	0.0
	0.07	0.0	0.93	0.0
	0.0	1.0	0.0	0.0
	0.0	1.0	0.0	0.0
	0.14	0.07	0.0	0.79
	0.07	0.0	0.93	0.0
	0.0	0.07	0.93	0.0
	0.0	0.0	1.0	0.0

MEME version 4

ALPHABET= ACGT

MOTIF chr17:60018481-60018506

letter-probability matrix: alength= 4 w= 25
	0.57	0.43	0.0	0.0
	1.0	0.0	0.0	0.0
	0.71	0.0	0.14	0.14
	0.14	0.29	0.0	0.57
	0.86	0.0	0.0	0.14
	0.86	0.0	0.14	0.0
	0.71	0.14	0.14	0.0
	1.0	0.0	0.0	0.0
	0.86	0.0	0.0	0.14
	0.29	0.0	0.71	0.0
	0.57	0.0	0.14	0.29
	1.0	0.0	0.0	0.0
	0.43	0.57	0.0	0.0
	0.71	0.0	0.0	0.29
	0.29	0.0	0.14	0.57
	1.0	0.0	0.0	0.0
	0.86	0.0	0.14	0.0
	1.0	0.0	0.0	0.0
	0.43	0.0	0.57	0.0
	0.71	0.0	0.29	0.0
	0.71	0.29	0.0	0.0
	0.29	0.29	0.0	0.43
	0.43	0.0	0.43	0.14
	0.14	0.86	0.0	0.0
	0.29	0.0	0.0	0.71

MEME version 4

ALPHABET= ACGT

MOTIF chr12:110478491-110478501

letter-probability matrix: alength= 4 w= 10
	0.07	0.57	0.29	0.07
	0.29	0.57	0.07	0.07
	0.86	0.0	0.14	0.0
	0.07	0.0	0.93	0.0
	0.0	1.0	0.0	0.0
	0.0	1.0	0.0	0.0
	0.14	0.07	0.0	0.79
	0.07	0.0	0.93	0.0
	0.0	0.07	0.93	0.0
	0.0	0.0	1.0	0.0

MEME version 4

ALPHABET= ACGT

MOTIF chr12:110416984-110417009

letter-probability matrix: alength= 4 w= 25
	0.57	0.43	0.0	0.0
	1.0	0.0	0.0	0.0
	0.71	0.0	0.14	0.14
	0.14	0.29	0.0	0.57
	0.86	0.0	0.0	0.14
	0.86	0.0	0.14	0.0
	0.71	0.14	0.14	0.0
	1.0	0.0	0.0	0.0
	0.86	0.0	0.0	0.14
	0.29	0.0	0.71	0.0
	0.57	0.0	0.14	0.29
	1.0	0.0	0.0	0.0
	0.43	0.57	0.0	0.0
	0.71	0.0	0.0	0.29
	0.29	0.0	0.14	0.57
	1.0	0.0	0.0	0.0
	0.86	0.0	0.14	0.0
	1.0	0.0	0.0	0.0
	0.43	0.0	0.57	0.0
	0.71	0.0	0.29	0.0
	0.71	0.29	0.0	0.0
	0.29	0.29	0.0	0.43
	0.43	0.0	0.43	0.14
	0.14	0.86	0.0	0.0
	0.29	0.0	0.0	0.71

MEME version 4

ALPHABET= ACGT

MOTIF chr5:10250768-10250778

letter-probability matrix: alength= 4 w= 10
	0.07	0.57	0.29	0.07
	0.29	0.57	0.07	0.07
	0.86	0.0	0.14	0.0
	0.07	0.0	0.93	0.0
	0.0	1.0	0.0	0.0
	0.0	1.0	0.0	0.0
	0.14	0.07	0.0	0.79
	0.07	0.0	0.93	0.0
	0.0	0.07	0.93	0.0
	0.0	0.0	1.0	0.0

MEME version 4

ALPHABET= ACGT

MOTIF chr5:10276819-10276844

letter-probability matrix: alength= 4 w= 25
	0.57	0.43	0.0	0.0
	1.0	0.0	0.0	0.0
	0.71	0.0	0.14	0.14
	0.14	0.29	0.0	0.57
	0.86	0.0	0.0	0.14
	0.86	0.0	0.14	0.0
	0.71	0.14	0.14	0.0
	1.0	0.0	0.0	0.0
	0.86	0.0	0.0	0.14
	0.29	0.0	0.71	0.0
	0.57	0.0	0.14	0.29
	1.0	0.0	0.0	0.0
	0.43	0.57	0.0	0.0
	0.71	0.0	0.0	0.29
	0.29	0.0	0.14	0.57
	1.0	0.0	0.0	0.0
	0.86	0.0	0.14	0.0
	1.0	0.0	0.0	0.0
	0.43	0.0	0.57	0.0
	0.71	0.0	0.29	0.0
	0.71	0.29	0.0	0.0
	0.29	0.29	0.0	0.43
	0.43	0.0	0.43	0.14
	0.14	0.86	0.0	0.0
	0.29	0.0	0.0	0.71

MEME version 4

ALPHABET= ACGT

MOTIF chr9:79000300-79000310

letter-probability matrix: alength= 4 w= 10
	0.07	0.57	0.29	0.07
	0.29	0.57	0.07	0.07
	0.86	0.0	0.14	0.0
	0.07	0.0	0.93	0.0
	0.0	1.0	0.0	0.0
	0.0	1.0	0.0	0.0
	0.14	0.07	0.0	0.79
	0.07	0.0	0.93	0.0
	0.0	0.07	0.93	0.0
	0.0	0.0	1.0	0.0

MEME version 4

ALPHABET= ACGT

MOTIF chr9:79028385-79028410

letter-probability matrix: alength= 4 w= 25
	0.57	0.43	0.0	0.0
	1.0	0.0	0.0	0.0
	0.71	0.0	0.14	0.14
	0.14	0.29	0.0	0.57
	0.86	0.0	0.0	0.14
	0.86	0.0	0.14	0.0
	0.71	0.14	0.14	0.0
	1.0	0.0	0.0	0.0
	0.86	0.0	0.0	0.14
	0.29	0.0	0.71	0.0
	0.57	0.0	0.14	0.29
	1.0	0.0	0.0	0.0
	0.43	0.57	0.0	0.0
	0.71	0.0	0.0	0.29
	0.29	0.0	0.14	0.57
	1.0	0.0	0.0	0.0
	0.86	0.0	0.14	0.0
	1.0	0.0	0.0	0.0
	0.43	0.0	0.57	0.0
	0.71	0.0	0.29	0.0
	0.71	0.29	0.0	0.0
	0.29	0.29	0.0	0.43
	0.43	0.0	0.43	0.14
	0.14	0.86	0.0	0.0
	0.29	0.0	0.0	0.71

MEME version 4

ALPHABET= ACGT

MOTIF chr7:2421160-2421170

letter-probability matrix: alength= 4 w= 10
	0.07	0.57	0.29	0.07
	0.29	0.57	0.07	0.07
	0.86	0.0	0.14	0.0
	0.07	0.0	0.93	0.0
	0.0	1.0	0.0	0.0
	0.0	1.0	0.0	0.0
	0.14	0.07	0.0	0.79
	0.07	0.0	0.93	0.0
	0.0	0.07	0.93	0.0
	0.0	0.0	1.0	0.0

MEME version 4

ALPHABET= ACGT

MOTIF chr7:2370510-2370535

letter-probability matrix: alength= 4 w= 25
	0.57	0.43	0.0	0.0
	1.0	0.0	0.0	0.0
	0.71	0.0	0.14	0.14
	0.14	0.29	0.0	0.57
	0.86	0.0	0.0	0.14
	0.86	0.0	0.14	0.0
	0.71	0.14	0.14	0.0
	1.0	0.0	0.0	0.0
	0.86	0.0	0.0	0.14
	0.29	0.0	0.71	0.0
	0.57	0.0	0.14	0.29
	1.0	0.0	0.0	0.0
	0.43	0.57	0.0	0.0
	0.71	0.0	0.0	0.29
	0.29	0.0	0.14	0.57
	1.0	0.0	0.0	0.0
	0.86	0.0	0.14	0.0
	1.0	0.0	0.0	0.0
	0.43	0.0	0.57	0.0
	0.71	0.0	0.29	0.0
	0.71	0.29	0.0	0.0
	0.29	0.29	0.0	0.43
	0.43	0.0	0.43	0.14
	0.14	0.86	0.0	0.0
	0.29	0.0	0.0	0.71

MEME version 4

ALPHABET= ACGT

MOTIF chr6:26018835-26018845

letter-probability matrix: alength= 4 w= 10
	0.07	0.57	0.29	0.07
	0.29	0.57	0.07	0.07
	0.86	0.0	0.14	0.0
	0.07	0.0	0.93	0.0
	0.0	1.0	0.0	0.0
	0.0	1.0	0.0	0.0
	0.14	0.07	0.0	0.79
	0.07	0.0	0.93	0.0
	0.0	0.07	0.93	0.0
	0.0	0.0	1.0	0.0

MEME version 4

ALPHABET= ACGT

MOTIF chr6:26006800-26006825

letter-probability matrix: alength= 4 w= 25
	0.57	0.43	0.0	0.0
	1.0	0.0	0.0	0.0
	0.71	0.0	0.14	0.14
	0.14	0.29	0.0	0.57
	0.86	0.0	0.0	0.14
	0.86	0.0	0.14	0.0
	0.71	0.14	0.14	0.0
	1.0	0.0	0.0	0.0
	0.86	0.0	0.0	0.14
	0.29	0.0	0.71	0.0
	0.57	0.0	0.14	0.29
	1.0	0.0	0.0	0.0
	0.43	0.57	0.0	0.0
	0.71	0.0	0.0	0.29
	0.29	0.0	0.14	0.57
	1.0	0.0	0.0	0.0
	0.86	0.0	0.14	0.0
	1.0	0.0	0.0	0.0
	0.43	0.0	0.57	0.0
	0.71	0.0	0.29	0.0
	0.71	0.29	0.0	0.0
	0.29	0.29	0.0	0.43
	0.43	0.0	0.43	0.14
	0.14	0.86	0.0	0.0
	0.29	0.0	0.0	0.71

MEME version 4

ALPHABET= ACGT

MOTIF chr1:29137686-29137696

letter-probability matrix: alength= 4 w= 10
	0.07	0.57	0.29	0.07
	0.29	0.57	0.07	0.07
	0.86	0.0	0.14	0.0
	0.07	0.0	0.93	0.0
	0.0	1.0	0.0	0.0
	0.0	1.0	0.0	0.0
	0.14	0.07	0.0	0.79
	0.07	0.0	0.93	0.0
	0.0	0.07	0.93	0.0
	0.0	0.0	1.0	0.0

MEME version 4

ALPHABET= ACGT

MOTIF chr1:29101372-29101397

letter-probability matrix: alength= 4 w= 25
	0.57	0.43	0.0	0.0
	1.0	0.0	0.0	0.0
	0.71	0.0	0.14	0.14
	0.14	0.29	0.0	0.57
	0.86	0.0	0.0	0.14
	0.86	0.0	0.14	0.0
	0.71	0.14	0.14	0.0
	1.0	0.0	0.0	0.0
	0.86	0.0	0.0	0.14
	0.29	0.0	0.71	0.0
	0.57	0.0	0.14	0.29
	1.0	0.0	0.0	0.0
	0.43	0.57	0.0	0.0
	0.71	0.0	0.0	0.29
	0.29	0.0	0.14	0.57
	1.0	0.0	0.0	0.0
	0.86	0.0	0.14	0.0
	1.0	0.0	0.0	0.0
	0.43	0.0	0.57	0.0
	0.71	0.0	0.29	0.0
	0.71	0.29	0.0	0.0
	0.29	0.29	0.0	0.43
	0.43	0.0	0.43	0.14
	0.14	0.86	0.0	0.0
	0.29	0.0	0.0	0.71

MEME version 4

ALPHABET= ACGT

MOTIF chr15:75758945-75758955

letter-probability matrix: alength= 4 w= 10
	0.07	0.57	0.29	0.07
	0.29	0.57	0.07	0.07
	0.86	0.0	0.14	0.0
	0.07	0.0	0.93	0.0
	0.0	1.0	0.0	0.0
	0.0	1.0	0.0	0.0
	0.14	0.07	0.0	0.79
	0.07	0.0	0.93	0.0
	0.0	0.07	0.93	0.0
	0.0	0.0	1.0	0.0

MEME version 4

ALPHABET= ACGT

MOTIF chr15:75843134-75843159

letter-probability matrix: alength= 4 w= 25
	0.57	0.43	0.0	0.0
	1.0	0.0	0.0	0.0
	0.71	0.0	0.14	0.14
	0.14	0.29	0.0	0.57
	0.86	0.0	0.0	0.14
	0.86	0.0	0.14	0.0
	0.71	0.14	0.14	0.0
	1.0	0.0	0.0	0.0
	0.86	0.0	0.0	0.14
	0.29	0.0	0.71	0.0
	0.57	0.0	0.14	0.29
	1.0	0.0	0.0	0.0
	0.43	0.57	0.0	0.0
	0.71	0.0	0.0	0.29
	0.29	0.0	0.14	0.57
	1.0	0.0	0.0	0.0
	0.86	0.0	0.14	0.0
	1.0	0.0	0.0	0.0
	0.43	0.0	0.57	0.0
	0.71	0.0	0.29	0.0
	0.71	0.29	0.0	0.0
	0.29	0.29	0.0	0.43
	0.43	0.0	0.43	0.14
	0.14	0.86	0.0	0.0
	0.29	0.0	0.0	0.71

MEME version 4

ALPHABET= ACGT

MOTIF chr7:25165430-25165440

letter-probability matrix: alength= 4 w= 10
	0.07	0.57	0.29	0.07
	0.29	0.57	0.07	0.07
	0.86	0.0	0.14	0.0
	0.07	0.0	0.93	0.0
	0.0	1.0	0.0	0.0
	0.0	1.0	0.0	0.0
	0.14	0.07	0.0	0.79
	0.07	0.0	0.93	0.0
	0.0	0.07	0.93	0.0
	0.0	0.0	1.0	0.0

MEME version 4

ALPHABET= ACGT

MOTIF chr7:25113839-25113864

letter-probability matrix: alength= 4 w= 25
	0.57	0.43	0.0	0.0
	1.0	0.0	0.0	0.0
	0.71	0.0	0.14	0.14
	0.14	0.29	0.0	0.57
	0.86	0.0	0.0	0.14
	0.86	0.0	0.14	0.0
	0.71	0.14	0.14	0.0
	1.0	0.0	0.0	0.0
	0.86	0.0	0.0	0.14
	0.29	0.0	0.71	0.0
	0.57	0.0	0.14	0.29
	1.0	0.0	0.0	0.0
	0.43	0.57	0.0	0.0
	0.71	0.0	0.0	0.29
	0.29	0.0	0.14	0.57
	1.0	0.0	0.0	0.0
	0.86	0.0	0.14	0.0
	1.0	0.0	0.0	0.0
	0.43	0.0	0.57	0.0
	0.71	0.0	0.29	0.0
	0.71	0.29	0.0	0.0
	0.29	0.29	0.0	0.43
	0.43	0.0	0.43	0.14
	0.14	0.86	0.0	0.0
	0.29	0.0	0.0	0.71

MEME version 4

ALPHABET= ACGT

MOTIF chr22:21127348-21127358

letter-probability matrix: alength= 4 w= 10
	0.07	0.57	0.29	0.07
	0.29	0.57	0.07	0.07
	0.86	0.0	0.14	0.0
	0.07	0.0	0.93	0.0
	0.0	1.0	0.0	0.0
	0.0	1.0	0.0	0.0
	0.14	0.07	0.0	0.79
	0.07	0.0	0.93	0.0
	0.0	0.07	0.93	0.0
	0.0	0.0	1.0	0.0

MEME version 4

ALPHABET= ACGT

MOTIF chr22:21123952-21123977

letter-probability matrix: alength= 4 w= 25
	0.57	0.43	0.0	0.0
	1.0	0.0	0.0	0.0
	0.71	0.0	0.14	0.14
	0.14	0.29	0.0	0.57
	0.86	0.0	0.0	0.14
	0.86	0.0	0.14	0.0
	0.71	0.14	0.14	0.0
	1.0	0.0	0.0	0.0
	0.86	0.0	0.0	0.14
	0.29	0.0	0.71	0.0
	0.57	0.0	0.14	0.29
	1.0	0.0	0.0	0.0
	0.43	0.57	0.0	0.0
	0.71	0.0	0.0	0.29
	0.29	0.0	0.14	0.57
	1.0	0.0	0.0	0.0
	0.86	0.0	0.14	0.0
	1.0	0.0	0.0	0.0
	0.43	0.0	0.57	0.0
	0.71	0.0	0.29	0.0
	0.71	0.29	0.0	0.0
	0.29	0.29	0.0	0.43
	0.43	0.0	0.43	0.14
	0.14	0.86	0.0	0.0
	0.29	0.0	0.0	0.71

MEME version 4

ALPHABET= ACGT

MOTIF chr12:105500345-105500355

letter-probability matrix: alength= 4 w= 10
	0.07	0.57	0.29	0.07
	0.29	0.57	0.07	0.07
	0.86	0.0	0.14	0.0
	0.07	0.0	0.93	0.0
	0.0	1.0	0.0	0.0
	0.0	1.0	0.0	0.0
	0.14	0.07	0.0	0.79
	0.07	0.0	0.93	0.0
	0.0	0.07	0.93	0.0
	0.0	0.0	1.0	0.0

MEME version 4

ALPHABET= ACGT

MOTIF chr12:105494808-105494833

letter-probability matrix: alength= 4 w= 25
	0.57	0.43	0.0	0.0
	1.0	0.0	0.0	0.0
	0.71	0.0	0.14	0.14
	0.14	0.29	0.0	0.57
	0.86	0.0	0.0	0.14
	0.86	0.0	0.14	0.0
	0.71	0.14	0.14	0.0
	1.0	0.0	0.0	0.0
	0.86	0.0	0.0	0.14
	0.29	0.0	0.71	0.0
	0.57	0.0	0.14	0.29
	1.0	0.0	0.0	0.0
	0.43	0.57	0.0	0.0
	0.71	0.0	0.0	0.29
	0.29	0.0	0.14	0.57
	1.0	0.0	0.0	0.0
	0.86	0.0	0.14	0.0
	1.0	0.0	0.0	0.0
	0.43	0.0	0.57	0.0
	0.71	0.0	0.29	0.0
	0.71	0.29	0.0	0.0
	0.29	0.29	0.0	0.43
	0.43	0.0	0.43	0.14
	0.14	0.86	0.0	0.0
	0.29	0.0	0.0	0.71

MEME version 4

ALPHABET= ACGT

MOTIF chr8:74903310-74903320

letter-probability matrix: alength= 4 w= 10
	0.07	0.57	0.29	0.07
	0.29	0.57	0.07	0.07
	0.86	0.0	0.14	0.0
	0.07	0.0	0.93	0.0
	0.0	1.0	0.0	0.0
	0.0	1.0	0.0	0.0
	0.14	0.07	0.0	0.79
	0.07	0.0	0.93	0.0
	0.0	0.07	0.93	0.0
	0.0	0.0	1.0	0.0

MEME version 4

ALPHABET= ACGT

MOTIF chr8:74909695-74909720

letter-probability matrix: alength= 4 w= 25
	0.57	0.43	0.0	0.0
	1.0	0.0	0.0	0.0
	0.71	0.0	0.14	0.14
	0.14	0.29	0.0	0.57
	0.86	0.0	0.0	0.14
	0.86	0.0	0.14	0.0
	0.71	0.14	0.14	0.0
	1.0	0.0	0.0	0.0
	0.86	0.0	0.0	0.14
	0.29	0.0	0.71	0.0
	0.57	0.0	0.14	0.29
	1.0	0.0	0.0	0.0
	0.43	0.57	0.0	0.0
	0.71	0.0	0.0	0.29
	0.29	0.0	0.14	0.57
	1.0	0.0	0.0	0.0
	0.86	0.0	0.14	0.0
	1.0	0.0	0.0	0.0
	0.43	0.0	0.57	0.0
	0.71	0.0	0.29	0.0
	0.71	0.29	0.0	0.0
	0.29	0.29	0.0	0.43
	0.43	0.0	0.43	0.14
	0.14	0.86	0.0	0.0
	0.29	0.0	0.0	0.71

MEME version 4

ALPHABET= ACGT

MOTIF chr5:148737088-148737098

letter-probability matrix: alength= 4 w= 10
	0.07	0.57	0.29	0.07
	0.29	0.57	0.07	0.07
	0.86	0.0	0.14	0.0
	0.07	0.0	0.93	0.0
	0.0	1.0	0.0	0.0
	0.0	1.0	0.0	0.0
	0.14	0.07	0.0	0.79
	0.07	0.0	0.93	0.0
	0.0	0.07	0.93	0.0
	0.0	0.0	1.0	0.0

MEME version 4

ALPHABET= ACGT

MOTIF chr5:148723176-148723201

letter-probability matrix: alength= 4 w= 25
	0.57	0.43	0.0	0.0
	1.0	0.0	0.0	0.0
	0.71	0.0	0.14	0.14
	0.14	0.29	0.0	0.57
	0.86	0.0	0.0	0.14
	0.86	0.0	0.14	0.0
	0.71	0.14	0.14	0.0
	1.0	0.0	0.0	0.0
	0.86	0.0	0.0	0.14
	0.29	0.0	0.71	0.0
	0.57	0.0	0.14	0.29
	1.0	0.0	0.0	0.0
	0.43	0.57	0.0	0.0
	0.71	0.0	0.0	0.29
	0.29	0.0	0.14	0.57
	1.0	0.0	0.0	0.0
	0.86	0.0	0.14	0.0
	1.0	0.0	0.0	0.0
	0.43	0.0	0.57	0.0
	0.71	0.0	0.29	0.0
	0.71	0.29	0.0	0.0
	0.29	0.29	0.0	0.43
	0.43	0.0	0.43	0.14
	0.14	0.86	0.0	0.0
	0.29	0.0	0.0	0.71

MEME version 4

ALPHABET= ACGT

MOTIF chr19:17419683-17419693

letter-probability matrix: alength= 4 w= 10
	0.07	0.57	0.29	0.07
	0.29	0.57	0.07	0.07
	0.86	0.0	0.14	0.0
	0.07	0.0	0.93	0.0
	0.0	1.0	0.0	0.0
	0.0	1.0	0.0	0.0
	0.14	0.07	0.0	0.79
	0.07	0.0	0.93	0.0
	0.0	0.07	0.93	0.0
	0.0	0.0	1.0	0.0

MEME version 4

ALPHABET= ACGT

MOTIF chr19:17443004-17443029

letter-probability matrix: alength= 4 w= 25
	0.57	0.43	0.0	0.0
	1.0	0.0	0.0	0.0
	0.71	0.0	0.14	0.14
	0.14	0.29	0.0	0.57
	0.86	0.0	0.0	0.14
	0.86	0.0	0.14	0.0
	0.71	0.14	0.14	0.0
	1.0	0.0	0.0	0.0
	0.86	0.0	0.0	0.14
	0.29	0.0	0.71	0.0
	0.57	0.0	0.14	0.29
	1.0	0.0	0.0	0.0
	0.43	0.57	0.0	0.0
	0.71	0.0	0.0	0.29
	0.29	0.0	0.14	0.57
	1.0	0.0	0.0	0.0
	0.86	0.0	0.14	0.0
	1.0	0.0	0.0	0.0
	0.43	0.0	0.57	0.0
	0.71	0.0	0.29	0.0
	0.71	0.29	0.0	0.0
	0.29	0.29	0.0	0.43
	0.43	0.0	0.43	0.14
	0.14	0.86	0.0	0.0
	0.29	0.0	0.0	0.71

MEME version 4

ALPHABET= ACGT

MOTIF chr12:133263290-133263300

letter-probability matrix: alength= 4 w= 10
	0.07	0.57	0.29	0.07
	0.29	0.57	0.07	0.07
	0.86	0.0	0.14	0.0
	0.07	0.0	0.93	0.0
	0.0	1.0	0.0	0.0
	0.0	1.0	0.0	0.0
	0.14	0.07	0.0	0.79
	0.07	0.0	0.93	0.0
	0.0	0.07	0.93	0.0
	0.0	0.0	1.0	0.0

MEME version 4

ALPHABET= ACGT

MOTIF chr12:133216614-133216639

letter-probability matrix: alength= 4 w= 25
	0.57	0.43	0.0	0.0
	1.0	0.0	0.0	0.0
	0.71	0.0	0.14	0.14
	0.14	0.29	0.0	0.57
	0.86	0.0	0.0	0.14
	0.86	0.0	0.14	0.0
	0.71	0.14	0.14	0.0
	1.0	0.0	0.0	0.0
	0.86	0.0	0.0	0.14
	0.29	0.0	0.71	0.0
	0.57	0.0	0.14	0.29
	1.0	0.0	0.0	0.0
	0.43	0.57	0.0	0.0
	0.71	0.0	0.0	0.29
	0.29	0.0	0.14	0.57
	1.0	0.0	0.0	0.0
	0.86	0.0	0.14	0.0
	1.0	0.0	0.0	0.0
	0.43	0.0	0.57	0.0
	0.71	0.0	0.29	0.0
	0.71	0.29	0.0	0.0
	0.29	0.29	0.0	0.43
	0.43	0.0	0.43	0.14
	0.14	0.86	0.0	0.0
	0.29	0.0	0.0	0.71

MEME version 4

ALPHABET= ACGT

MOTIF chr5:10225607-10225617

letter-probability matrix: alength= 4 w= 10
	0.07	0.57	0.29	0.07
	0.29	0.57	0.07	0.07
	0.86	0.0	0.14	0.0
	0.07	0.0	0.93	0.0
	0.0	1.0	0.0	0.0
	0.0	1.0	0.0	0.0
	0.14	0.07	0.0	0.79
	0.07	0.0	0.93	0.0
	0.0	0.07	0.93	0.0
	0.0	0.0	1.0	0.0

MEME version 4

ALPHABET= ACGT

MOTIF chr5:10276819-10276844

letter-probability matrix: alength= 4 w= 25
	0.57	0.43	0.0	0.0
	1.0	0.0	0.0	0.0
	0.71	0.0	0.14	0.14
	0.14	0.29	0.0	0.57
	0.86	0.0	0.0	0.14
	0.86	0.0	0.14	0.0
	0.71	0.14	0.14	0.0
	1.0	0.0	0.0	0.0
	0.86	0.0	0.0	0.14
	0.29	0.0	0.71	0.0
	0.57	0.0	0.14	0.29
	1.0	0.0	0.0	0.0
	0.43	0.57	0.0	0.0
	0.71	0.0	0.0	0.29
	0.29	0.0	0.14	0.57
	1.0	0.0	0.0	0.0
	0.86	0.0	0.14	0.0
	1.0	0.0	0.0	0.0
	0.43	0.0	0.57	0.0
	0.71	0.0	0.29	0.0
	0.71	0.29	0.0	0.0
	0.29	0.29	0.0	0.43
	0.43	0.0	0.43	0.14
	0.14	0.86	0.0	0.0
	0.29	0.0	0.0	0.71

MEME version 4

ALPHABET= ACGT

MOTIF chr19:12786044-12786054

letter-probability matrix: alength= 4 w= 10
	0.07	0.57	0.29	0.07
	0.29	0.57	0.07	0.07
	0.86	0.0	0.14	0.0
	0.07	0.0	0.93	0.0
	0.0	1.0	0.0	0.0
	0.0	1.0	0.0	0.0
	0.14	0.07	0.0	0.79
	0.07	0.0	0.93	0.0
	0.0	0.07	0.93	0.0
	0.0	0.0	1.0	0.0

MEME version 4

ALPHABET= ACGT

MOTIF chr19:12801431-12801456

letter-probability matrix: alength= 4 w= 25
	0.57	0.43	0.0	0.0
	1.0	0.0	0.0	0.0
	0.71	0.0	0.14	0.14
	0.14	0.29	0.0	0.57
	0.86	0.0	0.0	0.14
	0.86	0.0	0.14	0.0
	0.71	0.14	0.14	0.0
	1.0	0.0	0.0	0.0
	0.86	0.0	0.0	0.14
	0.29	0.0	0.71	0.0
	0.57	0.0	0.14	0.29
	1.0	0.0	0.0	0.0
	0.43	0.57	0.0	0.0
	0.71	0.0	0.0	0.29
	0.29	0.0	0.14	0.57
	1.0	0.0	0.0	0.0
	0.86	0.0	0.14	0.0
	1.0	0.0	0.0	0.0
	0.43	0.0	0.57	0.0
	0.71	0.0	0.29	0.0
	0.71	0.29	0.0	0.0
	0.29	0.29	0.0	0.43
	0.43	0.0	0.43	0.14
	0.14	0.86	0.0	0.0
	0.29	0.0	0.0	0.71

MEME version 4

ALPHABET= ACGT

MOTIF chr4:74865283-74865293

letter-probability matrix: alength= 4 w= 10
	0.07	0.57	0.29	0.07
	0.29	0.57	0.07	0.07
	0.86	0.0	0.14	0.0
	0.07	0.0	0.93	0.0
	0.0	1.0	0.0	0.0
	0.0	1.0	0.0	0.0
	0.14	0.07	0.0	0.79
	0.07	0.0	0.93	0.0
	0.0	0.07	0.93	0.0
	0.0	0.0	1.0	0.0

MEME version 4

ALPHABET= ACGT

MOTIF chr4:74853642-74853667

letter-probability matrix: alength= 4 w= 25
	0.57	0.43	0.0	0.0
	1.0	0.0	0.0	0.0
	0.71	0.0	0.14	0.14
	0.14	0.29	0.0	0.57
	0.86	0.0	0.0	0.14
	0.86	0.0	0.14	0.0
	0.71	0.14	0.14	0.0
	1.0	0.0	0.0	0.0
	0.86	0.0	0.0	0.14
	0.29	0.0	0.71	0.0
	0.57	0.0	0.14	0.29
	1.0	0.0	0.0	0.0
	0.43	0.57	0.0	0.0
	0.71	0.0	0.0	0.29
	0.29	0.0	0.14	0.57
	1.0	0.0	0.0	0.0
	0.86	0.0	0.14	0.0
	1.0	0.0	0.0	0.0
	0.43	0.0	0.57	0.0
	0.71	0.0	0.29	0.0
	0.71	0.29	0.0	0.0
	0.29	0.29	0.0	0.43
	0.43	0.0	0.43	0.14
	0.14	0.86	0.0	0.0
	0.29	0.0	0.0	0.71

MEME version 4

ALPHABET= ACGT

MOTIF chr12:82873777-82873787

letter-probability matrix: alength= 4 w= 10
	0.07	0.57	0.29	0.07
	0.29	0.57	0.07	0.07
	0.86	0.0	0.14	0.0
	0.07	0.0	0.93	0.0
	0.0	1.0	0.0	0.0
	0.0	1.0	0.0	0.0
	0.14	0.07	0.0	0.79
	0.07	0.0	0.93	0.0
	0.0	0.07	0.93	0.0
	0.0	0.0	1.0	0.0

MEME version 4

ALPHABET= ACGT

MOTIF chr12:82743895-82743920

letter-probability matrix: alength= 4 w= 25
	0.57	0.43	0.0	0.0
	1.0	0.0	0.0	0.0
	0.71	0.0	0.14	0.14
	0.14	0.29	0.0	0.57
	0.86	0.0	0.0	0.14
	0.86	0.0	0.14	0.0
	0.71	0.14	0.14	0.0
	1.0	0.0	0.0	0.0
	0.86	0.0	0.0	0.14
	0.29	0.0	0.71	0.0
	0.57	0.0	0.14	0.29
	1.0	0.0	0.0	0.0
	0.43	0.57	0.0	0.0
	0.71	0.0	0.0	0.29
	0.29	0.0	0.14	0.57
	1.0	0.0	0.0	0.0
	0.86	0.0	0.14	0.0
	1.0	0.0	0.0	0.0
	0.43	0.0	0.57	0.0
	0.71	0.0	0.29	0.0
	0.71	0.29	0.0	0.0
	0.29	0.29	0.0	0.43
	0.43	0.0	0.43	0.14
	0.14	0.86	0.0	0.0
	0.29	0.0	0.0	0.71

MEME version 4

ALPHABET= ACGT

MOTIF chr2:135893865-135893875

letter-probability matrix: alength= 4 w= 10
	0.07	0.57	0.29	0.07
	0.29	0.57	0.07	0.07
	0.86	0.0	0.14	0.0
	0.07	0.0	0.93	0.0
	0.0	1.0	0.0	0.0
	0.0	1.0	0.0	0.0
	0.14	0.07	0.0	0.79
	0.07	0.0	0.93	0.0
	0.0	0.07	0.93	0.0
	0.0	0.0	1.0	0.0

MEME version 4

ALPHABET= ACGT

MOTIF chr2:136303204-136303229

letter-probability matrix: alength= 4 w= 25
	0.57	0.43	0.0	0.0
	1.0	0.0	0.0	0.0
	0.71	0.0	0.14	0.14
	0.14	0.29	0.0	0.57
	0.86	0.0	0.0	0.14
	0.86	0.0	0.14	0.0
	0.71	0.14	0.14	0.0
	1.0	0.0	0.0	0.0
	0.86	0.0	0.0	0.14
	0.29	0.0	0.71	0.0
	0.57	0.0	0.14	0.29
	1.0	0.0	0.0	0.0
	0.43	0.57	0.0	0.0
	0.71	0.0	0.0	0.29
	0.29	0.0	0.14	0.57
	1.0	0.0	0.0	0.0
	0.86	0.0	0.14	0.0
	1.0	0.0	0.0	0.0
	0.43	0.0	0.57	0.0
	0.71	0.0	0.29	0.0
	0.71	0.29	0.0	0.0
	0.29	0.29	0.0	0.43
	0.43	0.0	0.43	0.14
	0.14	0.86	0.0	0.0
	0.29	0.0	0.0	0.71

MEME version 4

ALPHABET= ACGT

MOTIF chr7:143012500-143012510

letter-probability matrix: alength= 4 w= 10
	0.07	0.57	0.29	0.07
	0.29	0.57	0.07	0.07
	0.86	0.0	0.14	0.0
	0.07	0.0	0.93	0.0
	0.0	1.0	0.0	0.0
	0.0	1.0	0.0	0.0
	0.14	0.07	0.0	0.79
	0.07	0.0	0.93	0.0
	0.0	0.07	0.93	0.0
	0.0	0.0	1.0	0.0

MEME version 4

ALPHABET= ACGT

MOTIF chr7:143004013-143004038

letter-probability matrix: alength= 4 w= 25
	0.57	0.43	0.0	0.0
	1.0	0.0	0.0	0.0
	0.71	0.0	0.14	0.14
	0.14	0.29	0.0	0.57
	0.86	0.0	0.0	0.14
	0.86	0.0	0.14	0.0
	0.71	0.14	0.14	0.0
	1.0	0.0	0.0	0.0
	0.86	0.0	0.0	0.14
	0.29	0.0	0.71	0.0
	0.57	0.0	0.14	0.29
	1.0	0.0	0.0	0.0
	0.43	0.57	0.0	0.0
	0.71	0.0	0.0	0.29
	0.29	0.0	0.14	0.57
	1.0	0.0	0.0	0.0
	0.86	0.0	0.14	0.0
	1.0	0.0	0.0	0.0
	0.43	0.0	0.57	0.0
	0.71	0.0	0.29	0.0
	0.71	0.29	0.0	0.0
	0.29	0.29	0.0	0.43
	0.43	0.0	0.43	0.14
	0.14	0.86	0.0	0.0
	0.29	0.0	0.0	0.71

MEME version 4

ALPHABET= ACGT

MOTIF chr2:136288896-136288906

letter-probability matrix: alength= 4 w= 10
	0.07	0.57	0.29	0.07
	0.29	0.57	0.07	0.07
	0.86	0.0	0.14	0.0
	0.07	0.0	0.93	0.0
	0.0	1.0	0.0	0.0
	0.0	1.0	0.0	0.0
	0.14	0.07	0.0	0.79
	0.07	0.0	0.93	0.0
	0.0	0.07	0.93	0.0
	0.0	0.0	1.0	0.0

MEME version 4

ALPHABET= ACGT

MOTIF chr2:136303204-136303229

letter-probability matrix: alength= 4 w= 25
	0.57	0.43	0.0	0.0
	1.0	0.0	0.0	0.0
	0.71	0.0	0.14	0.14
	0.14	0.29	0.0	0.57
	0.86	0.0	0.0	0.14
	0.86	0.0	0.14	0.0
	0.71	0.14	0.14	0.0
	1.0	0.0	0.0	0.0
	0.86	0.0	0.0	0.14
	0.29	0.0	0.71	0.0
	0.57	0.0	0.14	0.29
	1.0	0.0	0.0	0.0
	0.43	0.57	0.0	0.0
	0.71	0.0	0.0	0.29
	0.29	0.0	0.14	0.57
	1.0	0.0	0.0	0.0
	0.86	0.0	0.14	0.0
	1.0	0.0	0.0	0.0
	0.43	0.0	0.57	0.0
	0.71	0.0	0.29	0.0
	0.71	0.29	0.0	0.0
	0.29	0.29	0.0	0.43
	0.43	0.0	0.43	0.14
	0.14	0.86	0.0	0.0
	0.29	0.0	0.0	0.71

MEME version 4

ALPHABET= ACGT

MOTIF chr6:31551282-31551292

letter-probability matrix: alength= 4 w= 10
	0.07	0.57	0.29	0.07
	0.29	0.57	0.07	0.07
	0.86	0.0	0.14	0.0
	0.07	0.0	0.93	0.0
	0.0	1.0	0.0	0.0
	0.0	1.0	0.0	0.0
	0.14	0.07	0.0	0.79
	0.07	0.0	0.93	0.0
	0.0	0.07	0.93	0.0
	0.0	0.0	1.0	0.0

MEME version 4

ALPHABET= ACGT

MOTIF chr6:31567515-31567540

letter-probability matrix: alength= 4 w= 25
	0.57	0.43	0.0	0.0
	1.0	0.0	0.0	0.0
	0.71	0.0	0.14	0.14
	0.14	0.29	0.0	0.57
	0.86	0.0	0.0	0.14
	0.86	0.0	0.14	0.0
	0.71	0.14	0.14	0.0
	1.0	0.0	0.0	0.0
	0.86	0.0	0.0	0.14
	0.29	0.0	0.71	0.0
	0.57	0.0	0.14	0.29
	1.0	0.0	0.0	0.0
	0.43	0.57	0.0	0.0
	0.71	0.0	0.0	0.29
	0.29	0.0	0.14	0.57
	1.0	0.0	0.0	0.0
	0.86	0.0	0.14	0.0
	1.0	0.0	0.0	0.0
	0.43	0.0	0.57	0.0
	0.71	0.0	0.29	0.0
	0.71	0.29	0.0	0.0
	0.29	0.29	0.0	0.43
	0.43	0.0	0.43	0.14
	0.14	0.86	0.0	0.0
	0.29	0.0	0.0	0.71

MEME version 4

ALPHABET= ACGT

MOTIF chr22:50945993-50946003

letter-probability matrix: alength= 4 w= 10
	0.07	0.57	0.29	0.07
	0.29	0.57	0.07	0.07
	0.86	0.0	0.14	0.0
	0.07	0.0	0.93	0.0
	0.0	1.0	0.0	0.0
	0.0	1.0	0.0	0.0
	0.14	0.07	0.0	0.79
	0.07	0.0	0.93	0.0
	0.0	0.07	0.93	0.0
	0.0	0.0	1.0	0.0

MEME version 4

ALPHABET= ACGT

MOTIF chr22:50935509-50935534

letter-probability matrix: alength= 4 w= 25
	0.57	0.43	0.0	0.0
	1.0	0.0	0.0	0.0
	0.71	0.0	0.14	0.14
	0.14	0.29	0.0	0.57
	0.86	0.0	0.0	0.14
	0.86	0.0	0.14	0.0
	0.71	0.14	0.14	0.0
	1.0	0.0	0.0	0.0
	0.86	0.0	0.0	0.14
	0.29	0.0	0.71	0.0
	0.57	0.0	0.14	0.29
	1.0	0.0	0.0	0.0
	0.43	0.57	0.0	0.0
	0.71	0.0	0.0	0.29
	0.29	0.0	0.14	0.57
	1.0	0.0	0.0	0.0
	0.86	0.0	0.14	0.0
	1.0	0.0	0.0	0.0
	0.43	0.0	0.57	0.0
	0.71	0.0	0.29	0.0
	0.71	0.29	0.0	0.0
	0.29	0.29	0.0	0.43
	0.43	0.0	0.43	0.14
	0.14	0.86	0.0	0.0
	0.29	0.0	0.0	0.71

MEME version 4

ALPHABET= ACGT

MOTIF chr6:112408668-112408678

letter-probability matrix: alength= 4 w= 10
	0.07	0.57	0.29	0.07
	0.29	0.57	0.07	0.07
	0.86	0.0	0.14	0.0
	0.07	0.0	0.93	0.0
	0.0	1.0	0.0	0.0
	0.0	1.0	0.0	0.0
	0.14	0.07	0.0	0.79
	0.07	0.0	0.93	0.0
	0.0	0.07	0.93	0.0
	0.0	0.0	1.0	0.0

MEME version 4

ALPHABET= ACGT

MOTIF chr6:112438499-112438524

letter-probability matrix: alength= 4 w= 25
	0.57	0.43	0.0	0.0
	1.0	0.0	0.0	0.0
	0.71	0.0	0.14	0.14
	0.14	0.29	0.0	0.57
	0.86	0.0	0.0	0.14
	0.86	0.0	0.14	0.0
	0.71	0.14	0.14	0.0
	1.0	0.0	0.0	0.0
	0.86	0.0	0.0	0.14
	0.29	0.0	0.71	0.0
	0.57	0.0	0.14	0.29
	1.0	0.0	0.0	0.0
	0.43	0.57	0.0	0.0
	0.71	0.0	0.0	0.29
	0.29	0.0	0.14	0.57
	1.0	0.0	0.0	0.0
	0.86	0.0	0.14	0.0
	1.0	0.0	0.0	0.0
	0.43	0.0	0.57	0.0
	0.71	0.0	0.29	0.0
	0.71	0.29	0.0	0.0
	0.29	0.29	0.0	0.43
	0.43	0.0	0.43	0.14
	0.14	0.86	0.0	0.0
	0.29	0.0	0.0	0.71

MEME version 4

ALPHABET= ACGT

MOTIF chr16:28833982-28833992

letter-probability matrix: alength= 4 w= 10
	0.07	0.57	0.29	0.07
	0.29	0.57	0.07	0.07
	0.86	0.0	0.14	0.0
	0.07	0.0	0.93	0.0
	0.0	1.0	0.0	0.0
	0.0	1.0	0.0	0.0
	0.14	0.07	0.0	0.79
	0.07	0.0	0.93	0.0
	0.0	0.07	0.93	0.0
	0.0	0.0	1.0	0.0

MEME version 4

ALPHABET= ACGT

MOTIF chr16:28813829-28813854

letter-probability matrix: alength= 4 w= 25
	0.57	0.43	0.0	0.0
	1.0	0.0	0.0	0.0
	0.71	0.0	0.14	0.14
	0.14	0.29	0.0	0.57
	0.86	0.0	0.0	0.14
	0.86	0.0	0.14	0.0
	0.71	0.14	0.14	0.0
	1.0	0.0	0.0	0.0
	0.86	0.0	0.0	0.14
	0.29	0.0	0.71	0.0
	0.57	0.0	0.14	0.29
	1.0	0.0	0.0	0.0
	0.43	0.57	0.0	0.0
	0.71	0.0	0.0	0.29
	0.29	0.0	0.14	0.57
	1.0	0.0	0.0	0.0
	0.86	0.0	0.14	0.0
	1.0	0.0	0.0	0.0
	0.43	0.0	0.57	0.0
	0.71	0.0	0.29	0.0
	0.71	0.29	0.0	0.0
	0.29	0.29	0.0	0.43
	0.43	0.0	0.43	0.14
	0.14	0.86	0.0	0.0
	0.29	0.0	0.0	0.71

MEME version 4

ALPHABET= ACGT

MOTIF chr19:14163481-14163491

letter-probability matrix: alength= 4 w= 10
	0.07	0.57	0.29	0.07
	0.29	0.57	0.07	0.07
	0.86	0.0	0.14	0.0
	0.07	0.0	0.93	0.0
	0.0	1.0	0.0	0.0
	0.0	1.0	0.0	0.0
	0.14	0.07	0.0	0.79
	0.07	0.0	0.93	0.0
	0.0	0.07	0.93	0.0
	0.0	0.0	1.0	0.0

MEME version 4

ALPHABET= ACGT

MOTIF chr19:14177161-14177186

letter-probability matrix: alength= 4 w= 25
	0.57	0.43	0.0	0.0
	1.0	0.0	0.0	0.0
	0.71	0.0	0.14	0.14
	0.14	0.29	0.0	0.57
	0.86	0.0	0.0	0.14
	0.86	0.0	0.14	0.0
	0.71	0.14	0.14	0.0
	1.0	0.0	0.0	0.0
	0.86	0.0	0.0	0.14
	0.29	0.0	0.71	0.0
	0.57	0.0	0.14	0.29
	1.0	0.0	0.0	0.0
	0.43	0.57	0.0	0.0
	0.71	0.0	0.0	0.29
	0.29	0.0	0.14	0.57
	1.0	0.0	0.0	0.0
	0.86	0.0	0.14	0.0
	1.0	0.0	0.0	0.0
	0.43	0.0	0.57	0.0
	0.71	0.0	0.29	0.0
	0.71	0.29	0.0	0.0
	0.29	0.29	0.0	0.43
	0.43	0.0	0.43	0.14
	0.14	0.86	0.0	0.0
	0.29	0.0	0.0	0.71

MEME version 4

ALPHABET= ACGT

MOTIF chr16:4523896-4523906

letter-probability matrix: alength= 4 w= 10
	0.07	0.57	0.29	0.07
	0.29	0.57	0.07	0.07
	0.86	0.0	0.14	0.0
	0.07	0.0	0.93	0.0
	0.0	1.0	0.0	0.0
	0.0	1.0	0.0	0.0
	0.14	0.07	0.0	0.79
	0.07	0.0	0.93	0.0
	0.0	0.07	0.93	0.0
	0.0	0.0	1.0	0.0

MEME version 4

ALPHABET= ACGT

MOTIF chr16:4477345-4477370

letter-probability matrix: alength= 4 w= 25
	0.57	0.43	0.0	0.0
	1.0	0.0	0.0	0.0
	0.71	0.0	0.14	0.14
	0.14	0.29	0.0	0.57
	0.86	0.0	0.0	0.14
	0.86	0.0	0.14	0.0
	0.71	0.14	0.14	0.0
	1.0	0.0	0.0	0.0
	0.86	0.0	0.0	0.14
	0.29	0.0	0.71	0.0
	0.57	0.0	0.14	0.29
	1.0	0.0	0.0	0.0
	0.43	0.57	0.0	0.0
	0.71	0.0	0.0	0.29
	0.29	0.0	0.14	0.57
	1.0	0.0	0.0	0.0
	0.86	0.0	0.14	0.0
	1.0	0.0	0.0	0.0
	0.43	0.0	0.57	0.0
	0.71	0.0	0.29	0.0
	0.71	0.29	0.0	0.0
	0.29	0.29	0.0	0.43
	0.43	0.0	0.43	0.14
	0.14	0.86	0.0	0.0
	0.29	0.0	0.0	0.71

MEME version 4

ALPHABET= ACGT

MOTIF chr10:126480528-126480538

letter-probability matrix: alength= 4 w= 10
	0.07	0.57	0.29	0.07
	0.29	0.57	0.07	0.07
	0.86	0.0	0.14	0.0
	0.07	0.0	0.93	0.0
	0.0	1.0	0.0	0.0
	0.0	1.0	0.0	0.0
	0.14	0.07	0.0	0.79
	0.07	0.0	0.93	0.0
	0.0	0.07	0.93	0.0
	0.0	0.0	1.0	0.0

MEME version 4

ALPHABET= ACGT

MOTIF chr10:126503707-126503732

letter-probability matrix: alength= 4 w= 25
	0.57	0.43	0.0	0.0
	1.0	0.0	0.0	0.0
	0.71	0.0	0.14	0.14
	0.14	0.29	0.0	0.57
	0.86	0.0	0.0	0.14
	0.86	0.0	0.14	0.0
	0.71	0.14	0.14	0.0
	1.0	0.0	0.0	0.0
	0.86	0.0	0.0	0.14
	0.29	0.0	0.71	0.0
	0.57	0.0	0.14	0.29
	1.0	0.0	0.0	0.0
	0.43	0.57	0.0	0.0
	0.71	0.0	0.0	0.29
	0.29	0.0	0.14	0.57
	1.0	0.0	0.0	0.0
	0.86	0.0	0.14	0.0
	1.0	0.0	0.0	0.0
	0.43	0.0	0.57	0.0
	0.71	0.0	0.29	0.0
	0.71	0.29	0.0	0.0
	0.29	0.29	0.0	0.43
	0.43	0.0	0.43	0.14
	0.14	0.86	0.0	0.0
	0.29	0.0	0.0	0.71

MEME version 4

ALPHABET= ACGT

MOTIF chr17:79641207-79641217

letter-probability matrix: alength= 4 w= 10
	0.07	0.57	0.29	0.07
	0.29	0.57	0.07	0.07
	0.86	0.0	0.14	0.0
	0.07	0.0	0.93	0.0
	0.0	1.0	0.0	0.0
	0.0	1.0	0.0	0.0
	0.14	0.07	0.0	0.79
	0.07	0.0	0.93	0.0
	0.0	0.07	0.93	0.0
	0.0	0.0	1.0	0.0

MEME version 4

ALPHABET= ACGT

MOTIF chr17:79611561-79611586

letter-probability matrix: alength= 4 w= 25
	0.57	0.43	0.0	0.0
	1.0	0.0	0.0	0.0
	0.71	0.0	0.14	0.14
	0.14	0.29	0.0	0.57
	0.86	0.0	0.0	0.14
	0.86	0.0	0.14	0.0
	0.71	0.14	0.14	0.0
	1.0	0.0	0.0	0.0
	0.86	0.0	0.0	0.14
	0.29	0.0	0.71	0.0
	0.57	0.0	0.14	0.29
	1.0	0.0	0.0	0.0
	0.43	0.57	0.0	0.0
	0.71	0.0	0.0	0.29
	0.29	0.0	0.14	0.57
	1.0	0.0	0.0	0.0
	0.86	0.0	0.14	0.0
	1.0	0.0	0.0	0.0
	0.43	0.0	0.57	0.0
	0.71	0.0	0.29	0.0
	0.71	0.29	0.0	0.0
	0.29	0.29	0.0	0.43
	0.43	0.0	0.43	0.14
	0.14	0.86	0.0	0.0
	0.29	0.0	0.0	0.71

MEME version 4

ALPHABET= ACGT

MOTIF chr10:43905110-43905120

letter-probability matrix: alength= 4 w= 10
	0.07	0.57	0.29	0.07
	0.29	0.57	0.07	0.07
	0.86	0.0	0.14	0.0
	0.07	0.0	0.93	0.0
	0.0	1.0	0.0	0.0
	0.0	1.0	0.0	0.0
	0.14	0.07	0.0	0.79
	0.07	0.0	0.93	0.0
	0.0	0.07	0.93	0.0
	0.0	0.0	1.0	0.0

MEME version 4

ALPHABET= ACGT

MOTIF chr10:43909029-43909054

letter-probability matrix: alength= 4 w= 25
	0.57	0.43	0.0	0.0
	1.0	0.0	0.0	0.0
	0.71	0.0	0.14	0.14
	0.14	0.29	0.0	0.57
	0.86	0.0	0.0	0.14
	0.86	0.0	0.14	0.0
	0.71	0.14	0.14	0.0
	1.0	0.0	0.0	0.0
	0.86	0.0	0.0	0.14
	0.29	0.0	0.71	0.0
	0.57	0.0	0.14	0.29
	1.0	0.0	0.0	0.0
	0.43	0.57	0.0	0.0
	0.71	0.0	0.0	0.29
	0.29	0.0	0.14	0.57
	1.0	0.0	0.0	0.0
	0.86	0.0	0.14	0.0
	1.0	0.0	0.0	0.0
	0.43	0.0	0.57	0.0
	0.71	0.0	0.29	0.0
	0.71	0.29	0.0	0.0
	0.29	0.29	0.0	0.43
	0.43	0.0	0.43	0.14
	0.14	0.86	0.0	0.0
	0.29	0.0	0.0	0.71

MEME version 4

ALPHABET= ACGT

MOTIF chr22:42017289-42017299

letter-probability matrix: alength= 4 w= 10
	0.07	0.57	0.29	0.07
	0.29	0.57	0.07	0.07
	0.86	0.0	0.14	0.0
	0.07	0.0	0.93	0.0
	0.0	1.0	0.0	0.0
	0.0	1.0	0.0	0.0
	0.14	0.07	0.0	0.79
	0.07	0.0	0.93	0.0
	0.0	0.07	0.93	0.0
	0.0	0.0	1.0	0.0

MEME version 4

ALPHABET= ACGT

MOTIF chr22:42076016-42076041

letter-probability matrix: alength= 4 w= 25
	0.57	0.43	0.0	0.0
	1.0	0.0	0.0	0.0
	0.71	0.0	0.14	0.14
	0.14	0.29	0.0	0.57
	0.86	0.0	0.0	0.14
	0.86	0.0	0.14	0.0
	0.71	0.14	0.14	0.0
	1.0	0.0	0.0	0.0
	0.86	0.0	0.0	0.14
	0.29	0.0	0.71	0.0
	0.57	0.0	0.14	0.29
	1.0	0.0	0.0	0.0
	0.43	0.57	0.0	0.0
	0.71	0.0	0.0	0.29
	0.29	0.0	0.14	0.57
	1.0	0.0	0.0	0.0
	0.86	0.0	0.14	0.0
	1.0	0.0	0.0	0.0
	0.43	0.0	0.57	0.0
	0.71	0.0	0.29	0.0
	0.71	0.29	0.0	0.0
	0.29	0.29	0.0	0.43
	0.43	0.0	0.43	0.14
	0.14	0.86	0.0	0.0
	0.29	0.0	0.0	0.71

MEME version 4

ALPHABET= ACGT

MOTIF chr19:40853408-40853418

letter-probability matrix: alength= 4 w= 10
	0.07	0.57	0.29	0.07
	0.29	0.57	0.07	0.07
	0.86	0.0	0.14	0.0
	0.07	0.0	0.93	0.0
	0.0	1.0	0.0	0.0
	0.0	1.0	0.0	0.0
	0.14	0.07	0.0	0.79
	0.07	0.0	0.93	0.0
	0.0	0.07	0.93	0.0
	0.0	0.0	1.0	0.0

MEME version 4

ALPHABET= ACGT

MOTIF chr19:40878231-40878256

letter-probability matrix: alength= 4 w= 25
	0.57	0.43	0.0	0.0
	1.0	0.0	0.0	0.0
	0.71	0.0	0.14	0.14
	0.14	0.29	0.0	0.57
	0.86	0.0	0.0	0.14
	0.86	0.0	0.14	0.0
	0.71	0.14	0.14	0.0
	1.0	0.0	0.0	0.0
	0.86	0.0	0.0	0.14
	0.29	0.0	0.71	0.0
	0.57	0.0	0.14	0.29
	1.0	0.0	0.0	0.0
	0.43	0.57	0.0	0.0
	0.71	0.0	0.0	0.29
	0.29	0.0	0.14	0.57
	1.0	0.0	0.0	0.0
	0.86	0.0	0.14	0.0
	1.0	0.0	0.0	0.0
	0.43	0.0	0.57	0.0
	0.71	0.0	0.29	0.0
	0.71	0.29	0.0	0.0
	0.29	0.29	0.0	0.43
	0.43	0.0	0.43	0.14
	0.14	0.86	0.0	0.0
	0.29	0.0	0.0	0.71

MEME version 4

ALPHABET= ACGT

MOTIF chr14:24712385-24712395

letter-probability matrix: alength= 4 w= 10
	0.07	0.57	0.29	0.07
	0.29	0.57	0.07	0.07
	0.86	0.0	0.14	0.0
	0.07	0.0	0.93	0.0
	0.0	1.0	0.0	0.0
	0.0	1.0	0.0	0.0
	0.14	0.07	0.0	0.79
	0.07	0.0	0.93	0.0
	0.0	0.07	0.93	0.0
	0.0	0.0	1.0	0.0

MEME version 4

ALPHABET= ACGT

MOTIF chr14:24683557-24683582

letter-probability matrix: alength= 4 w= 25
	0.57	0.43	0.0	0.0
	1.0	0.0	0.0	0.0
	0.71	0.0	0.14	0.14
	0.14	0.29	0.0	0.57
	0.86	0.0	0.0	0.14
	0.86	0.0	0.14	0.0
	0.71	0.14	0.14	0.0
	1.0	0.0	0.0	0.0
	0.86	0.0	0.0	0.14
	0.29	0.0	0.71	0.0
	0.57	0.0	0.14	0.29
	1.0	0.0	0.0	0.0
	0.43	0.57	0.0	0.0
	0.71	0.0	0.0	0.29
	0.29	0.0	0.14	0.57
	1.0	0.0	0.0	0.0
	0.86	0.0	0.14	0.0
	1.0	0.0	0.0	0.0
	0.43	0.0	0.57	0.0
	0.71	0.0	0.29	0.0
	0.71	0.29	0.0	0.0
	0.29	0.29	0.0	0.43
	0.43	0.0	0.43	0.14
	0.14	0.86	0.0	0.0
	0.29	0.0	0.0	0.71

MEME version 4

ALPHABET= ACGT

MOTIF chr19:40887125-40887135

letter-probability matrix: alength= 4 w= 10
	0.07	0.57	0.29	0.07
	0.29	0.57	0.07	0.07
	0.86	0.0	0.14	0.0
	0.07	0.0	0.93	0.0
	0.0	1.0	0.0	0.0
	0.0	1.0	0.0	0.0
	0.14	0.07	0.0	0.79
	0.07	0.0	0.93	0.0
	0.0	0.07	0.93	0.0
	0.0	0.0	1.0	0.0

MEME version 4

ALPHABET= ACGT

MOTIF chr19:40881072-40881097

letter-probability matrix: alength= 4 w= 25
	0.57	0.43	0.0	0.0
	1.0	0.0	0.0	0.0
	0.71	0.0	0.14	0.14
	0.14	0.29	0.0	0.57
	0.86	0.0	0.0	0.14
	0.86	0.0	0.14	0.0
	0.71	0.14	0.14	0.0
	1.0	0.0	0.0	0.0
	0.86	0.0	0.0	0.14
	0.29	0.0	0.71	0.0
	0.57	0.0	0.14	0.29
	1.0	0.0	0.0	0.0
	0.43	0.57	0.0	0.0
	0.71	0.0	0.0	0.29
	0.29	0.0	0.14	0.57
	1.0	0.0	0.0	0.0
	0.86	0.0	0.14	0.0
	1.0	0.0	0.0	0.0
	0.43	0.0	0.57	0.0
	0.71	0.0	0.29	0.0
	0.71	0.29	0.0	0.0
	0.29	0.29	0.0	0.43
	0.43	0.0	0.43	0.14
	0.14	0.86	0.0	0.0
	0.29	0.0	0.0	0.71

MEME version 4

ALPHABET= ACGT

MOTIF chr4:108511254-108511264

letter-probability matrix: alength= 4 w= 10
	0.07	0.57	0.29	0.07
	0.29	0.57	0.07	0.07
	0.86	0.0	0.14	0.0
	0.07	0.0	0.93	0.0
	0.0	1.0	0.0	0.0
	0.0	1.0	0.0	0.0
	0.14	0.07	0.0	0.79
	0.07	0.0	0.93	0.0
	0.0	0.07	0.93	0.0
	0.0	0.0	1.0	0.0

MEME version 4

ALPHABET= ACGT

MOTIF chr4:108615777-108615802

letter-probability matrix: alength= 4 w= 25
	0.57	0.43	0.0	0.0
	1.0	0.0	0.0	0.0
	0.71	0.0	0.14	0.14
	0.14	0.29	0.0	0.57
	0.86	0.0	0.0	0.14
	0.86	0.0	0.14	0.0
	0.71	0.14	0.14	0.0
	1.0	0.0	0.0	0.0
	0.86	0.0	0.0	0.14
	0.29	0.0	0.71	0.0
	0.57	0.0	0.14	0.29
	1.0	0.0	0.0	0.0
	0.43	0.57	0.0	0.0
	0.71	0.0	0.0	0.29
	0.29	0.0	0.14	0.57
	1.0	0.0	0.0	0.0
	0.86	0.0	0.14	0.0
	1.0	0.0	0.0	0.0
	0.43	0.0	0.57	0.0
	0.71	0.0	0.29	0.0
	0.71	0.29	0.0	0.0
	0.29	0.29	0.0	0.43
	0.43	0.0	0.43	0.14
	0.14	0.86	0.0	0.0
	0.29	0.0	0.0	0.71

MEME version 4

ALPHABET= ACGT

MOTIF chr10:32296965-32296975

letter-probability matrix: alength= 4 w= 10
	0.07	0.57	0.29	0.07
	0.29	0.57	0.07	0.07
	0.86	0.0	0.14	0.0
	0.07	0.0	0.93	0.0
	0.0	1.0	0.0	0.0
	0.0	1.0	0.0	0.0
	0.14	0.07	0.0	0.79
	0.07	0.0	0.93	0.0
	0.0	0.07	0.93	0.0
	0.0	0.0	1.0	0.0

MEME version 4

ALPHABET= ACGT

MOTIF chr10:32354300-32354325

letter-probability matrix: alength= 4 w= 25
	0.57	0.43	0.0	0.0
	1.0	0.0	0.0	0.0
	0.71	0.0	0.14	0.14
	0.14	0.29	0.0	0.57
	0.86	0.0	0.0	0.14
	0.86	0.0	0.14	0.0
	0.71	0.14	0.14	0.0
	1.0	0.0	0.0	0.0
	0.86	0.0	0.0	0.14
	0.29	0.0	0.71	0.0
	0.57	0.0	0.14	0.29
	1.0	0.0	0.0	0.0
	0.43	0.57	0.0	0.0
	0.71	0.0	0.0	0.29
	0.29	0.0	0.14	0.57
	1.0	0.0	0.0	0.0
	0.86	0.0	0.14	0.0
	1.0	0.0	0.0	0.0
	0.43	0.0	0.57	0.0
	0.71	0.0	0.29	0.0
	0.71	0.29	0.0	0.0
	0.29	0.29	0.0	0.43
	0.43	0.0	0.43	0.14
	0.14	0.86	0.0	0.0
	0.29	0.0	0.0	0.71

MEME version 4

ALPHABET= ACGT

MOTIF chr22:50962237-50962247

letter-probability matrix: alength= 4 w= 10
	0.07	0.57	0.29	0.07
	0.29	0.57	0.07	0.07
	0.86	0.0	0.14	0.0
	0.07	0.0	0.93	0.0
	0.0	1.0	0.0	0.0
	0.0	1.0	0.0	0.0
	0.14	0.07	0.0	0.79
	0.07	0.0	0.93	0.0
	0.0	0.07	0.93	0.0
	0.0	0.0	1.0	0.0

MEME version 4

ALPHABET= ACGT

MOTIF chr22:50935509-50935534

letter-probability matrix: alength= 4 w= 25
	0.57	0.43	0.0	0.0
	1.0	0.0	0.0	0.0
	0.71	0.0	0.14	0.14
	0.14	0.29	0.0	0.57
	0.86	0.0	0.0	0.14
	0.86	0.0	0.14	0.0
	0.71	0.14	0.14	0.0
	1.0	0.0	0.0	0.0
	0.86	0.0	0.0	0.14
	0.29	0.0	0.71	0.0
	0.57	0.0	0.14	0.29
	1.0	0.0	0.0	0.0
	0.43	0.57	0.0	0.0
	0.71	0.0	0.0	0.29
	0.29	0.0	0.14	0.57
	1.0	0.0	0.0	0.0
	0.86	0.0	0.14	0.0
	1.0	0.0	0.0	0.0
	0.43	0.0	0.57	0.0
	0.71	0.0	0.29	0.0
	0.71	0.29	0.0	0.0
	0.29	0.29	0.0	0.43
	0.43	0.0	0.43	0.14
	0.14	0.86	0.0	0.0
	0.29	0.0	0.0	0.71

MEME version 4

ALPHABET= ACGT

MOTIF chr17:79633693-79633703

letter-probability matrix: alength= 4 w= 10
	0.07	0.57	0.29	0.07
	0.29	0.57	0.07	0.07
	0.86	0.0	0.14	0.0
	0.07	0.0	0.93	0.0
	0.0	1.0	0.0	0.0
	0.0	1.0	0.0	0.0
	0.14	0.07	0.0	0.79
	0.07	0.0	0.93	0.0
	0.0	0.07	0.93	0.0
	0.0	0.0	1.0	0.0

MEME version 4

ALPHABET= ACGT

MOTIF chr17:79611561-79611586

letter-probability matrix: alength= 4 w= 25
	0.57	0.43	0.0	0.0
	1.0	0.0	0.0	0.0
	0.71	0.0	0.14	0.14
	0.14	0.29	0.0	0.57
	0.86	0.0	0.0	0.14
	0.86	0.0	0.14	0.0
	0.71	0.14	0.14	0.0
	1.0	0.0	0.0	0.0
	0.86	0.0	0.0	0.14
	0.29	0.0	0.71	0.0
	0.57	0.0	0.14	0.29
	1.0	0.0	0.0	0.0
	0.43	0.57	0.0	0.0
	0.71	0.0	0.0	0.29
	0.29	0.0	0.14	0.57
	1.0	0.0	0.0	0.0
	0.86	0.0	0.14	0.0
	1.0	0.0	0.0	0.0
	0.43	0.0	0.57	0.0
	0.71	0.0	0.29	0.0
	0.71	0.29	0.0	0.0
	0.29	0.29	0.0	0.43
	0.43	0.0	0.43	0.14
	0.14	0.86	0.0	0.0
	0.29	0.0	0.0	0.71

MEME version 4

ALPHABET= ACGT

MOTIF chr20:30312157-30312167

letter-probability matrix: alength= 4 w= 10
	0.07	0.57	0.29	0.07
	0.29	0.57	0.07	0.07
	0.86	0.0	0.14	0.0
	0.07	0.0	0.93	0.0
	0.0	1.0	0.0	0.0
	0.0	1.0	0.0	0.0
	0.14	0.07	0.0	0.79
	0.07	0.0	0.93	0.0
	0.0	0.07	0.93	0.0
	0.0	0.0	1.0	0.0

MEME version 4

ALPHABET= ACGT

MOTIF chr20:30325549-30325574

letter-probability matrix: alength= 4 w= 25
	0.57	0.43	0.0	0.0
	1.0	0.0	0.0	0.0
	0.71	0.0	0.14	0.14
	0.14	0.29	0.0	0.57
	0.86	0.0	0.0	0.14
	0.86	0.0	0.14	0.0
	0.71	0.14	0.14	0.0
	1.0	0.0	0.0	0.0
	0.86	0.0	0.0	0.14
	0.29	0.0	0.71	0.0
	0.57	0.0	0.14	0.29
	1.0	0.0	0.0	0.0
	0.43	0.57	0.0	0.0
	0.71	0.0	0.0	0.29
	0.29	0.0	0.14	0.57
	1.0	0.0	0.0	0.0
	0.86	0.0	0.14	0.0
	1.0	0.0	0.0	0.0
	0.43	0.0	0.57	0.0
	0.71	0.0	0.29	0.0
	0.71	0.29	0.0	0.0
	0.29	0.29	0.0	0.43
	0.43	0.0	0.43	0.14
	0.14	0.86	0.0	0.0
	0.29	0.0	0.0	0.71

MEME version 4

ALPHABET= ACGT

MOTIF chr3:138372709-138372719

letter-probability matrix: alength= 4 w= 10
	0.07	0.57	0.29	0.07
	0.29	0.57	0.07	0.07
	0.86	0.0	0.14	0.0
	0.07	0.0	0.93	0.0
	0.0	1.0	0.0	0.0
	0.0	1.0	0.0	0.0
	0.14	0.07	0.0	0.79
	0.07	0.0	0.93	0.0
	0.0	0.07	0.93	0.0
	0.0	0.0	1.0	0.0

MEME version 4

ALPHABET= ACGT

MOTIF chr3:138533983-138534008

letter-probability matrix: alength= 4 w= 25
	0.57	0.43	0.0	0.0
	1.0	0.0	0.0	0.0
	0.71	0.0	0.14	0.14
	0.14	0.29	0.0	0.57
	0.86	0.0	0.0	0.14
	0.86	0.0	0.14	0.0
	0.71	0.14	0.14	0.0
	1.0	0.0	0.0	0.0
	0.86	0.0	0.0	0.14
	0.29	0.0	0.71	0.0
	0.57	0.0	0.14	0.29
	1.0	0.0	0.0	0.0
	0.43	0.57	0.0	0.0
	0.71	0.0	0.0	0.29
	0.29	0.0	0.14	0.57
	1.0	0.0	0.0	0.0
	0.86	0.0	0.14	0.0
	1.0	0.0	0.0	0.0
	0.43	0.0	0.57	0.0
	0.71	0.0	0.29	0.0
	0.71	0.29	0.0	0.0
	0.29	0.29	0.0	0.43
	0.43	0.0	0.43	0.14
	0.14	0.86	0.0	0.0
	0.29	0.0	0.0	0.71

MEME version 4

ALPHABET= ACGT

MOTIF chr1:173577861-173577871

letter-probability matrix: alength= 4 w= 10
	0.07	0.57	0.29	0.07
	0.29	0.57	0.07	0.07
	0.86	0.0	0.14	0.0
	0.07	0.0	0.93	0.0
	0.0	1.0	0.0	0.0
	0.0	1.0	0.0	0.0
	0.14	0.07	0.0	0.79
	0.07	0.0	0.93	0.0
	0.0	0.07	0.93	0.0
	0.0	0.0	1.0	0.0

MEME version 4

ALPHABET= ACGT

MOTIF chr1:173633265-173633290

letter-probability matrix: alength= 4 w= 25
	0.57	0.43	0.0	0.0
	1.0	0.0	0.0	0.0
	0.71	0.0	0.14	0.14
	0.14	0.29	0.0	0.57
	0.86	0.0	0.0	0.14
	0.86	0.0	0.14	0.0
	0.71	0.14	0.14	0.0
	1.0	0.0	0.0	0.0
	0.86	0.0	0.0	0.14
	0.29	0.0	0.71	0.0
	0.57	0.0	0.14	0.29
	1.0	0.0	0.0	0.0
	0.43	0.57	0.0	0.0
	0.71	0.0	0.0	0.29
	0.29	0.0	0.14	0.57
	1.0	0.0	0.0	0.0
	0.86	0.0	0.14	0.0
	1.0	0.0	0.0	0.0
	0.43	0.0	0.57	0.0
	0.71	0.0	0.29	0.0
	0.71	0.29	0.0	0.0
	0.29	0.29	0.0	0.43
	0.43	0.0	0.43	0.14
	0.14	0.86	0.0	0.0
	0.29	0.0	0.0	0.71

MEME version 4

ALPHABET= ACGT

MOTIF chr19:55682128-55682138

letter-probability matrix: alength= 4 w= 10
	0.07	0.57	0.29	0.07
	0.29	0.57	0.07	0.07
	0.86	0.0	0.14	0.0
	0.07	0.0	0.93	0.0
	0.0	1.0	0.0	0.0
	0.0	1.0	0.0	0.0
	0.14	0.07	0.0	0.79
	0.07	0.0	0.93	0.0
	0.0	0.07	0.93	0.0
	0.0	0.0	1.0	0.0

MEME version 4

ALPHABET= ACGT

MOTIF chr19:55696622-55696647

letter-probability matrix: alength= 4 w= 25
	0.57	0.43	0.0	0.0
	1.0	0.0	0.0	0.0
	0.71	0.0	0.14	0.14
	0.14	0.29	0.0	0.57
	0.86	0.0	0.0	0.14
	0.86	0.0	0.14	0.0
	0.71	0.14	0.14	0.0
	1.0	0.0	0.0	0.0
	0.86	0.0	0.0	0.14
	0.29	0.0	0.71	0.0
	0.57	0.0	0.14	0.29
	1.0	0.0	0.0	0.0
	0.43	0.57	0.0	0.0
	0.71	0.0	0.0	0.29
	0.29	0.0	0.14	0.57
	1.0	0.0	0.0	0.0
	0.86	0.0	0.14	0.0
	1.0	0.0	0.0	0.0
	0.43	0.0	0.57	0.0
	0.71	0.0	0.29	0.0
	0.71	0.29	0.0	0.0
	0.29	0.29	0.0	0.43
	0.43	0.0	0.43	0.14
	0.14	0.86	0.0	0.0
	0.29	0.0	0.0	0.71

MEME version 4

ALPHABET= ACGT

MOTIF chr17:79631506-79631516

letter-probability matrix: alength= 4 w= 10
	0.07	0.57	0.29	0.07
	0.29	0.57	0.07	0.07
	0.86	0.0	0.14	0.0
	0.07	0.0	0.93	0.0
	0.0	1.0	0.0	0.0
	0.0	1.0	0.0	0.0
	0.14	0.07	0.0	0.79
	0.07	0.0	0.93	0.0
	0.0	0.07	0.93	0.0
	0.0	0.0	1.0	0.0

MEME version 4

ALPHABET= ACGT

MOTIF chr17:79611561-79611586

letter-probability matrix: alength= 4 w= 25
	0.57	0.43	0.0	0.0
	1.0	0.0	0.0	0.0
	0.71	0.0	0.14	0.14
	0.14	0.29	0.0	0.57
	0.86	0.0	0.0	0.14
	0.86	0.0	0.14	0.0
	0.71	0.14	0.14	0.0
	1.0	0.0	0.0	0.0
	0.86	0.0	0.0	0.14
	0.29	0.0	0.71	0.0
	0.57	0.0	0.14	0.29
	1.0	0.0	0.0	0.0
	0.43	0.57	0.0	0.0
	0.71	0.0	0.0	0.29
	0.29	0.0	0.14	0.57
	1.0	0.0	0.0	0.0
	0.86	0.0	0.14	0.0
	1.0	0.0	0.0	0.0
	0.43	0.0	0.57	0.0
	0.71	0.0	0.29	0.0
	0.71	0.29	0.0	0.0
	0.29	0.29	0.0	0.43
	0.43	0.0	0.43	0.14
	0.14	0.86	0.0	0.0
	0.29	0.0	0.0	0.71

MEME version 4

ALPHABET= ACGT

MOTIF chr1:29190743-29190753

letter-probability matrix: alength= 4 w= 10
	0.07	0.57	0.29	0.07
	0.29	0.57	0.07	0.07
	0.86	0.0	0.14	0.0
	0.07	0.0	0.93	0.0
	0.0	1.0	0.0	0.0
	0.0	1.0	0.0	0.0
	0.14	0.07	0.0	0.79
	0.07	0.0	0.93	0.0
	0.0	0.07	0.93	0.0
	0.0	0.0	1.0	0.0

MEME version 4

ALPHABET= ACGT

MOTIF chr1:29112212-29112237

letter-probability matrix: alength= 4 w= 25
	0.57	0.43	0.0	0.0
	1.0	0.0	0.0	0.0
	0.71	0.0	0.14	0.14
	0.14	0.29	0.0	0.57
	0.86	0.0	0.0	0.14
	0.86	0.0	0.14	0.0
	0.71	0.14	0.14	0.0
	1.0	0.0	0.0	0.0
	0.86	0.0	0.0	0.14
	0.29	0.0	0.71	0.0
	0.57	0.0	0.14	0.29
	1.0	0.0	0.0	0.0
	0.43	0.57	0.0	0.0
	0.71	0.0	0.0	0.29
	0.29	0.0	0.14	0.57
	1.0	0.0	0.0	0.0
	0.86	0.0	0.14	0.0
	1.0	0.0	0.0	0.0
	0.43	0.0	0.57	0.0
	0.71	0.0	0.29	0.0
	0.71	0.29	0.0	0.0
	0.29	0.29	0.0	0.43
	0.43	0.0	0.43	0.14
	0.14	0.86	0.0	0.0
	0.29	0.0	0.0	0.71

MEME version 4

ALPHABET= ACGT

MOTIF chr19:41860205-41860215

letter-probability matrix: alength= 4 w= 10
	0.07	0.57	0.29	0.07
	0.29	0.57	0.07	0.07
	0.86	0.0	0.14	0.0
	0.07	0.0	0.93	0.0
	0.0	1.0	0.0	0.0
	0.0	1.0	0.0	0.0
	0.14	0.07	0.0	0.79
	0.07	0.0	0.93	0.0
	0.0	0.07	0.93	0.0
	0.0	0.0	1.0	0.0

MEME version 4

ALPHABET= ACGT

MOTIF chr19:41902419-41902444

letter-probability matrix: alength= 4 w= 25
	0.57	0.43	0.0	0.0
	1.0	0.0	0.0	0.0
	0.71	0.0	0.14	0.14
	0.14	0.29	0.0	0.57
	0.86	0.0	0.0	0.14
	0.86	0.0	0.14	0.0
	0.71	0.14	0.14	0.0
	1.0	0.0	0.0	0.0
	0.86	0.0	0.0	0.14
	0.29	0.0	0.71	0.0
	0.57	0.0	0.14	0.29
	1.0	0.0	0.0	0.0
	0.43	0.57	0.0	0.0
	0.71	0.0	0.0	0.29
	0.29	0.0	0.14	0.57
	1.0	0.0	0.0	0.0
	0.86	0.0	0.14	0.0
	1.0	0.0	0.0	0.0
	0.43	0.0	0.57	0.0
	0.71	0.0	0.29	0.0
	0.71	0.29	0.0	0.0
	0.29	0.29	0.0	0.43
	0.43	0.0	0.43	0.14
	0.14	0.86	0.0	0.0
	0.29	0.0	0.0	0.71

MEME version 4

ALPHABET= ACGT

MOTIF chr7:5085289-5085299

letter-probability matrix: alength= 4 w= 10
	0.07	0.57	0.29	0.07
	0.29	0.57	0.07	0.07
	0.86	0.0	0.14	0.0
	0.07	0.0	0.93	0.0
	0.0	1.0	0.0	0.0
	0.0	1.0	0.0	0.0
	0.14	0.07	0.0	0.79
	0.07	0.0	0.93	0.0
	0.0	0.07	0.93	0.0
	0.0	0.0	1.0	0.0

MEME version 4

ALPHABET= ACGT

MOTIF chr7:5080115-5080140

letter-probability matrix: alength= 4 w= 25
	0.57	0.43	0.0	0.0
	1.0	0.0	0.0	0.0
	0.71	0.0	0.14	0.14
	0.14	0.29	0.0	0.57
	0.86	0.0	0.0	0.14
	0.86	0.0	0.14	0.0
	0.71	0.14	0.14	0.0
	1.0	0.0	0.0	0.0
	0.86	0.0	0.0	0.14
	0.29	0.0	0.71	0.0
	0.57	0.0	0.14	0.29
	1.0	0.0	0.0	0.0
	0.43	0.57	0.0	0.0
	0.71	0.0	0.0	0.29
	0.29	0.0	0.14	0.57
	1.0	0.0	0.0	0.0
	0.86	0.0	0.14	0.0
	1.0	0.0	0.0	0.0
	0.43	0.0	0.57	0.0
	0.71	0.0	0.29	0.0
	0.71	0.29	0.0	0.0
	0.29	0.29	0.0	0.43
	0.43	0.0	0.43	0.14
	0.14	0.86	0.0	0.0
	0.29	0.0	0.0	0.71

MEME version 4

ALPHABET= ACGT

MOTIF chr12:58176920-58176930

letter-probability matrix: alength= 4 w= 10
	0.07	0.57	0.29	0.07
	0.29	0.57	0.07	0.07
	0.86	0.0	0.14	0.0
	0.07	0.0	0.93	0.0
	0.0	1.0	0.0	0.0
	0.0	1.0	0.0	0.0
	0.14	0.07	0.0	0.79
	0.07	0.0	0.93	0.0
	0.0	0.07	0.93	0.0
	0.0	0.0	1.0	0.0

MEME version 4

ALPHABET= ACGT

MOTIF chr12:58151441-58151466

letter-probability matrix: alength= 4 w= 25
	0.57	0.43	0.0	0.0
	1.0	0.0	0.0	0.0
	0.71	0.0	0.14	0.14
	0.14	0.29	0.0	0.57
	0.86	0.0	0.0	0.14
	0.86	0.0	0.14	0.0
	0.71	0.14	0.14	0.0
	1.0	0.0	0.0	0.0
	0.86	0.0	0.0	0.14
	0.29	0.0	0.71	0.0
	0.57	0.0	0.14	0.29
	1.0	0.0	0.0	0.0
	0.43	0.57	0.0	0.0
	0.71	0.0	0.0	0.29
	0.29	0.0	0.14	0.57
	1.0	0.0	0.0	0.0
	0.86	0.0	0.14	0.0
	1.0	0.0	0.0	0.0
	0.43	0.0	0.57	0.0
	0.71	0.0	0.29	0.0
	0.71	0.29	0.0	0.0
	0.29	0.29	0.0	0.43
	0.43	0.0	0.43	0.14
	0.14	0.86	0.0	0.0
	0.29	0.0	0.0	0.71

MEME version 4

ALPHABET= ACGT

MOTIF chr2:209131177-209131187

letter-probability matrix: alength= 4 w= 10
	0.07	0.57	0.29	0.07
	0.29	0.57	0.07	0.07
	0.86	0.0	0.14	0.0
	0.07	0.0	0.93	0.0
	0.0	1.0	0.0	0.0
	0.0	1.0	0.0	0.0
	0.14	0.07	0.0	0.79
	0.07	0.0	0.93	0.0
	0.0	0.07	0.93	0.0
	0.0	0.0	1.0	0.0

MEME version 4

ALPHABET= ACGT

MOTIF chr2:209150620-209150645

letter-probability matrix: alength= 4 w= 25
	0.57	0.43	0.0	0.0
	1.0	0.0	0.0	0.0
	0.71	0.0	0.14	0.14
	0.14	0.29	0.0	0.57
	0.86	0.0	0.0	0.14
	0.86	0.0	0.14	0.0
	0.71	0.14	0.14	0.0
	1.0	0.0	0.0	0.0
	0.86	0.0	0.0	0.14
	0.29	0.0	0.71	0.0
	0.57	0.0	0.14	0.29
	1.0	0.0	0.0	0.0
	0.43	0.57	0.0	0.0
	0.71	0.0	0.0	0.29
	0.29	0.0	0.14	0.57
	1.0	0.0	0.0	0.0
	0.86	0.0	0.14	0.0
	1.0	0.0	0.0	0.0
	0.43	0.0	0.57	0.0
	0.71	0.0	0.29	0.0
	0.71	0.29	0.0	0.0
	0.29	0.29	0.0	0.43
	0.43	0.0	0.43	0.14
	0.14	0.86	0.0	0.0
	0.29	0.0	0.0	0.71

MEME version 4

ALPHABET= ACGT

MOTIF chr19:36360204-36360214

letter-probability matrix: alength= 4 w= 10
	0.07	0.57	0.29	0.07
	0.29	0.57	0.07	0.07
	0.86	0.0	0.14	0.0
	0.07	0.0	0.93	0.0
	0.0	1.0	0.0	0.0
	0.0	1.0	0.0	0.0
	0.14	0.07	0.0	0.79
	0.07	0.0	0.93	0.0
	0.0	0.07	0.93	0.0
	0.0	0.0	1.0	0.0

MEME version 4

ALPHABET= ACGT

MOTIF chr19:36369449-36369474

letter-probability matrix: alength= 4 w= 25
	0.57	0.43	0.0	0.0
	1.0	0.0	0.0	0.0
	0.71	0.0	0.14	0.14
	0.14	0.29	0.0	0.57
	0.86	0.0	0.0	0.14
	0.86	0.0	0.14	0.0
	0.71	0.14	0.14	0.0
	1.0	0.0	0.0	0.0
	0.86	0.0	0.0	0.14
	0.29	0.0	0.71	0.0
	0.57	0.0	0.14	0.29
	1.0	0.0	0.0	0.0
	0.43	0.57	0.0	0.0
	0.71	0.0	0.0	0.29
	0.29	0.0	0.14	0.57
	1.0	0.0	0.0	0.0
	0.86	0.0	0.14	0.0
	1.0	0.0	0.0	0.0
	0.43	0.0	0.57	0.0
	0.71	0.0	0.29	0.0
	0.71	0.29	0.0	0.0
	0.29	0.29	0.0	0.43
	0.43	0.0	0.43	0.14
	0.14	0.86	0.0	0.0
	0.29	0.0	0.0	0.71

MEME version 4

ALPHABET= ACGT

MOTIF chr2:68685640-68685650

letter-probability matrix: alength= 4 w= 10
	0.07	0.57	0.29	0.07
	0.29	0.57	0.07	0.07
	0.86	0.0	0.14	0.0
	0.07	0.0	0.93	0.0
	0.0	1.0	0.0	0.0
	0.0	1.0	0.0	0.0
	0.14	0.07	0.0	0.79
	0.07	0.0	0.93	0.0
	0.0	0.07	0.93	0.0
	0.0	0.0	1.0	0.0

MEME version 4

ALPHABET= ACGT

MOTIF chr2:68716706-68716731

letter-probability matrix: alength= 4 w= 25
	0.57	0.43	0.0	0.0
	1.0	0.0	0.0	0.0
	0.71	0.0	0.14	0.14
	0.14	0.29	0.0	0.57
	0.86	0.0	0.0	0.14
	0.86	0.0	0.14	0.0
	0.71	0.14	0.14	0.0
	1.0	0.0	0.0	0.0
	0.86	0.0	0.0	0.14
	0.29	0.0	0.71	0.0
	0.57	0.0	0.14	0.29
	1.0	0.0	0.0	0.0
	0.43	0.57	0.0	0.0
	0.71	0.0	0.0	0.29
	0.29	0.0	0.14	0.57
	1.0	0.0	0.0	0.0
	0.86	0.0	0.14	0.0
	1.0	0.0	0.0	0.0
	0.43	0.0	0.57	0.0
	0.71	0.0	0.29	0.0
	0.71	0.29	0.0	0.0
	0.29	0.29	0.0	0.43
	0.43	0.0	0.43	0.14
	0.14	0.86	0.0	0.0
	0.29	0.0	0.0	0.71

MEME version 4

ALPHABET= ACGT

MOTIF chr12:105563434-105563444

letter-probability matrix: alength= 4 w= 10
	0.07	0.57	0.29	0.07
	0.29	0.57	0.07	0.07
	0.86	0.0	0.14	0.0
	0.07	0.0	0.93	0.0
	0.0	1.0	0.0	0.0
	0.0	1.0	0.0	0.0
	0.14	0.07	0.0	0.79
	0.07	0.0	0.93	0.0
	0.0	0.07	0.93	0.0
	0.0	0.0	1.0	0.0

MEME version 4

ALPHABET= ACGT

MOTIF chr12:105494808-105494833

letter-probability matrix: alength= 4 w= 25
	0.57	0.43	0.0	0.0
	1.0	0.0	0.0	0.0
	0.71	0.0	0.14	0.14
	0.14	0.29	0.0	0.57
	0.86	0.0	0.0	0.14
	0.86	0.0	0.14	0.0
	0.71	0.14	0.14	0.0
	1.0	0.0	0.0	0.0
	0.86	0.0	0.0	0.14
	0.29	0.0	0.71	0.0
	0.57	0.0	0.14	0.29
	1.0	0.0	0.0	0.0
	0.43	0.57	0.0	0.0
	0.71	0.0	0.0	0.29
	0.29	0.0	0.14	0.57
	1.0	0.0	0.0	0.0
	0.86	0.0	0.14	0.0
	1.0	0.0	0.0	0.0
	0.43	0.0	0.57	0.0
	0.71	0.0	0.29	0.0
	0.71	0.29	0.0	0.0
	0.29	0.29	0.0	0.43
	0.43	0.0	0.43	0.14
	0.14	0.86	0.0	0.0
	0.29	0.0	0.0	0.71

MEME version 4

ALPHABET= ACGT

MOTIF chr3:15468590-15468600

letter-probability matrix: alength= 4 w= 10
	0.07	0.57	0.29	0.07
	0.29	0.57	0.07	0.07
	0.86	0.0	0.14	0.0
	0.07	0.0	0.93	0.0
	0.0	1.0	0.0	0.0
	0.0	1.0	0.0	0.0
	0.14	0.07	0.0	0.79
	0.07	0.0	0.93	0.0
	0.0	0.07	0.93	0.0
	0.0	0.0	1.0	0.0

MEME version 4

ALPHABET= ACGT

MOTIF chr3:15499471-15499496

letter-probability matrix: alength= 4 w= 25
	0.57	0.43	0.0	0.0
	1.0	0.0	0.0	0.0
	0.71	0.0	0.14	0.14
	0.14	0.29	0.0	0.57
	0.86	0.0	0.0	0.14
	0.86	0.0	0.14	0.0
	0.71	0.14	0.14	0.0
	1.0	0.0	0.0	0.0
	0.86	0.0	0.0	0.14
	0.29	0.0	0.71	0.0
	0.57	0.0	0.14	0.29
	1.0	0.0	0.0	0.0
	0.43	0.57	0.0	0.0
	0.71	0.0	0.0	0.29
	0.29	0.0	0.14	0.57
	1.0	0.0	0.0	0.0
	0.86	0.0	0.14	0.0
	1.0	0.0	0.0	0.0
	0.43	0.0	0.57	0.0
	0.71	0.0	0.29	0.0
	0.71	0.29	0.0	0.0
	0.29	0.29	0.0	0.43
	0.43	0.0	0.43	0.14
	0.14	0.86	0.0	0.0
	0.29	0.0	0.0	0.71

MEME version 4

ALPHABET= ACGT

MOTIF chr4:103790497-103790507

letter-probability matrix: alength= 4 w= 10
	0.07	0.57	0.29	0.07
	0.29	0.57	0.07	0.07
	0.86	0.0	0.14	0.0
	0.07	0.0	0.93	0.0
	0.0	1.0	0.0	0.0
	0.0	1.0	0.0	0.0
	0.14	0.07	0.0	0.79
	0.07	0.0	0.93	0.0
	0.0	0.07	0.93	0.0
	0.0	0.0	1.0	0.0

MEME version 4

ALPHABET= ACGT

MOTIF chr4:103776537-103776562

letter-probability matrix: alength= 4 w= 25
	0.57	0.43	0.0	0.0
	1.0	0.0	0.0	0.0
	0.71	0.0	0.14	0.14
	0.14	0.29	0.0	0.57
	0.86	0.0	0.0	0.14
	0.86	0.0	0.14	0.0
	0.71	0.14	0.14	0.0
	1.0	0.0	0.0	0.0
	0.86	0.0	0.0	0.14
	0.29	0.0	0.71	0.0
	0.57	0.0	0.14	0.29
	1.0	0.0	0.0	0.0
	0.43	0.57	0.0	0.0
	0.71	0.0	0.0	0.29
	0.29	0.0	0.14	0.57
	1.0	0.0	0.0	0.0
	0.86	0.0	0.14	0.0
	1.0	0.0	0.0	0.0
	0.43	0.0	0.57	0.0
	0.71	0.0	0.29	0.0
	0.71	0.29	0.0	0.0
	0.29	0.29	0.0	0.43
	0.43	0.0	0.43	0.14
	0.14	0.86	0.0	0.0
	0.29	0.0	0.0	0.71

MEME version 4

ALPHABET= ACGT

MOTIF chr16:20817559-20817569

letter-probability matrix: alength= 4 w= 10
	0.07	0.57	0.29	0.07
	0.29	0.57	0.07	0.07
	0.86	0.0	0.14	0.0
	0.07	0.0	0.93	0.0
	0.0	1.0	0.0	0.0
	0.0	1.0	0.0	0.0
	0.14	0.07	0.0	0.79
	0.07	0.0	0.93	0.0
	0.0	0.07	0.93	0.0
	0.0	0.0	1.0	0.0

MEME version 4

ALPHABET= ACGT

MOTIF chr16:20851312-20851337

letter-probability matrix: alength= 4 w= 25
	0.57	0.43	0.0	0.0
	1.0	0.0	0.0	0.0
	0.71	0.0	0.14	0.14
	0.14	0.29	0.0	0.57
	0.86	0.0	0.0	0.14
	0.86	0.0	0.14	0.0
	0.71	0.14	0.14	0.0
	1.0	0.0	0.0	0.0
	0.86	0.0	0.0	0.14
	0.29	0.0	0.71	0.0
	0.57	0.0	0.14	0.29
	1.0	0.0	0.0	0.0
	0.43	0.57	0.0	0.0
	0.71	0.0	0.0	0.29
	0.29	0.0	0.14	0.57
	1.0	0.0	0.0	0.0
	0.86	0.0	0.14	0.0
	1.0	0.0	0.0	0.0
	0.43	0.0	0.57	0.0
	0.71	0.0	0.29	0.0
	0.71	0.29	0.0	0.0
	0.29	0.29	0.0	0.43
	0.43	0.0	0.43	0.14
	0.14	0.86	0.0	0.0
	0.29	0.0	0.0	0.71

MEME version 4

ALPHABET= ACGT

MOTIF chr16:67244019-67244029

letter-probability matrix: alength= 4 w= 10
	0.07	0.57	0.29	0.07
	0.29	0.57	0.07	0.07
	0.86	0.0	0.14	0.0
	0.07	0.0	0.93	0.0
	0.0	1.0	0.0	0.0
	0.0	1.0	0.0	0.0
	0.14	0.07	0.0	0.79
	0.07	0.0	0.93	0.0
	0.0	0.07	0.93	0.0
	0.0	0.0	1.0	0.0

MEME version 4

ALPHABET= ACGT

MOTIF chr16:67254563-67254588

letter-probability matrix: alength= 4 w= 25
	0.57	0.43	0.0	0.0
	1.0	0.0	0.0	0.0
	0.71	0.0	0.14	0.14
	0.14	0.29	0.0	0.57
	0.86	0.0	0.0	0.14
	0.86	0.0	0.14	0.0
	0.71	0.14	0.14	0.0
	1.0	0.0	0.0	0.0
	0.86	0.0	0.0	0.14
	0.29	0.0	0.71	0.0
	0.57	0.0	0.14	0.29
	1.0	0.0	0.0	0.0
	0.43	0.57	0.0	0.0
	0.71	0.0	0.0	0.29
	0.29	0.0	0.14	0.57
	1.0	0.0	0.0	0.0
	0.86	0.0	0.14	0.0
	1.0	0.0	0.0	0.0
	0.43	0.0	0.57	0.0
	0.71	0.0	0.29	0.0
	0.71	0.29	0.0	0.0
	0.29	0.29	0.0	0.43
	0.43	0.0	0.43	0.14
	0.14	0.86	0.0	0.0
	0.29	0.0	0.0	0.71

MEME version 4

ALPHABET= ACGT

MOTIF chr4:103789141-103789151

letter-probability matrix: alength= 4 w= 10
	0.07	0.57	0.29	0.07
	0.29	0.57	0.07	0.07
	0.86	0.0	0.14	0.0
	0.07	0.0	0.93	0.0
	0.0	1.0	0.0	0.0
	0.0	1.0	0.0	0.0
	0.14	0.07	0.0	0.79
	0.07	0.0	0.93	0.0
	0.0	0.07	0.93	0.0
	0.0	0.0	1.0	0.0

MEME version 4

ALPHABET= ACGT

MOTIF chr4:103776537-103776562

letter-probability matrix: alength= 4 w= 25
	0.57	0.43	0.0	0.0
	1.0	0.0	0.0	0.0
	0.71	0.0	0.14	0.14
	0.14	0.29	0.0	0.57
	0.86	0.0	0.0	0.14
	0.86	0.0	0.14	0.0
	0.71	0.14	0.14	0.0
	1.0	0.0	0.0	0.0
	0.86	0.0	0.0	0.14
	0.29	0.0	0.71	0.0
	0.57	0.0	0.14	0.29
	1.0	0.0	0.0	0.0
	0.43	0.57	0.0	0.0
	0.71	0.0	0.0	0.29
	0.29	0.0	0.14	0.57
	1.0	0.0	0.0	0.0
	0.86	0.0	0.14	0.0
	1.0	0.0	0.0	0.0
	0.43	0.0	0.57	0.0
	0.71	0.0	0.29	0.0
	0.71	0.29	0.0	0.0
	0.29	0.29	0.0	0.43
	0.43	0.0	0.43	0.14
	0.14	0.86	0.0	0.0
	0.29	0.0	0.0	0.71

MEME version 4

ALPHABET= ACGT

MOTIF chr17:56769996-56770006

letter-probability matrix: alength= 4 w= 10
	0.07	0.57	0.29	0.07
	0.29	0.57	0.07	0.07
	0.86	0.0	0.14	0.0
	0.07	0.0	0.93	0.0
	0.0	1.0	0.0	0.0
	0.0	1.0	0.0	0.0
	0.14	0.07	0.0	0.79
	0.07	0.0	0.93	0.0
	0.0	0.07	0.93	0.0
	0.0	0.0	1.0	0.0

MEME version 4

ALPHABET= ACGT

MOTIF chr17:56774363-56774388

letter-probability matrix: alength= 4 w= 25
	0.57	0.43	0.0	0.0
	1.0	0.0	0.0	0.0
	0.71	0.0	0.14	0.14
	0.14	0.29	0.0	0.57
	0.86	0.0	0.0	0.14
	0.86	0.0	0.14	0.0
	0.71	0.14	0.14	0.0
	1.0	0.0	0.0	0.0
	0.86	0.0	0.0	0.14
	0.29	0.0	0.71	0.0
	0.57	0.0	0.14	0.29
	1.0	0.0	0.0	0.0
	0.43	0.57	0.0	0.0
	0.71	0.0	0.0	0.29
	0.29	0.0	0.14	0.57
	1.0	0.0	0.0	0.0
	0.86	0.0	0.14	0.0
	1.0	0.0	0.0	0.0
	0.43	0.0	0.57	0.0
	0.71	0.0	0.29	0.0
	0.71	0.29	0.0	0.0
	0.29	0.29	0.0	0.43
	0.43	0.0	0.43	0.14
	0.14	0.86	0.0	0.0
	0.29	0.0	0.0	0.71

