MEME version 4

ALPHABET= ACGT

MOTIF chr18:21268420-21268430

letter-probability matrix: alength= 4 w= 10
	0.0	0.0	0.0	1.0
	0.0	0.0	0.0	1.0
	0.0	0.0	0.0	1.0
	0.0	0.0	0.0	1.0
	0.0	0.0	0.25	0.75
	0.0	0.0	0.75	0.25
	0.0	0.0	0.0	1.0
	0.25	0.25	0.25	0.25
	0.0	0.0	0.0	1.0
	0.0	0.0	0.0	1.0

MEME version 4

ALPHABET= ACGT

MOTIF chr18:21279688-21279713

letter-probability matrix: alength= 4 w= 25
	0.0	0.5	0.0	0.5
	0.0	0.0	0.0	1.0
	0.0	1.0	0.0	0.0
	1.0	0.0	0.0	0.0
	0.0	0.5	0.5	0.0
	0.5	0.0	0.0	0.5
	0.0	1.0	0.0	0.0
	0.0	1.0	0.0	0.0
	0.0	1.0	0.0	0.0
	0.5	0.5	0.0	0.0
	1.0	0.0	0.0	0.0
	0.5	0.5	0.0	0.0
	0.5	0.0	0.0	0.5
	0.5	0.0	0.0	0.5
	0.5	0.0	0.5	0.0
	1.0	0.0	0.0	0.0
	1.0	0.0	0.0	0.0
	0.0	0.0	1.0	0.0
	0.0	0.0	1.0	0.0
	0.0	0.0	0.5	0.5
	0.5	0.0	0.0	0.5
	0.0	0.0	0.0	1.0
	0.0	0.0	0.0	1.0
	0.0	0.0	0.5	0.5
	0.0	0.0	1.0	0.0

MEME version 4

ALPHABET= ACGT

MOTIF chr1:29190839-29190849

letter-probability matrix: alength= 4 w= 10
	0.0	0.0	0.0	1.0
	0.0	0.0	0.0	1.0
	0.0	0.0	0.0	1.0
	0.0	0.0	0.0	1.0
	0.0	0.0	0.25	0.75
	0.0	0.0	0.75	0.25
	0.0	0.0	0.0	1.0
	0.25	0.25	0.25	0.25
	0.0	0.0	0.0	1.0
	0.0	0.0	0.0	1.0

MEME version 4

ALPHABET= ACGT

MOTIF chr1:29102702-29102727

letter-probability matrix: alength= 4 w= 25
	0.0	0.5	0.0	0.5
	0.0	0.0	0.0	1.0
	0.0	1.0	0.0	0.0
	1.0	0.0	0.0	0.0
	0.0	0.5	0.5	0.0
	0.5	0.0	0.0	0.5
	0.0	1.0	0.0	0.0
	0.0	1.0	0.0	0.0
	0.0	1.0	0.0	0.0
	0.5	0.5	0.0	0.0
	1.0	0.0	0.0	0.0
	0.5	0.5	0.0	0.0
	0.5	0.0	0.0	0.5
	0.5	0.0	0.0	0.5
	0.5	0.0	0.5	0.0
	1.0	0.0	0.0	0.0
	1.0	0.0	0.0	0.0
	0.0	0.0	1.0	0.0
	0.0	0.0	1.0	0.0
	0.0	0.0	0.5	0.5
	0.5	0.0	0.0	0.5
	0.0	0.0	0.0	1.0
	0.0	0.0	0.0	1.0
	0.0	0.0	0.5	0.5
	0.0	0.0	1.0	0.0

MEME version 4

ALPHABET= ACGT

MOTIF chr14:31677645-31677655

letter-probability matrix: alength= 4 w= 10
	0.0	0.0	0.0	1.0
	0.0	0.0	0.0	1.0
	0.0	0.0	0.0	1.0
	0.0	0.0	0.0	1.0
	0.0	0.0	0.25	0.75
	0.0	0.0	0.75	0.25
	0.0	0.0	0.0	1.0
	0.25	0.25	0.25	0.25
	0.0	0.0	0.0	1.0
	0.0	0.0	0.0	1.0

MEME version 4

ALPHABET= ACGT

MOTIF chr14:31682519-31682544

letter-probability matrix: alength= 4 w= 25
	0.0	0.5	0.0	0.5
	0.0	0.0	0.0	1.0
	0.0	1.0	0.0	0.0
	1.0	0.0	0.0	0.0
	0.0	0.5	0.5	0.0
	0.5	0.0	0.0	0.5
	0.0	1.0	0.0	0.0
	0.0	1.0	0.0	0.0
	0.0	1.0	0.0	0.0
	0.5	0.5	0.0	0.0
	1.0	0.0	0.0	0.0
	0.5	0.5	0.0	0.0
	0.5	0.0	0.0	0.5
	0.5	0.0	0.0	0.5
	0.5	0.0	0.5	0.0
	1.0	0.0	0.0	0.0
	1.0	0.0	0.0	0.0
	0.0	0.0	1.0	0.0
	0.0	0.0	1.0	0.0
	0.0	0.0	0.5	0.5
	0.5	0.0	0.0	0.5
	0.0	0.0	0.0	1.0
	0.0	0.0	0.0	1.0
	0.0	0.0	0.5	0.5
	0.0	0.0	1.0	0.0

MEME version 4

ALPHABET= ACGT

MOTIF chr13:46528036-46528046

letter-probability matrix: alength= 4 w= 10
	0.0	0.0	0.0	1.0
	0.0	0.0	0.0	1.0
	0.0	0.0	0.0	1.0
	0.0	0.0	0.0	1.0
	0.0	0.0	0.25	0.75
	0.0	0.0	0.75	0.25
	0.0	0.0	0.0	1.0
	0.25	0.25	0.25	0.25
	0.0	0.0	0.0	1.0
	0.0	0.0	0.0	1.0

MEME version 4

ALPHABET= ACGT

MOTIF chr13:46593058-46593083

letter-probability matrix: alength= 4 w= 25
	0.0	0.5	0.0	0.5
	0.0	0.0	0.0	1.0
	0.0	1.0	0.0	0.0
	1.0	0.0	0.0	0.0
	0.0	0.5	0.5	0.0
	0.5	0.0	0.0	0.5
	0.0	1.0	0.0	0.0
	0.0	1.0	0.0	0.0
	0.0	1.0	0.0	0.0
	0.5	0.5	0.0	0.0
	1.0	0.0	0.0	0.0
	0.5	0.5	0.0	0.0
	0.5	0.0	0.0	0.5
	0.5	0.0	0.0	0.5
	0.5	0.0	0.5	0.0
	1.0	0.0	0.0	0.0
	1.0	0.0	0.0	0.0
	0.0	0.0	1.0	0.0
	0.0	0.0	1.0	0.0
	0.0	0.0	0.5	0.5
	0.5	0.0	0.0	0.5
	0.0	0.0	0.0	1.0
	0.0	0.0	0.0	1.0
	0.0	0.0	0.5	0.5
	0.0	0.0	1.0	0.0

MEME version 4

ALPHABET= ACGT

MOTIF chr8:74942063-74942073

letter-probability matrix: alength= 4 w= 10
	0.0	0.0	0.0	1.0
	0.0	0.0	0.0	1.0
	0.0	0.0	0.0	1.0
	0.0	0.0	0.0	1.0
	0.0	0.0	0.25	0.75
	0.0	0.0	0.75	0.25
	0.0	0.0	0.0	1.0
	0.25	0.25	0.25	0.25
	0.0	0.0	0.0	1.0
	0.0	0.0	0.0	1.0

MEME version 4

ALPHABET= ACGT

MOTIF chr8:74909344-74909369

letter-probability matrix: alength= 4 w= 25
	0.0	0.5	0.0	0.5
	0.0	0.0	0.0	1.0
	0.0	1.0	0.0	0.0
	1.0	0.0	0.0	0.0
	0.0	0.5	0.5	0.0
	0.5	0.0	0.0	0.5
	0.0	1.0	0.0	0.0
	0.0	1.0	0.0	0.0
	0.0	1.0	0.0	0.0
	0.5	0.5	0.0	0.0
	1.0	0.0	0.0	0.0
	0.5	0.5	0.0	0.0
	0.5	0.0	0.0	0.5
	0.5	0.0	0.0	0.5
	0.5	0.0	0.5	0.0
	1.0	0.0	0.0	0.0
	1.0	0.0	0.0	0.0
	0.0	0.0	1.0	0.0
	0.0	0.0	1.0	0.0
	0.0	0.0	0.5	0.5
	0.5	0.0	0.0	0.5
	0.0	0.0	0.0	1.0
	0.0	0.0	0.0	1.0
	0.0	0.0	0.5	0.5
	0.0	0.0	1.0	0.0

MEME version 4

ALPHABET= ACGT

MOTIF chr2:136482856-136482866

letter-probability matrix: alength= 4 w= 10
	0.0	0.0	0.0	1.0
	0.0	0.0	0.0	1.0
	0.0	0.0	0.0	1.0
	0.0	0.0	0.0	1.0
	0.0	0.0	0.25	0.75
	0.0	0.0	0.75	0.25
	0.0	0.0	0.0	1.0
	0.25	0.25	0.25	0.25
	0.0	0.0	0.0	1.0
	0.0	0.0	0.0	1.0

MEME version 4

ALPHABET= ACGT

MOTIF chr2:136303297-136303322

letter-probability matrix: alength= 4 w= 25
	0.0	0.5	0.0	0.5
	0.0	0.0	0.0	1.0
	0.0	1.0	0.0	0.0
	1.0	0.0	0.0	0.0
	0.0	0.5	0.5	0.0
	0.5	0.0	0.0	0.5
	0.0	1.0	0.0	0.0
	0.0	1.0	0.0	0.0
	0.0	1.0	0.0	0.0
	0.5	0.5	0.0	0.0
	1.0	0.0	0.0	0.0
	0.5	0.5	0.0	0.0
	0.5	0.0	0.0	0.5
	0.5	0.0	0.0	0.5
	0.5	0.0	0.5	0.0
	1.0	0.0	0.0	0.0
	1.0	0.0	0.0	0.0
	0.0	0.0	1.0	0.0
	0.0	0.0	1.0	0.0
	0.0	0.0	0.5	0.5
	0.5	0.0	0.0	0.5
	0.0	0.0	0.0	1.0
	0.0	0.0	0.0	1.0
	0.0	0.0	0.5	0.5
	0.0	0.0	1.0	0.0

MEME version 4

ALPHABET= ACGT

MOTIF chr6:4020703-4020713

letter-probability matrix: alength= 4 w= 10
	0.0	0.0	0.0	1.0
	0.0	0.0	0.0	1.0
	0.0	0.0	0.0	1.0
	0.0	0.0	0.0	1.0
	0.0	0.0	0.25	0.75
	0.0	0.0	0.75	0.25
	0.0	0.0	0.0	1.0
	0.25	0.25	0.25	0.25
	0.0	0.0	0.0	1.0
	0.0	0.0	0.0	1.0

MEME version 4

ALPHABET= ACGT

MOTIF chr6:4003419-4003444

letter-probability matrix: alength= 4 w= 25
	0.0	0.5	0.0	0.5
	0.0	0.0	0.0	1.0
	0.0	1.0	0.0	0.0
	1.0	0.0	0.0	0.0
	0.0	0.5	0.5	0.0
	0.5	0.0	0.0	0.5
	0.0	1.0	0.0	0.0
	0.0	1.0	0.0	0.0
	0.0	1.0	0.0	0.0
	0.5	0.5	0.0	0.0
	1.0	0.0	0.0	0.0
	0.5	0.5	0.0	0.0
	0.5	0.0	0.0	0.5
	0.5	0.0	0.0	0.5
	0.5	0.0	0.5	0.0
	1.0	0.0	0.0	0.0
	1.0	0.0	0.0	0.0
	0.0	0.0	1.0	0.0
	0.0	0.0	1.0	0.0
	0.0	0.0	0.5	0.5
	0.5	0.0	0.0	0.5
	0.0	0.0	0.0	1.0
	0.0	0.0	0.0	1.0
	0.0	0.0	0.5	0.5
	0.0	0.0	1.0	0.0

MEME version 4

ALPHABET= ACGT

MOTIF chr12:110436335-110436345

letter-probability matrix: alength= 4 w= 10
	0.0	0.0	0.0	1.0
	0.0	0.0	0.0	1.0
	0.0	0.0	0.0	1.0
	0.0	0.0	0.0	1.0
	0.0	0.0	0.25	0.75
	0.0	0.0	0.75	0.25
	0.0	0.0	0.0	1.0
	0.25	0.25	0.25	0.25
	0.0	0.0	0.0	1.0
	0.0	0.0	0.0	1.0

MEME version 4

ALPHABET= ACGT

MOTIF chr12:110417368-110417393

letter-probability matrix: alength= 4 w= 25
	0.0	0.5	0.0	0.5
	0.0	0.0	0.0	1.0
	0.0	1.0	0.0	0.0
	1.0	0.0	0.0	0.0
	0.0	0.5	0.5	0.0
	0.5	0.0	0.0	0.5
	0.0	1.0	0.0	0.0
	0.0	1.0	0.0	0.0
	0.0	1.0	0.0	0.0
	0.5	0.5	0.0	0.0
	1.0	0.0	0.0	0.0
	0.5	0.5	0.0	0.0
	0.5	0.0	0.0	0.5
	0.5	0.0	0.0	0.5
	0.5	0.0	0.5	0.0
	1.0	0.0	0.0	0.0
	1.0	0.0	0.0	0.0
	0.0	0.0	1.0	0.0
	0.0	0.0	1.0	0.0
	0.0	0.0	0.5	0.5
	0.5	0.0	0.0	0.5
	0.0	0.0	0.0	1.0
	0.0	0.0	0.0	1.0
	0.0	0.0	0.5	0.5
	0.0	0.0	1.0	0.0

MEME version 4

ALPHABET= ACGT

MOTIF chr7:2420838-2420848

letter-probability matrix: alength= 4 w= 10
	0.0	0.0	0.0	1.0
	0.0	0.0	0.0	1.0
	0.0	0.0	0.0	1.0
	0.0	0.0	0.0	1.0
	0.0	0.0	0.25	0.75
	0.0	0.0	0.75	0.25
	0.0	0.0	0.0	1.0
	0.25	0.25	0.25	0.25
	0.0	0.0	0.0	1.0
	0.0	0.0	0.0	1.0

MEME version 4

ALPHABET= ACGT

MOTIF chr7:2423912-2423937

letter-probability matrix: alength= 4 w= 25
	0.0	0.5	0.0	0.5
	0.0	0.0	0.0	1.0
	0.0	1.0	0.0	0.0
	1.0	0.0	0.0	0.0
	0.0	0.5	0.5	0.0
	0.5	0.0	0.0	0.5
	0.0	1.0	0.0	0.0
	0.0	1.0	0.0	0.0
	0.0	1.0	0.0	0.0
	0.5	0.5	0.0	0.0
	1.0	0.0	0.0	0.0
	0.5	0.5	0.0	0.0
	0.5	0.0	0.0	0.5
	0.5	0.0	0.0	0.5
	0.5	0.0	0.5	0.0
	1.0	0.0	0.0	0.0
	1.0	0.0	0.0	0.0
	0.0	0.0	1.0	0.0
	0.0	0.0	1.0	0.0
	0.0	0.0	0.5	0.5
	0.5	0.0	0.0	0.5
	0.0	0.0	0.0	1.0
	0.0	0.0	0.0	1.0
	0.0	0.0	0.5	0.5
	0.0	0.0	1.0	0.0

MEME version 4

ALPHABET= ACGT

MOTIF chr16:67261108-67261118

letter-probability matrix: alength= 4 w= 10
	0.0	0.0	0.0	1.0
	0.0	0.0	0.0	1.0
	0.0	0.0	0.0	1.0
	0.0	0.0	0.0	1.0
	0.0	0.0	0.25	0.75
	0.0	0.0	0.75	0.25
	0.0	0.0	0.0	1.0
	0.25	0.25	0.25	0.25
	0.0	0.0	0.0	1.0
	0.0	0.0	0.0	1.0

MEME version 4

ALPHABET= ACGT

MOTIF chr16:67254427-67254452

letter-probability matrix: alength= 4 w= 25
	0.0	0.5	0.0	0.5
	0.0	0.0	0.0	1.0
	0.0	1.0	0.0	0.0
	1.0	0.0	0.0	0.0
	0.0	0.5	0.5	0.0
	0.5	0.0	0.0	0.5
	0.0	1.0	0.0	0.0
	0.0	1.0	0.0	0.0
	0.0	1.0	0.0	0.0
	0.5	0.5	0.0	0.0
	1.0	0.0	0.0	0.0
	0.5	0.5	0.0	0.0
	0.5	0.0	0.0	0.5
	0.5	0.0	0.0	0.5
	0.5	0.0	0.5	0.0
	1.0	0.0	0.0	0.0
	1.0	0.0	0.0	0.0
	0.0	0.0	1.0	0.0
	0.0	0.0	1.0	0.0
	0.0	0.0	0.5	0.5
	0.5	0.0	0.0	0.5
	0.0	0.0	0.0	1.0
	0.0	0.0	0.0	1.0
	0.0	0.0	0.5	0.5
	0.0	0.0	1.0	0.0

MEME version 4

ALPHABET= ACGT

MOTIF chr3:42643244-42643254

letter-probability matrix: alength= 4 w= 10
	0.0	0.0	0.0	1.0
	0.0	0.0	0.0	1.0
	0.0	0.0	0.0	1.0
	0.0	0.0	0.0	1.0
	0.0	0.0	0.25	0.75
	0.0	0.0	0.75	0.25
	0.0	0.0	0.0	1.0
	0.25	0.25	0.25	0.25
	0.0	0.0	0.0	1.0
	0.0	0.0	0.0	1.0

MEME version 4

ALPHABET= ACGT

MOTIF chr3:42632144-42632169

letter-probability matrix: alength= 4 w= 25
	0.0	0.5	0.0	0.5
	0.0	0.0	0.0	1.0
	0.0	1.0	0.0	0.0
	1.0	0.0	0.0	0.0
	0.0	0.5	0.5	0.0
	0.5	0.0	0.0	0.5
	0.0	1.0	0.0	0.0
	0.0	1.0	0.0	0.0
	0.0	1.0	0.0	0.0
	0.5	0.5	0.0	0.0
	1.0	0.0	0.0	0.0
	0.5	0.5	0.0	0.0
	0.5	0.0	0.0	0.5
	0.5	0.0	0.0	0.5
	0.5	0.0	0.5	0.0
	1.0	0.0	0.0	0.0
	1.0	0.0	0.0	0.0
	0.0	0.0	1.0	0.0
	0.0	0.0	1.0	0.0
	0.0	0.0	0.5	0.5
	0.5	0.0	0.0	0.5
	0.0	0.0	0.0	1.0
	0.0	0.0	0.0	1.0
	0.0	0.0	0.5	0.5
	0.0	0.0	1.0	0.0

MEME version 4

ALPHABET= ACGT

MOTIF chr19:40886627-40886637

letter-probability matrix: alength= 4 w= 10
	0.0	0.0	0.0	1.0
	0.0	0.0	0.0	1.0
	0.0	0.0	0.0	1.0
	0.0	0.0	0.0	1.0
	0.0	0.0	0.25	0.75
	0.0	0.0	0.75	0.25
	0.0	0.0	0.0	1.0
	0.25	0.25	0.25	0.25
	0.0	0.0	0.0	1.0
	0.0	0.0	0.0	1.0

MEME version 4

ALPHABET= ACGT

MOTIF chr19:40878245-40878270

letter-probability matrix: alength= 4 w= 25
	0.0	0.5	0.0	0.5
	0.0	0.0	0.0	1.0
	0.0	1.0	0.0	0.0
	1.0	0.0	0.0	0.0
	0.0	0.5	0.5	0.0
	0.5	0.0	0.0	0.5
	0.0	1.0	0.0	0.0
	0.0	1.0	0.0	0.0
	0.0	1.0	0.0	0.0
	0.5	0.5	0.0	0.0
	1.0	0.0	0.0	0.0
	0.5	0.5	0.0	0.0
	0.5	0.0	0.0	0.5
	0.5	0.0	0.0	0.5
	0.5	0.0	0.5	0.0
	1.0	0.0	0.0	0.0
	1.0	0.0	0.0	0.0
	0.0	0.0	1.0	0.0
	0.0	0.0	1.0	0.0
	0.0	0.0	0.5	0.5
	0.5	0.0	0.0	0.5
	0.0	0.0	0.0	1.0
	0.0	0.0	0.0	1.0
	0.0	0.0	0.5	0.5
	0.0	0.0	1.0	0.0

MEME version 4

ALPHABET= ACGT

MOTIF chr11:63991404-63991414

letter-probability matrix: alength= 4 w= 10
	0.0	0.0	0.0	1.0
	0.0	0.0	0.0	1.0
	0.0	0.0	0.0	1.0
	0.0	0.0	0.0	1.0
	0.0	0.0	0.25	0.75
	0.0	0.0	0.75	0.25
	0.0	0.0	0.0	1.0
	0.25	0.25	0.25	0.25
	0.0	0.0	0.0	1.0
	0.0	0.0	0.0	1.0

MEME version 4

ALPHABET= ACGT

MOTIF chr11:63966182-63966207

letter-probability matrix: alength= 4 w= 25
	0.0	0.5	0.0	0.5
	0.0	0.0	0.0	1.0
	0.0	1.0	0.0	0.0
	1.0	0.0	0.0	0.0
	0.0	0.5	0.5	0.0
	0.5	0.0	0.0	0.5
	0.0	1.0	0.0	0.0
	0.0	1.0	0.0	0.0
	0.0	1.0	0.0	0.0
	0.5	0.5	0.0	0.0
	1.0	0.0	0.0	0.0
	0.5	0.5	0.0	0.0
	0.5	0.0	0.0	0.5
	0.5	0.0	0.0	0.5
	0.5	0.0	0.5	0.0
	1.0	0.0	0.0	0.0
	1.0	0.0	0.0	0.0
	0.0	0.0	1.0	0.0
	0.0	0.0	1.0	0.0
	0.0	0.0	0.5	0.5
	0.5	0.0	0.0	0.5
	0.0	0.0	0.0	1.0
	0.0	0.0	0.0	1.0
	0.0	0.0	0.5	0.5
	0.0	0.0	1.0	0.0

MEME version 4

ALPHABET= ACGT

MOTIF chr7:108211087-108211097

letter-probability matrix: alength= 4 w= 10
	0.0	0.0	0.0	1.0
	0.0	0.0	0.0	1.0
	0.0	0.0	0.0	1.0
	0.0	0.0	0.0	1.0
	0.0	0.0	0.25	0.75
	0.0	0.0	0.75	0.25
	0.0	0.0	0.0	1.0
	0.25	0.25	0.25	0.25
	0.0	0.0	0.0	1.0
	0.0	0.0	0.0	1.0

MEME version 4

ALPHABET= ACGT

MOTIF chr7:108191671-108191696

letter-probability matrix: alength= 4 w= 25
	0.0	0.5	0.0	0.5
	0.0	0.0	0.0	1.0
	0.0	1.0	0.0	0.0
	1.0	0.0	0.0	0.0
	0.0	0.5	0.5	0.0
	0.5	0.0	0.0	0.5
	0.0	1.0	0.0	0.0
	0.0	1.0	0.0	0.0
	0.0	1.0	0.0	0.0
	0.5	0.5	0.0	0.0
	1.0	0.0	0.0	0.0
	0.5	0.5	0.0	0.0
	0.5	0.0	0.0	0.5
	0.5	0.0	0.0	0.5
	0.5	0.0	0.5	0.0
	1.0	0.0	0.0	0.0
	1.0	0.0	0.0	0.0
	0.0	0.0	1.0	0.0
	0.0	0.0	1.0	0.0
	0.0	0.0	0.5	0.5
	0.5	0.0	0.0	0.5
	0.0	0.0	0.0	1.0
	0.0	0.0	0.0	1.0
	0.0	0.0	0.5	0.5
	0.0	0.0	1.0	0.0

MEME version 4

ALPHABET= ACGT

MOTIF chr10:115614250-115614260

letter-probability matrix: alength= 4 w= 10
	0.0	0.0	0.0	1.0
	0.0	0.0	0.0	1.0
	0.0	0.0	0.0	1.0
	0.0	0.0	0.0	1.0
	0.0	0.0	0.25	0.75
	0.0	0.0	0.75	0.25
	0.0	0.0	0.0	1.0
	0.25	0.25	0.25	0.25
	0.0	0.0	0.0	1.0
	0.0	0.0	0.0	1.0

MEME version 4

ALPHABET= ACGT

MOTIF chr10:115627865-115627890

letter-probability matrix: alength= 4 w= 25
	0.0	0.5	0.0	0.5
	0.0	0.0	0.0	1.0
	0.0	1.0	0.0	0.0
	1.0	0.0	0.0	0.0
	0.0	0.5	0.5	0.0
	0.5	0.0	0.0	0.5
	0.0	1.0	0.0	0.0
	0.0	1.0	0.0	0.0
	0.0	1.0	0.0	0.0
	0.5	0.5	0.0	0.0
	1.0	0.0	0.0	0.0
	0.5	0.5	0.0	0.0
	0.5	0.0	0.0	0.5
	0.5	0.0	0.0	0.5
	0.5	0.0	0.5	0.0
	1.0	0.0	0.0	0.0
	1.0	0.0	0.0	0.0
	0.0	0.0	1.0	0.0
	0.0	0.0	1.0	0.0
	0.0	0.0	0.5	0.5
	0.5	0.0	0.0	0.5
	0.0	0.0	0.0	1.0
	0.0	0.0	0.0	1.0
	0.0	0.0	0.5	0.5
	0.0	0.0	1.0	0.0

MEME version 4

ALPHABET= ACGT

MOTIF chr10:115614250-115614260

letter-probability matrix: alength= 4 w= 10
	0.0	0.0	0.0	1.0
	0.0	0.0	0.0	1.0
	0.0	0.0	0.0	1.0
	0.0	0.0	0.0	1.0
	0.0	0.0	0.25	0.75
	0.0	0.0	0.75	0.25
	0.0	0.0	0.0	1.0
	0.25	0.25	0.25	0.25
	0.0	0.0	0.0	1.0
	0.0	0.0	0.0	1.0

MEME version 4

ALPHABET= ACGT

MOTIF chr10:115627865-115627890

letter-probability matrix: alength= 4 w= 25
	0.0	0.5	0.0	0.5
	0.0	0.0	0.0	1.0
	0.0	1.0	0.0	0.0
	1.0	0.0	0.0	0.0
	0.0	0.5	0.5	0.0
	0.5	0.0	0.0	0.5
	0.0	1.0	0.0	0.0
	0.0	1.0	0.0	0.0
	0.0	1.0	0.0	0.0
	0.5	0.5	0.0	0.0
	1.0	0.0	0.0	0.0
	0.5	0.5	0.0	0.0
	0.5	0.0	0.0	0.5
	0.5	0.0	0.0	0.5
	0.5	0.0	0.5	0.0
	1.0	0.0	0.0	0.0
	1.0	0.0	0.0	0.0
	0.0	0.0	1.0	0.0
	0.0	0.0	1.0	0.0
	0.0	0.0	0.5	0.5
	0.5	0.0	0.0	0.5
	0.0	0.0	0.0	1.0
	0.0	0.0	0.0	1.0
	0.0	0.0	0.5	0.5
	0.0	0.0	1.0	0.0

MEME version 4

ALPHABET= ACGT

MOTIF chr19:33087650-33087660

letter-probability matrix: alength= 4 w= 10
	0.0	0.0	0.0	1.0
	0.0	0.0	0.0	1.0
	0.0	0.0	0.0	1.0
	0.0	0.0	0.0	1.0
	0.0	0.0	0.25	0.75
	0.0	0.0	0.75	0.25
	0.0	0.0	0.0	1.0
	0.25	0.25	0.25	0.25
	0.0	0.0	0.0	1.0
	0.0	0.0	0.0	1.0

MEME version 4

ALPHABET= ACGT

MOTIF chr19:33179476-33179501

letter-probability matrix: alength= 4 w= 25
	0.0	0.5	0.0	0.5
	0.0	0.0	0.0	1.0
	0.0	1.0	0.0	0.0
	1.0	0.0	0.0	0.0
	0.0	0.5	0.5	0.0
	0.5	0.0	0.0	0.5
	0.0	1.0	0.0	0.0
	0.0	1.0	0.0	0.0
	0.0	1.0	0.0	0.0
	0.5	0.5	0.0	0.0
	1.0	0.0	0.0	0.0
	0.5	0.5	0.0	0.0
	0.5	0.0	0.0	0.5
	0.5	0.0	0.0	0.5
	0.5	0.0	0.5	0.0
	1.0	0.0	0.0	0.0
	1.0	0.0	0.0	0.0
	0.0	0.0	1.0	0.0
	0.0	0.0	1.0	0.0
	0.0	0.0	0.5	0.5
	0.5	0.0	0.0	0.5
	0.0	0.0	0.0	1.0
	0.0	0.0	0.0	1.0
	0.0	0.0	0.5	0.5
	0.0	0.0	1.0	0.0

MEME version 4

ALPHABET= ACGT

MOTIF chr10:32345725-32345735

letter-probability matrix: alength= 4 w= 10
	0.0	0.0	0.0	1.0
	0.0	0.0	0.0	1.0
	0.0	0.0	0.0	1.0
	0.0	0.0	0.0	1.0
	0.0	0.0	0.25	0.75
	0.0	0.0	0.75	0.25
	0.0	0.0	0.0	1.0
	0.25	0.25	0.25	0.25
	0.0	0.0	0.0	1.0
	0.0	0.0	0.0	1.0

MEME version 4

ALPHABET= ACGT

MOTIF chr10:32355701-32355726

letter-probability matrix: alength= 4 w= 25
	0.0	0.5	0.0	0.5
	0.0	0.0	0.0	1.0
	0.0	1.0	0.0	0.0
	1.0	0.0	0.0	0.0
	0.0	0.5	0.5	0.0
	0.5	0.0	0.0	0.5
	0.0	1.0	0.0	0.0
	0.0	1.0	0.0	0.0
	0.0	1.0	0.0	0.0
	0.5	0.5	0.0	0.0
	1.0	0.0	0.0	0.0
	0.5	0.5	0.0	0.0
	0.5	0.0	0.0	0.5
	0.5	0.0	0.0	0.5
	0.5	0.0	0.5	0.0
	1.0	0.0	0.0	0.0
	1.0	0.0	0.0	0.0
	0.0	0.0	1.0	0.0
	0.0	0.0	1.0	0.0
	0.0	0.0	0.5	0.5
	0.5	0.0	0.0	0.5
	0.0	0.0	0.0	1.0
	0.0	0.0	0.0	1.0
	0.0	0.0	0.5	0.5
	0.0	0.0	1.0	0.0

MEME version 4

ALPHABET= ACGT

MOTIF chr17:79213750-79213760

letter-probability matrix: alength= 4 w= 10
	0.0	0.0	0.0	1.0
	0.0	0.0	0.0	1.0
	0.0	0.0	0.0	1.0
	0.0	0.0	0.0	1.0
	0.0	0.0	0.25	0.75
	0.0	0.0	0.75	0.25
	0.0	0.0	0.0	1.0
	0.25	0.25	0.25	0.25
	0.0	0.0	0.0	1.0
	0.0	0.0	0.0	1.0

MEME version 4

ALPHABET= ACGT

MOTIF chr17:79184805-79184830

letter-probability matrix: alength= 4 w= 25
	0.0	0.5	0.0	0.5
	0.0	0.0	0.0	1.0
	0.0	1.0	0.0	0.0
	1.0	0.0	0.0	0.0
	0.0	0.5	0.5	0.0
	0.5	0.0	0.0	0.5
	0.0	1.0	0.0	0.0
	0.0	1.0	0.0	0.0
	0.0	1.0	0.0	0.0
	0.5	0.5	0.0	0.0
	1.0	0.0	0.0	0.0
	0.5	0.5	0.0	0.0
	0.5	0.0	0.0	0.5
	0.5	0.0	0.0	0.5
	0.5	0.0	0.5	0.0
	1.0	0.0	0.0	0.0
	1.0	0.0	0.0	0.0
	0.0	0.0	1.0	0.0
	0.0	0.0	1.0	0.0
	0.0	0.0	0.5	0.5
	0.5	0.0	0.0	0.5
	0.0	0.0	0.0	1.0
	0.0	0.0	0.0	1.0
	0.0	0.0	0.5	0.5
	0.0	0.0	1.0	0.0

MEME version 4

ALPHABET= ACGT

MOTIF chr15:75872557-75872567

letter-probability matrix: alength= 4 w= 10
	0.0	0.0	0.0	1.0
	0.0	0.0	0.0	1.0
	0.0	0.0	0.0	1.0
	0.0	0.0	0.0	1.0
	0.0	0.0	0.25	0.75
	0.0	0.0	0.75	0.25
	0.0	0.0	0.0	1.0
	0.25	0.25	0.25	0.25
	0.0	0.0	0.0	1.0
	0.0	0.0	0.0	1.0

MEME version 4

ALPHABET= ACGT

MOTIF chr15:75843818-75843843

letter-probability matrix: alength= 4 w= 25
	0.0	0.5	0.0	0.5
	0.0	0.0	0.0	1.0
	0.0	1.0	0.0	0.0
	1.0	0.0	0.0	0.0
	0.0	0.5	0.5	0.0
	0.5	0.0	0.0	0.5
	0.0	1.0	0.0	0.0
	0.0	1.0	0.0	0.0
	0.0	1.0	0.0	0.0
	0.5	0.5	0.0	0.0
	1.0	0.0	0.0	0.0
	0.5	0.5	0.0	0.0
	0.5	0.0	0.0	0.5
	0.5	0.0	0.0	0.5
	0.5	0.0	0.5	0.0
	1.0	0.0	0.0	0.0
	1.0	0.0	0.0	0.0
	0.0	0.0	1.0	0.0
	0.0	0.0	1.0	0.0
	0.0	0.0	0.5	0.5
	0.5	0.0	0.0	0.5
	0.0	0.0	0.0	1.0
	0.0	0.0	0.0	1.0
	0.0	0.0	0.5	0.5
	0.0	0.0	1.0	0.0

MEME version 4

ALPHABET= ACGT

MOTIF chr13:46627112-46627122

letter-probability matrix: alength= 4 w= 10
	0.0	0.0	0.0	1.0
	0.0	0.0	0.0	1.0
	0.0	0.0	0.0	1.0
	0.0	0.0	0.0	1.0
	0.0	0.0	0.25	0.75
	0.0	0.0	0.75	0.25
	0.0	0.0	0.0	1.0
	0.25	0.25	0.25	0.25
	0.0	0.0	0.0	1.0
	0.0	0.0	0.0	1.0

MEME version 4

ALPHABET= ACGT

MOTIF chr13:46593058-46593083

letter-probability matrix: alength= 4 w= 25
	0.0	0.5	0.0	0.5
	0.0	0.0	0.0	1.0
	0.0	1.0	0.0	0.0
	1.0	0.0	0.0	0.0
	0.0	0.5	0.5	0.0
	0.5	0.0	0.0	0.5
	0.0	1.0	0.0	0.0
	0.0	1.0	0.0	0.0
	0.0	1.0	0.0	0.0
	0.5	0.5	0.0	0.0
	1.0	0.0	0.0	0.0
	0.5	0.5	0.0	0.0
	0.5	0.0	0.0	0.5
	0.5	0.0	0.0	0.5
	0.5	0.0	0.5	0.0
	1.0	0.0	0.0	0.0
	1.0	0.0	0.0	0.0
	0.0	0.0	1.0	0.0
	0.0	0.0	1.0	0.0
	0.0	0.0	0.5	0.5
	0.5	0.0	0.0	0.5
	0.0	0.0	0.0	1.0
	0.0	0.0	0.0	1.0
	0.0	0.0	0.5	0.5
	0.0	0.0	1.0	0.0

MEME version 4

ALPHABET= ACGT

MOTIF chr19:39882692-39882702

letter-probability matrix: alength= 4 w= 10
	0.0	0.0	0.0	1.0
	0.0	0.0	0.0	1.0
	0.0	0.0	0.0	1.0
	0.0	0.0	0.0	1.0
	0.0	0.0	0.25	0.75
	0.0	0.0	0.75	0.25
	0.0	0.0	0.0	1.0
	0.25	0.25	0.25	0.25
	0.0	0.0	0.0	1.0
	0.0	0.0	0.0	1.0

MEME version 4

ALPHABET= ACGT

MOTIF chr19:39876561-39876586

letter-probability matrix: alength= 4 w= 25
	0.0	0.5	0.0	0.5
	0.0	0.0	0.0	1.0
	0.0	1.0	0.0	0.0
	1.0	0.0	0.0	0.0
	0.0	0.5	0.5	0.0
	0.5	0.0	0.0	0.5
	0.0	1.0	0.0	0.0
	0.0	1.0	0.0	0.0
	0.0	1.0	0.0	0.0
	0.5	0.5	0.0	0.0
	1.0	0.0	0.0	0.0
	0.5	0.5	0.0	0.0
	0.5	0.0	0.0	0.5
	0.5	0.0	0.0	0.5
	0.5	0.0	0.5	0.0
	1.0	0.0	0.0	0.0
	1.0	0.0	0.0	0.0
	0.0	0.0	1.0	0.0
	0.0	0.0	1.0	0.0
	0.0	0.0	0.5	0.5
	0.5	0.0	0.0	0.5
	0.0	0.0	0.0	1.0
	0.0	0.0	0.0	1.0
	0.0	0.0	0.5	0.5
	0.0	0.0	1.0	0.0

MEME version 4

ALPHABET= ACGT

MOTIF chr15:64747822-64747832

letter-probability matrix: alength= 4 w= 10
	0.0	0.0	0.0	1.0
	0.0	0.0	0.0	1.0
	0.0	0.0	0.0	1.0
	0.0	0.0	0.0	1.0
	0.0	0.0	0.25	0.75
	0.0	0.0	0.75	0.25
	0.0	0.0	0.0	1.0
	0.25	0.25	0.25	0.25
	0.0	0.0	0.0	1.0
	0.0	0.0	0.0	1.0

MEME version 4

ALPHABET= ACGT

MOTIF chr15:64697177-64697202

letter-probability matrix: alength= 4 w= 25
	0.0	0.5	0.0	0.5
	0.0	0.0	0.0	1.0
	0.0	1.0	0.0	0.0
	1.0	0.0	0.0	0.0
	0.0	0.5	0.5	0.0
	0.5	0.0	0.0	0.5
	0.0	1.0	0.0	0.0
	0.0	1.0	0.0	0.0
	0.0	1.0	0.0	0.0
	0.5	0.5	0.0	0.0
	1.0	0.0	0.0	0.0
	0.5	0.5	0.0	0.0
	0.5	0.0	0.0	0.5
	0.5	0.0	0.0	0.5
	0.5	0.0	0.5	0.0
	1.0	0.0	0.0	0.0
	1.0	0.0	0.0	0.0
	0.0	0.0	1.0	0.0
	0.0	0.0	1.0	0.0
	0.0	0.0	0.5	0.5
	0.5	0.0	0.0	0.5
	0.0	0.0	0.0	1.0
	0.0	0.0	0.0	1.0
	0.0	0.0	0.5	0.5
	0.0	0.0	1.0	0.0

MEME version 4

ALPHABET= ACGT

MOTIF chr14:24708344-24708354

letter-probability matrix: alength= 4 w= 10
	0.0	0.0	0.0	1.0
	0.0	0.0	0.0	1.0
	0.0	0.0	0.0	1.0
	0.0	0.0	0.0	1.0
	0.0	0.0	0.25	0.75
	0.0	0.0	0.75	0.25
	0.0	0.0	0.0	1.0
	0.25	0.25	0.25	0.25
	0.0	0.0	0.0	1.0
	0.0	0.0	0.0	1.0

MEME version 4

ALPHABET= ACGT

MOTIF chr14:24684542-24684567

letter-probability matrix: alength= 4 w= 25
	0.0	0.5	0.0	0.5
	0.0	0.0	0.0	1.0
	0.0	1.0	0.0	0.0
	1.0	0.0	0.0	0.0
	0.0	0.5	0.5	0.0
	0.5	0.0	0.0	0.5
	0.0	1.0	0.0	0.0
	0.0	1.0	0.0	0.0
	0.0	1.0	0.0	0.0
	0.5	0.5	0.0	0.0
	1.0	0.0	0.0	0.0
	0.5	0.5	0.0	0.0
	0.5	0.0	0.0	0.5
	0.5	0.0	0.0	0.5
	0.5	0.0	0.5	0.0
	1.0	0.0	0.0	0.0
	1.0	0.0	0.0	0.0
	0.0	0.0	1.0	0.0
	0.0	0.0	1.0	0.0
	0.0	0.0	0.5	0.5
	0.5	0.0	0.0	0.5
	0.0	0.0	0.0	1.0
	0.0	0.0	0.0	1.0
	0.0	0.0	0.5	0.5
	0.0	0.0	1.0	0.0

MEME version 4

ALPHABET= ACGT

MOTIF chr1:173639174-173639184

letter-probability matrix: alength= 4 w= 10
	0.0	0.0	0.0	1.0
	0.0	0.0	0.0	1.0
	0.0	0.0	0.0	1.0
	0.0	0.0	0.0	1.0
	0.0	0.0	0.25	0.75
	0.0	0.0	0.75	0.25
	0.0	0.0	0.0	1.0
	0.25	0.25	0.25	0.25
	0.0	0.0	0.0	1.0
	0.0	0.0	0.0	1.0

MEME version 4

ALPHABET= ACGT

MOTIF chr1:173631838-173631863

letter-probability matrix: alength= 4 w= 25
	0.0	0.5	0.0	0.5
	0.0	0.0	0.0	1.0
	0.0	1.0	0.0	0.0
	1.0	0.0	0.0	0.0
	0.0	0.5	0.5	0.0
	0.5	0.0	0.0	0.5
	0.0	1.0	0.0	0.0
	0.0	1.0	0.0	0.0
	0.0	1.0	0.0	0.0
	0.5	0.5	0.0	0.0
	1.0	0.0	0.0	0.0
	0.5	0.5	0.0	0.0
	0.5	0.0	0.0	0.5
	0.5	0.0	0.0	0.5
	0.5	0.0	0.5	0.0
	1.0	0.0	0.0	0.0
	1.0	0.0	0.0	0.0
	0.0	0.0	1.0	0.0
	0.0	0.0	1.0	0.0
	0.0	0.0	0.5	0.5
	0.5	0.0	0.0	0.5
	0.0	0.0	0.0	1.0
	0.0	0.0	0.0	1.0
	0.0	0.0	0.5	0.5
	0.0	0.0	1.0	0.0

MEME version 4

ALPHABET= ACGT

MOTIF chr19:41870952-41870962

letter-probability matrix: alength= 4 w= 10
	0.0	0.0	0.0	1.0
	0.0	0.0	0.0	1.0
	0.0	0.0	0.0	1.0
	0.0	0.0	0.0	1.0
	0.0	0.0	0.25	0.75
	0.0	0.0	0.75	0.25
	0.0	0.0	0.0	1.0
	0.25	0.25	0.25	0.25
	0.0	0.0	0.0	1.0
	0.0	0.0	0.0	1.0

MEME version 4

ALPHABET= ACGT

MOTIF chr19:41902200-41902225

letter-probability matrix: alength= 4 w= 25
	0.0	0.5	0.0	0.5
	0.0	0.0	0.0	1.0
	0.0	1.0	0.0	0.0
	1.0	0.0	0.0	0.0
	0.0	0.5	0.5	0.0
	0.5	0.0	0.0	0.5
	0.0	1.0	0.0	0.0
	0.0	1.0	0.0	0.0
	0.0	1.0	0.0	0.0
	0.5	0.5	0.0	0.0
	1.0	0.0	0.0	0.0
	0.5	0.5	0.0	0.0
	0.5	0.0	0.0	0.5
	0.5	0.0	0.0	0.5
	0.5	0.0	0.5	0.0
	1.0	0.0	0.0	0.0
	1.0	0.0	0.0	0.0
	0.0	0.0	1.0	0.0
	0.0	0.0	1.0	0.0
	0.0	0.0	0.5	0.5
	0.5	0.0	0.0	0.5
	0.0	0.0	0.0	1.0
	0.0	0.0	0.0	1.0
	0.0	0.0	0.5	0.5
	0.0	0.0	1.0	0.0

MEME version 4

ALPHABET= ACGT

MOTIF chr6:112424799-112424809

letter-probability matrix: alength= 4 w= 10
	0.0	0.0	0.0	1.0
	0.0	0.0	0.0	1.0
	0.0	0.0	0.0	1.0
	0.0	0.0	0.0	1.0
	0.0	0.0	0.25	0.75
	0.0	0.0	0.75	0.25
	0.0	0.0	0.0	1.0
	0.25	0.25	0.25	0.25
	0.0	0.0	0.0	1.0
	0.0	0.0	0.0	1.0

MEME version 4

ALPHABET= ACGT

MOTIF chr6:112439155-112439180

letter-probability matrix: alength= 4 w= 25
	0.0	0.5	0.0	0.5
	0.0	0.0	0.0	1.0
	0.0	1.0	0.0	0.0
	1.0	0.0	0.0	0.0
	0.0	0.5	0.5	0.0
	0.5	0.0	0.0	0.5
	0.0	1.0	0.0	0.0
	0.0	1.0	0.0	0.0
	0.0	1.0	0.0	0.0
	0.5	0.5	0.0	0.0
	1.0	0.0	0.0	0.0
	0.5	0.5	0.0	0.0
	0.5	0.0	0.0	0.5
	0.5	0.0	0.0	0.5
	0.5	0.0	0.5	0.0
	1.0	0.0	0.0	0.0
	1.0	0.0	0.0	0.0
	0.0	0.0	1.0	0.0
	0.0	0.0	1.0	0.0
	0.0	0.0	0.5	0.5
	0.5	0.0	0.0	0.5
	0.0	0.0	0.0	1.0
	0.0	0.0	0.0	1.0
	0.0	0.0	0.5	0.5
	0.0	0.0	1.0	0.0

MEME version 4

ALPHABET= ACGT

MOTIF chr8:105341903-105341913

letter-probability matrix: alength= 4 w= 10
	0.0	0.0	0.0	1.0
	0.0	0.0	0.0	1.0
	0.0	0.0	0.0	1.0
	0.0	0.0	0.0	1.0
	0.0	0.0	0.25	0.75
	0.0	0.0	0.75	0.25
	0.0	0.0	0.0	1.0
	0.25	0.25	0.25	0.25
	0.0	0.0	0.0	1.0
	0.0	0.0	0.0	1.0

MEME version 4

ALPHABET= ACGT

MOTIF chr8:105458688-105458713

letter-probability matrix: alength= 4 w= 25
	0.0	0.5	0.0	0.5
	0.0	0.0	0.0	1.0
	0.0	1.0	0.0	0.0
	1.0	0.0	0.0	0.0
	0.0	0.5	0.5	0.0
	0.5	0.0	0.0	0.5
	0.0	1.0	0.0	0.0
	0.0	1.0	0.0	0.0
	0.0	1.0	0.0	0.0
	0.5	0.5	0.0	0.0
	1.0	0.0	0.0	0.0
	0.5	0.5	0.0	0.0
	0.5	0.0	0.0	0.5
	0.5	0.0	0.0	0.5
	0.5	0.0	0.5	0.0
	1.0	0.0	0.0	0.0
	1.0	0.0	0.0	0.0
	0.0	0.0	1.0	0.0
	0.0	0.0	1.0	0.0
	0.0	0.0	0.5	0.5
	0.5	0.0	0.0	0.5
	0.0	0.0	0.0	1.0
	0.0	0.0	0.0	1.0
	0.0	0.0	0.5	0.5
	0.0	0.0	1.0	0.0

MEME version 4

ALPHABET= ACGT

MOTIF chr16:18813781-18813791

letter-probability matrix: alength= 4 w= 10
	0.0	0.0	0.0	1.0
	0.0	0.0	0.0	1.0
	0.0	0.0	0.0	1.0
	0.0	0.0	0.0	1.0
	0.0	0.0	0.25	0.75
	0.0	0.0	0.75	0.25
	0.0	0.0	0.0	1.0
	0.25	0.25	0.25	0.25
	0.0	0.0	0.0	1.0
	0.0	0.0	0.0	1.0

MEME version 4

ALPHABET= ACGT

MOTIF chr16:18828181-18828206

letter-probability matrix: alength= 4 w= 25
	0.0	0.5	0.0	0.5
	0.0	0.0	0.0	1.0
	0.0	1.0	0.0	0.0
	1.0	0.0	0.0	0.0
	0.0	0.5	0.5	0.0
	0.5	0.0	0.0	0.5
	0.0	1.0	0.0	0.0
	0.0	1.0	0.0	0.0
	0.0	1.0	0.0	0.0
	0.5	0.5	0.0	0.0
	1.0	0.0	0.0	0.0
	0.5	0.5	0.0	0.0
	0.5	0.0	0.0	0.5
	0.5	0.0	0.0	0.5
	0.5	0.0	0.5	0.0
	1.0	0.0	0.0	0.0
	1.0	0.0	0.0	0.0
	0.0	0.0	1.0	0.0
	0.0	0.0	1.0	0.0
	0.0	0.0	0.5	0.5
	0.5	0.0	0.0	0.5
	0.0	0.0	0.0	1.0
	0.0	0.0	0.0	1.0
	0.0	0.0	0.5	0.5
	0.0	0.0	1.0	0.0

MEME version 4

ALPHABET= ACGT

MOTIF chr14:24617758-24617768

letter-probability matrix: alength= 4 w= 10
	0.0	0.0	0.0	1.0
	0.0	0.0	0.0	1.0
	0.0	0.0	0.0	1.0
	0.0	0.0	0.0	1.0
	0.0	0.0	0.25	0.75
	0.0	0.0	0.75	0.25
	0.0	0.0	0.0	1.0
	0.25	0.25	0.25	0.25
	0.0	0.0	0.0	1.0
	0.0	0.0	0.0	1.0

MEME version 4

ALPHABET= ACGT

MOTIF chr14:24629837-24629862

letter-probability matrix: alength= 4 w= 25
	0.0	0.5	0.0	0.5
	0.0	0.0	0.0	1.0
	0.0	1.0	0.0	0.0
	1.0	0.0	0.0	0.0
	0.0	0.5	0.5	0.0
	0.5	0.0	0.0	0.5
	0.0	1.0	0.0	0.0
	0.0	1.0	0.0	0.0
	0.0	1.0	0.0	0.0
	0.5	0.5	0.0	0.0
	1.0	0.0	0.0	0.0
	0.5	0.5	0.0	0.0
	0.5	0.0	0.0	0.5
	0.5	0.0	0.0	0.5
	0.5	0.0	0.5	0.0
	1.0	0.0	0.0	0.0
	1.0	0.0	0.0	0.0
	0.0	0.0	1.0	0.0
	0.0	0.0	1.0	0.0
	0.0	0.0	0.5	0.5
	0.5	0.0	0.0	0.5
	0.0	0.0	0.0	1.0
	0.0	0.0	0.0	1.0
	0.0	0.0	0.5	0.5
	0.0	0.0	1.0	0.0

MEME version 4

ALPHABET= ACGT

MOTIF chr20:43124750-43124760

letter-probability matrix: alength= 4 w= 10
	0.0	0.0	0.0	1.0
	0.0	0.0	0.0	1.0
	0.0	0.0	0.0	1.0
	0.0	0.0	0.0	1.0
	0.0	0.0	0.25	0.75
	0.0	0.0	0.75	0.25
	0.0	0.0	0.0	1.0
	0.25	0.25	0.25	0.25
	0.0	0.0	0.0	1.0
	0.0	0.0	0.0	1.0

MEME version 4

ALPHABET= ACGT

MOTIF chr20:43165688-43165713

letter-probability matrix: alength= 4 w= 25
	0.0	0.5	0.0	0.5
	0.0	0.0	0.0	1.0
	0.0	1.0	0.0	0.0
	1.0	0.0	0.0	0.0
	0.0	0.5	0.5	0.0
	0.5	0.0	0.0	0.5
	0.0	1.0	0.0	0.0
	0.0	1.0	0.0	0.0
	0.0	1.0	0.0	0.0
	0.5	0.5	0.0	0.0
	1.0	0.0	0.0	0.0
	0.5	0.5	0.0	0.0
	0.5	0.0	0.0	0.5
	0.5	0.0	0.0	0.5
	0.5	0.0	0.5	0.0
	1.0	0.0	0.0	0.0
	1.0	0.0	0.0	0.0
	0.0	0.0	1.0	0.0
	0.0	0.0	1.0	0.0
	0.0	0.0	0.5	0.5
	0.5	0.0	0.0	0.5
	0.0	0.0	0.0	1.0
	0.0	0.0	0.0	1.0
	0.0	0.0	0.5	0.5
	0.0	0.0	1.0	0.0

MEME version 4

ALPHABET= ACGT

MOTIF chr10:115676960-115676970

letter-probability matrix: alength= 4 w= 10
	0.0	0.0	0.0	1.0
	0.0	0.0	0.0	1.0
	0.0	0.0	0.0	1.0
	0.0	0.0	0.0	1.0
	0.0	0.0	0.25	0.75
	0.0	0.0	0.75	0.25
	0.0	0.0	0.0	1.0
	0.25	0.25	0.25	0.25
	0.0	0.0	0.0	1.0
	0.0	0.0	0.0	1.0

MEME version 4

ALPHABET= ACGT

MOTIF chr10:115627865-115627890

letter-probability matrix: alength= 4 w= 25
	0.0	0.5	0.0	0.5
	0.0	0.0	0.0	1.0
	0.0	1.0	0.0	0.0
	1.0	0.0	0.0	0.0
	0.0	0.5	0.5	0.0
	0.5	0.0	0.0	0.5
	0.0	1.0	0.0	0.0
	0.0	1.0	0.0	0.0
	0.0	1.0	0.0	0.0
	0.5	0.5	0.0	0.0
	1.0	0.0	0.0	0.0
	0.5	0.5	0.0	0.0
	0.5	0.0	0.0	0.5
	0.5	0.0	0.0	0.5
	0.5	0.0	0.5	0.0
	1.0	0.0	0.0	0.0
	1.0	0.0	0.0	0.0
	0.0	0.0	1.0	0.0
	0.0	0.0	1.0	0.0
	0.0	0.0	0.5	0.5
	0.5	0.0	0.0	0.5
	0.0	0.0	0.0	1.0
	0.0	0.0	0.0	1.0
	0.0	0.0	0.5	0.5
	0.0	0.0	1.0	0.0

MEME version 4

ALPHABET= ACGT

MOTIF chr5:148749731-148749741

letter-probability matrix: alength= 4 w= 10
	0.0	0.0	0.0	1.0
	0.0	0.0	0.0	1.0
	0.0	0.0	0.0	1.0
	0.0	0.0	0.0	1.0
	0.0	0.0	0.25	0.75
	0.0	0.0	0.75	0.25
	0.0	0.0	0.0	1.0
	0.25	0.25	0.25	0.25
	0.0	0.0	0.0	1.0
	0.0	0.0	0.0	1.0

MEME version 4

ALPHABET= ACGT

MOTIF chr5:148724294-148724319

letter-probability matrix: alength= 4 w= 25
	0.0	0.5	0.0	0.5
	0.0	0.0	0.0	1.0
	0.0	1.0	0.0	0.0
	1.0	0.0	0.0	0.0
	0.0	0.5	0.5	0.0
	0.5	0.0	0.0	0.5
	0.0	1.0	0.0	0.0
	0.0	1.0	0.0	0.0
	0.0	1.0	0.0	0.0
	0.5	0.5	0.0	0.0
	1.0	0.0	0.0	0.0
	0.5	0.5	0.0	0.0
	0.5	0.0	0.0	0.5
	0.5	0.0	0.0	0.5
	0.5	0.0	0.5	0.0
	1.0	0.0	0.0	0.0
	1.0	0.0	0.0	0.0
	0.0	0.0	1.0	0.0
	0.0	0.0	1.0	0.0
	0.0	0.0	0.5	0.5
	0.5	0.0	0.0	0.5
	0.0	0.0	0.0	1.0
	0.0	0.0	0.0	1.0
	0.0	0.0	0.5	0.5
	0.0	0.0	1.0	0.0

MEME version 4

ALPHABET= ACGT

MOTIF chr13:31710250-31710260

letter-probability matrix: alength= 4 w= 10
	0.0	0.0	0.0	1.0
	0.0	0.0	0.0	1.0
	0.0	0.0	0.0	1.0
	0.0	0.0	0.0	1.0
	0.0	0.0	0.25	0.75
	0.0	0.0	0.75	0.25
	0.0	0.0	0.0	1.0
	0.25	0.25	0.25	0.25
	0.0	0.0	0.0	1.0
	0.0	0.0	0.0	1.0

MEME version 4

ALPHABET= ACGT

MOTIF chr13:31753694-31753719

letter-probability matrix: alength= 4 w= 25
	0.0	0.5	0.0	0.5
	0.0	0.0	0.0	1.0
	0.0	1.0	0.0	0.0
	1.0	0.0	0.0	0.0
	0.0	0.5	0.5	0.0
	0.5	0.0	0.0	0.5
	0.0	1.0	0.0	0.0
	0.0	1.0	0.0	0.0
	0.0	1.0	0.0	0.0
	0.5	0.5	0.0	0.0
	1.0	0.0	0.0	0.0
	0.5	0.5	0.0	0.0
	0.5	0.0	0.0	0.5
	0.5	0.0	0.0	0.5
	0.5	0.0	0.5	0.0
	1.0	0.0	0.0	0.0
	1.0	0.0	0.0	0.0
	0.0	0.0	1.0	0.0
	0.0	0.0	1.0	0.0
	0.0	0.0	0.5	0.5
	0.5	0.0	0.0	0.5
	0.0	0.0	0.0	1.0
	0.0	0.0	0.0	1.0
	0.0	0.0	0.5	0.5
	0.0	0.0	1.0	0.0

MEME version 4

ALPHABET= ACGT

MOTIF chr1:247613458-247613468

letter-probability matrix: alength= 4 w= 10
	0.0	0.0	0.0	1.0
	0.0	0.0	0.0	1.0
	0.0	0.0	0.0	1.0
	0.0	0.0	0.0	1.0
	0.0	0.0	0.25	0.75
	0.0	0.0	0.75	0.25
	0.0	0.0	0.0	1.0
	0.25	0.25	0.25	0.25
	0.0	0.0	0.0	1.0
	0.0	0.0	0.0	1.0

MEME version 4

ALPHABET= ACGT

MOTIF chr1:247632044-247632069

letter-probability matrix: alength= 4 w= 25
	0.0	0.5	0.0	0.5
	0.0	0.0	0.0	1.0
	0.0	1.0	0.0	0.0
	1.0	0.0	0.0	0.0
	0.0	0.5	0.5	0.0
	0.5	0.0	0.0	0.5
	0.0	1.0	0.0	0.0
	0.0	1.0	0.0	0.0
	0.0	1.0	0.0	0.0
	0.5	0.5	0.0	0.0
	1.0	0.0	0.0	0.0
	0.5	0.5	0.0	0.0
	0.5	0.0	0.0	0.5
	0.5	0.0	0.0	0.5
	0.5	0.0	0.5	0.0
	1.0	0.0	0.0	0.0
	1.0	0.0	0.0	0.0
	0.0	0.0	1.0	0.0
	0.0	0.0	1.0	0.0
	0.0	0.0	0.5	0.5
	0.5	0.0	0.0	0.5
	0.0	0.0	0.0	1.0
	0.0	0.0	0.0	1.0
	0.0	0.0	0.5	0.5
	0.0	0.0	1.0	0.0

MEME version 4

ALPHABET= ACGT

MOTIF chr18:21535494-21535504

letter-probability matrix: alength= 4 w= 10
	0.0	0.0	0.0	1.0
	0.0	0.0	0.0	1.0
	0.0	0.0	0.0	1.0
	0.0	0.0	0.0	1.0
	0.0	0.0	0.25	0.75
	0.0	0.0	0.75	0.25
	0.0	0.0	0.0	1.0
	0.25	0.25	0.25	0.25
	0.0	0.0	0.0	1.0
	0.0	0.0	0.0	1.0

MEME version 4

ALPHABET= ACGT

MOTIF chr18:21279688-21279713

letter-probability matrix: alength= 4 w= 25
	0.0	0.5	0.0	0.5
	0.0	0.0	0.0	1.0
	0.0	1.0	0.0	0.0
	1.0	0.0	0.0	0.0
	0.0	0.5	0.5	0.0
	0.5	0.0	0.0	0.5
	0.0	1.0	0.0	0.0
	0.0	1.0	0.0	0.0
	0.0	1.0	0.0	0.0
	0.5	0.5	0.0	0.0
	1.0	0.0	0.0	0.0
	0.5	0.5	0.0	0.0
	0.5	0.0	0.0	0.5
	0.5	0.0	0.0	0.5
	0.5	0.0	0.5	0.0
	1.0	0.0	0.0	0.0
	1.0	0.0	0.0	0.0
	0.0	0.0	1.0	0.0
	0.0	0.0	1.0	0.0
	0.0	0.0	0.5	0.5
	0.5	0.0	0.0	0.5
	0.0	0.0	0.0	1.0
	0.0	0.0	0.0	1.0
	0.0	0.0	0.5	0.5
	0.0	0.0	1.0	0.0

MEME version 4

ALPHABET= ACGT

MOTIF chr12:122360183-122360193

letter-probability matrix: alength= 4 w= 10
	0.0	0.0	0.0	1.0
	0.0	0.0	0.0	1.0
	0.0	0.0	0.0	1.0
	0.0	0.0	0.0	1.0
	0.0	0.0	0.25	0.75
	0.0	0.0	0.75	0.25
	0.0	0.0	0.0	1.0
	0.25	0.25	0.25	0.25
	0.0	0.0	0.0	1.0
	0.0	0.0	0.0	1.0

MEME version 4

ALPHABET= ACGT

MOTIF chr12:122319332-122319357

letter-probability matrix: alength= 4 w= 25
	0.0	0.5	0.0	0.5
	0.0	0.0	0.0	1.0
	0.0	1.0	0.0	0.0
	1.0	0.0	0.0	0.0
	0.0	0.5	0.5	0.0
	0.5	0.0	0.0	0.5
	0.0	1.0	0.0	0.0
	0.0	1.0	0.0	0.0
	0.0	1.0	0.0	0.0
	0.5	0.5	0.0	0.0
	1.0	0.0	0.0	0.0
	0.5	0.5	0.0	0.0
	0.5	0.0	0.0	0.5
	0.5	0.0	0.0	0.5
	0.5	0.0	0.5	0.0
	1.0	0.0	0.0	0.0
	1.0	0.0	0.0	0.0
	0.0	0.0	1.0	0.0
	0.0	0.0	1.0	0.0
	0.0	0.0	0.5	0.5
	0.5	0.0	0.0	0.5
	0.0	0.0	0.0	1.0
	0.0	0.0	0.0	1.0
	0.0	0.0	0.5	0.5
	0.0	0.0	1.0	0.0

MEME version 4

ALPHABET= ACGT

MOTIF chr1:38158871-38158881

letter-probability matrix: alength= 4 w= 10
	0.0	0.0	0.0	1.0
	0.0	0.0	0.0	1.0
	0.0	0.0	0.0	1.0
	0.0	0.0	0.0	1.0
	0.0	0.0	0.25	0.75
	0.0	0.0	0.75	0.25
	0.0	0.0	0.0	1.0
	0.25	0.25	0.25	0.25
	0.0	0.0	0.0	1.0
	0.0	0.0	0.0	1.0

MEME version 4

ALPHABET= ACGT

MOTIF chr1:38148064-38148089

letter-probability matrix: alength= 4 w= 25
	0.0	0.5	0.0	0.5
	0.0	0.0	0.0	1.0
	0.0	1.0	0.0	0.0
	1.0	0.0	0.0	0.0
	0.0	0.5	0.5	0.0
	0.5	0.0	0.0	0.5
	0.0	1.0	0.0	0.0
	0.0	1.0	0.0	0.0
	0.0	1.0	0.0	0.0
	0.5	0.5	0.0	0.0
	1.0	0.0	0.0	0.0
	0.5	0.5	0.0	0.0
	0.5	0.0	0.0	0.5
	0.5	0.0	0.0	0.5
	0.5	0.0	0.5	0.0
	1.0	0.0	0.0	0.0
	1.0	0.0	0.0	0.0
	0.0	0.0	1.0	0.0
	0.0	0.0	1.0	0.0
	0.0	0.0	0.5	0.5
	0.5	0.0	0.0	0.5
	0.0	0.0	0.0	1.0
	0.0	0.0	0.0	1.0
	0.0	0.0	0.5	0.5
	0.0	0.0	1.0	0.0

MEME version 4

ALPHABET= ACGT

MOTIF chr2:68695099-68695109

letter-probability matrix: alength= 4 w= 10
	0.0	0.0	0.0	1.0
	0.0	0.0	0.0	1.0
	0.0	0.0	0.0	1.0
	0.0	0.0	0.0	1.0
	0.0	0.0	0.25	0.75
	0.0	0.0	0.75	0.25
	0.0	0.0	0.0	1.0
	0.25	0.25	0.25	0.25
	0.0	0.0	0.0	1.0
	0.0	0.0	0.0	1.0

MEME version 4

ALPHABET= ACGT

MOTIF chr2:68709484-68709509

letter-probability matrix: alength= 4 w= 25
	0.0	0.5	0.0	0.5
	0.0	0.0	0.0	1.0
	0.0	1.0	0.0	0.0
	1.0	0.0	0.0	0.0
	0.0	0.5	0.5	0.0
	0.5	0.0	0.0	0.5
	0.0	1.0	0.0	0.0
	0.0	1.0	0.0	0.0
	0.0	1.0	0.0	0.0
	0.5	0.5	0.0	0.0
	1.0	0.0	0.0	0.0
	0.5	0.5	0.0	0.0
	0.5	0.0	0.0	0.5
	0.5	0.0	0.0	0.5
	0.5	0.0	0.5	0.0
	1.0	0.0	0.0	0.0
	1.0	0.0	0.0	0.0
	0.0	0.0	1.0	0.0
	0.0	0.0	1.0	0.0
	0.0	0.0	0.5	0.5
	0.5	0.0	0.0	0.5
	0.0	0.0	0.0	1.0
	0.0	0.0	0.0	1.0
	0.0	0.0	0.5	0.5
	0.0	0.0	1.0	0.0

MEME version 4

ALPHABET= ACGT

MOTIF chr15:64680497-64680507

letter-probability matrix: alength= 4 w= 10
	0.0	0.0	0.0	1.0
	0.0	0.0	0.0	1.0
	0.0	0.0	0.0	1.0
	0.0	0.0	0.0	1.0
	0.0	0.0	0.25	0.75
	0.0	0.0	0.75	0.25
	0.0	0.0	0.0	1.0
	0.25	0.25	0.25	0.25
	0.0	0.0	0.0	1.0
	0.0	0.0	0.0	1.0

MEME version 4

ALPHABET= ACGT

MOTIF chr15:64697177-64697202

letter-probability matrix: alength= 4 w= 25
	0.0	0.5	0.0	0.5
	0.0	0.0	0.0	1.0
	0.0	1.0	0.0	0.0
	1.0	0.0	0.0	0.0
	0.0	0.5	0.5	0.0
	0.5	0.0	0.0	0.5
	0.0	1.0	0.0	0.0
	0.0	1.0	0.0	0.0
	0.0	1.0	0.0	0.0
	0.5	0.5	0.0	0.0
	1.0	0.0	0.0	0.0
	0.5	0.5	0.0	0.0
	0.5	0.0	0.0	0.5
	0.5	0.0	0.0	0.5
	0.5	0.0	0.5	0.0
	1.0	0.0	0.0	0.0
	1.0	0.0	0.0	0.0
	0.0	0.0	1.0	0.0
	0.0	0.0	1.0	0.0
	0.0	0.0	0.5	0.5
	0.5	0.0	0.0	0.5
	0.0	0.0	0.0	1.0
	0.0	0.0	0.0	1.0
	0.0	0.0	0.5	0.5
	0.0	0.0	1.0	0.0

MEME version 4

ALPHABET= ACGT

MOTIF chr9:140032134-140032144

letter-probability matrix: alength= 4 w= 10
	0.0	0.0	0.0	1.0
	0.0	0.0	0.0	1.0
	0.0	0.0	0.0	1.0
	0.0	0.0	0.0	1.0
	0.0	0.0	0.25	0.75
	0.0	0.0	0.75	0.25
	0.0	0.0	0.0	1.0
	0.25	0.25	0.25	0.25
	0.0	0.0	0.0	1.0
	0.0	0.0	0.0	1.0

MEME version 4

ALPHABET= ACGT

MOTIF chr9:140026169-140026194

letter-probability matrix: alength= 4 w= 25
	0.0	0.5	0.0	0.5
	0.0	0.0	0.0	1.0
	0.0	1.0	0.0	0.0
	1.0	0.0	0.0	0.0
	0.0	0.5	0.5	0.0
	0.5	0.0	0.0	0.5
	0.0	1.0	0.0	0.0
	0.0	1.0	0.0	0.0
	0.0	1.0	0.0	0.0
	0.5	0.5	0.0	0.0
	1.0	0.0	0.0	0.0
	0.5	0.5	0.0	0.0
	0.5	0.0	0.0	0.5
	0.5	0.0	0.0	0.5
	0.5	0.0	0.5	0.0
	1.0	0.0	0.0	0.0
	1.0	0.0	0.0	0.0
	0.0	0.0	1.0	0.0
	0.0	0.0	1.0	0.0
	0.0	0.0	0.5	0.5
	0.5	0.0	0.0	0.5
	0.0	0.0	0.0	1.0
	0.0	0.0	0.0	1.0
	0.0	0.0	0.5	0.5
	0.0	0.0	1.0	0.0

MEME version 4

ALPHABET= ACGT

MOTIF chr16:28849383-28849393

letter-probability matrix: alength= 4 w= 10
	0.0	0.0	0.0	1.0
	0.0	0.0	0.0	1.0
	0.0	0.0	0.0	1.0
	0.0	0.0	0.0	1.0
	0.0	0.0	0.25	0.75
	0.0	0.0	0.75	0.25
	0.0	0.0	0.0	1.0
	0.25	0.25	0.25	0.25
	0.0	0.0	0.0	1.0
	0.0	0.0	0.0	1.0

MEME version 4

ALPHABET= ACGT

MOTIF chr16:28814157-28814182

letter-probability matrix: alength= 4 w= 25
	0.0	0.5	0.0	0.5
	0.0	0.0	0.0	1.0
	0.0	1.0	0.0	0.0
	1.0	0.0	0.0	0.0
	0.0	0.5	0.5	0.0
	0.5	0.0	0.0	0.5
	0.0	1.0	0.0	0.0
	0.0	1.0	0.0	0.0
	0.0	1.0	0.0	0.0
	0.5	0.5	0.0	0.0
	1.0	0.0	0.0	0.0
	0.5	0.5	0.0	0.0
	0.5	0.0	0.0	0.5
	0.5	0.0	0.0	0.5
	0.5	0.0	0.5	0.0
	1.0	0.0	0.0	0.0
	1.0	0.0	0.0	0.0
	0.0	0.0	1.0	0.0
	0.0	0.0	1.0	0.0
	0.0	0.0	0.5	0.5
	0.5	0.0	0.0	0.5
	0.0	0.0	0.0	1.0
	0.0	0.0	0.0	1.0
	0.0	0.0	0.5	0.5
	0.0	0.0	1.0	0.0

MEME version 4

ALPHABET= ACGT

MOTIF chr17:60006009-60006019

letter-probability matrix: alength= 4 w= 10
	0.0	0.0	0.0	1.0
	0.0	0.0	0.0	1.0
	0.0	0.0	0.0	1.0
	0.0	0.0	0.0	1.0
	0.0	0.0	0.25	0.75
	0.0	0.0	0.75	0.25
	0.0	0.0	0.0	1.0
	0.25	0.25	0.25	0.25
	0.0	0.0	0.0	1.0
	0.0	0.0	0.0	1.0

MEME version 4

ALPHABET= ACGT

MOTIF chr17:60018574-60018599

letter-probability matrix: alength= 4 w= 25
	0.0	0.5	0.0	0.5
	0.0	0.0	0.0	1.0
	0.0	1.0	0.0	0.0
	1.0	0.0	0.0	0.0
	0.0	0.5	0.5	0.0
	0.5	0.0	0.0	0.5
	0.0	1.0	0.0	0.0
	0.0	1.0	0.0	0.0
	0.0	1.0	0.0	0.0
	0.5	0.5	0.0	0.0
	1.0	0.0	0.0	0.0
	0.5	0.5	0.0	0.0
	0.5	0.0	0.0	0.5
	0.5	0.0	0.0	0.5
	0.5	0.0	0.5	0.0
	1.0	0.0	0.0	0.0
	1.0	0.0	0.0	0.0
	0.0	0.0	1.0	0.0
	0.0	0.0	1.0	0.0
	0.0	0.0	0.5	0.5
	0.5	0.0	0.0	0.5
	0.0	0.0	0.0	1.0
	0.0	0.0	0.0	1.0
	0.0	0.0	0.5	0.5
	0.0	0.0	1.0	0.0

MEME version 4

ALPHABET= ACGT

MOTIF chr12:110478050-110478060

letter-probability matrix: alength= 4 w= 10
	0.0	0.0	0.0	1.0
	0.0	0.0	0.0	1.0
	0.0	0.0	0.0	1.0
	0.0	0.0	0.0	1.0
	0.0	0.0	0.25	0.75
	0.0	0.0	0.75	0.25
	0.0	0.0	0.0	1.0
	0.25	0.25	0.25	0.25
	0.0	0.0	0.0	1.0
	0.0	0.0	0.0	1.0

MEME version 4

ALPHABET= ACGT

MOTIF chr12:110417368-110417393

letter-probability matrix: alength= 4 w= 25
	0.0	0.5	0.0	0.5
	0.0	0.0	0.0	1.0
	0.0	1.0	0.0	0.0
	1.0	0.0	0.0	0.0
	0.0	0.5	0.5	0.0
	0.5	0.0	0.0	0.5
	0.0	1.0	0.0	0.0
	0.0	1.0	0.0	0.0
	0.0	1.0	0.0	0.0
	0.5	0.5	0.0	0.0
	1.0	0.0	0.0	0.0
	0.5	0.5	0.0	0.0
	0.5	0.0	0.0	0.5
	0.5	0.0	0.0	0.5
	0.5	0.0	0.5	0.0
	1.0	0.0	0.0	0.0
	1.0	0.0	0.0	0.0
	0.0	0.0	1.0	0.0
	0.0	0.0	1.0	0.0
	0.0	0.0	0.5	0.5
	0.5	0.0	0.0	0.5
	0.0	0.0	0.0	1.0
	0.0	0.0	0.0	1.0
	0.0	0.0	0.5	0.5
	0.0	0.0	1.0	0.0

MEME version 4

ALPHABET= ACGT

MOTIF chr5:10250986-10250996

letter-probability matrix: alength= 4 w= 10
	0.0	0.0	0.0	1.0
	0.0	0.0	0.0	1.0
	0.0	0.0	0.0	1.0
	0.0	0.0	0.0	1.0
	0.0	0.0	0.25	0.75
	0.0	0.0	0.75	0.25
	0.0	0.0	0.0	1.0
	0.25	0.25	0.25	0.25
	0.0	0.0	0.0	1.0
	0.0	0.0	0.0	1.0

MEME version 4

ALPHABET= ACGT

MOTIF chr5:10276049-10276074

letter-probability matrix: alength= 4 w= 25
	0.0	0.5	0.0	0.5
	0.0	0.0	0.0	1.0
	0.0	1.0	0.0	0.0
	1.0	0.0	0.0	0.0
	0.0	0.5	0.5	0.0
	0.5	0.0	0.0	0.5
	0.0	1.0	0.0	0.0
	0.0	1.0	0.0	0.0
	0.0	1.0	0.0	0.0
	0.5	0.5	0.0	0.0
	1.0	0.0	0.0	0.0
	0.5	0.5	0.0	0.0
	0.5	0.0	0.0	0.5
	0.5	0.0	0.0	0.5
	0.5	0.0	0.5	0.0
	1.0	0.0	0.0	0.0
	1.0	0.0	0.0	0.0
	0.0	0.0	1.0	0.0
	0.0	0.0	1.0	0.0
	0.0	0.0	0.5	0.5
	0.5	0.0	0.0	0.5
	0.0	0.0	0.0	1.0
	0.0	0.0	0.0	1.0
	0.0	0.0	0.5	0.5
	0.0	0.0	1.0	0.0

MEME version 4

ALPHABET= ACGT

MOTIF chr9:78999756-78999766

letter-probability matrix: alength= 4 w= 10
	0.0	0.0	0.0	1.0
	0.0	0.0	0.0	1.0
	0.0	0.0	0.0	1.0
	0.0	0.0	0.0	1.0
	0.0	0.0	0.25	0.75
	0.0	0.0	0.75	0.25
	0.0	0.0	0.0	1.0
	0.25	0.25	0.25	0.25
	0.0	0.0	0.0	1.0
	0.0	0.0	0.0	1.0

MEME version 4

ALPHABET= ACGT

MOTIF chr9:79027786-79027811

letter-probability matrix: alength= 4 w= 25
	0.0	0.5	0.0	0.5
	0.0	0.0	0.0	1.0
	0.0	1.0	0.0	0.0
	1.0	0.0	0.0	0.0
	0.0	0.5	0.5	0.0
	0.5	0.0	0.0	0.5
	0.0	1.0	0.0	0.0
	0.0	1.0	0.0	0.0
	0.0	1.0	0.0	0.0
	0.5	0.5	0.0	0.0
	1.0	0.0	0.0	0.0
	0.5	0.5	0.0	0.0
	0.5	0.0	0.0	0.5
	0.5	0.0	0.0	0.5
	0.5	0.0	0.5	0.0
	1.0	0.0	0.0	0.0
	1.0	0.0	0.0	0.0
	0.0	0.0	1.0	0.0
	0.0	0.0	1.0	0.0
	0.0	0.0	0.5	0.5
	0.5	0.0	0.0	0.5
	0.0	0.0	0.0	1.0
	0.0	0.0	0.0	1.0
	0.0	0.0	0.5	0.5
	0.0	0.0	1.0	0.0

MEME version 4

ALPHABET= ACGT

MOTIF chr7:2420838-2420848

letter-probability matrix: alength= 4 w= 10
	0.0	0.0	0.0	1.0
	0.0	0.0	0.0	1.0
	0.0	0.0	0.0	1.0
	0.0	0.0	0.0	1.0
	0.0	0.0	0.25	0.75
	0.0	0.0	0.75	0.25
	0.0	0.0	0.0	1.0
	0.25	0.25	0.25	0.25
	0.0	0.0	0.0	1.0
	0.0	0.0	0.0	1.0

MEME version 4

ALPHABET= ACGT

MOTIF chr7:2370149-2370174

letter-probability matrix: alength= 4 w= 25
	0.0	0.5	0.0	0.5
	0.0	0.0	0.0	1.0
	0.0	1.0	0.0	0.0
	1.0	0.0	0.0	0.0
	0.0	0.5	0.5	0.0
	0.5	0.0	0.0	0.5
	0.0	1.0	0.0	0.0
	0.0	1.0	0.0	0.0
	0.0	1.0	0.0	0.0
	0.5	0.5	0.0	0.0
	1.0	0.0	0.0	0.0
	0.5	0.5	0.0	0.0
	0.5	0.0	0.0	0.5
	0.5	0.0	0.0	0.5
	0.5	0.0	0.5	0.0
	1.0	0.0	0.0	0.0
	1.0	0.0	0.0	0.0
	0.0	0.0	1.0	0.0
	0.0	0.0	1.0	0.0
	0.0	0.0	0.5	0.5
	0.5	0.0	0.0	0.5
	0.0	0.0	0.0	1.0
	0.0	0.0	0.0	1.0
	0.0	0.0	0.5	0.5
	0.0	0.0	1.0	0.0

MEME version 4

ALPHABET= ACGT

MOTIF chr6:26018803-26018813

letter-probability matrix: alength= 4 w= 10
	0.0	0.0	0.0	1.0
	0.0	0.0	0.0	1.0
	0.0	0.0	0.0	1.0
	0.0	0.0	0.0	1.0
	0.0	0.0	0.25	0.75
	0.0	0.0	0.75	0.25
	0.0	0.0	0.0	1.0
	0.25	0.25	0.25	0.25
	0.0	0.0	0.0	1.0
	0.0	0.0	0.0	1.0

MEME version 4

ALPHABET= ACGT

MOTIF chr6:26007907-26007932

letter-probability matrix: alength= 4 w= 25
	0.0	0.5	0.0	0.5
	0.0	0.0	0.0	1.0
	0.0	1.0	0.0	0.0
	1.0	0.0	0.0	0.0
	0.0	0.5	0.5	0.0
	0.5	0.0	0.0	0.5
	0.0	1.0	0.0	0.0
	0.0	1.0	0.0	0.0
	0.0	1.0	0.0	0.0
	0.5	0.5	0.0	0.0
	1.0	0.0	0.0	0.0
	0.5	0.5	0.0	0.0
	0.5	0.0	0.0	0.5
	0.5	0.0	0.0	0.5
	0.5	0.0	0.5	0.0
	1.0	0.0	0.0	0.0
	1.0	0.0	0.0	0.0
	0.0	0.0	1.0	0.0
	0.0	0.0	1.0	0.0
	0.0	0.0	0.5	0.5
	0.5	0.0	0.0	0.5
	0.0	0.0	0.0	1.0
	0.0	0.0	0.0	1.0
	0.0	0.0	0.5	0.5
	0.0	0.0	1.0	0.0

MEME version 4

ALPHABET= ACGT

MOTIF chr1:29138190-29138200

letter-probability matrix: alength= 4 w= 10
	0.0	0.0	0.0	1.0
	0.0	0.0	0.0	1.0
	0.0	0.0	0.0	1.0
	0.0	0.0	0.0	1.0
	0.0	0.0	0.25	0.75
	0.0	0.0	0.75	0.25
	0.0	0.0	0.0	1.0
	0.25	0.25	0.25	0.25
	0.0	0.0	0.0	1.0
	0.0	0.0	0.0	1.0

MEME version 4

ALPHABET= ACGT

MOTIF chr1:29102702-29102727

letter-probability matrix: alength= 4 w= 25
	0.0	0.5	0.0	0.5
	0.0	0.0	0.0	1.0
	0.0	1.0	0.0	0.0
	1.0	0.0	0.0	0.0
	0.0	0.5	0.5	0.0
	0.5	0.0	0.0	0.5
	0.0	1.0	0.0	0.0
	0.0	1.0	0.0	0.0
	0.0	1.0	0.0	0.0
	0.5	0.5	0.0	0.0
	1.0	0.0	0.0	0.0
	0.5	0.5	0.0	0.0
	0.5	0.0	0.0	0.5
	0.5	0.0	0.0	0.5
	0.5	0.0	0.5	0.0
	1.0	0.0	0.0	0.0
	1.0	0.0	0.0	0.0
	0.0	0.0	1.0	0.0
	0.0	0.0	1.0	0.0
	0.0	0.0	0.5	0.5
	0.5	0.0	0.0	0.5
	0.0	0.0	0.0	1.0
	0.0	0.0	0.0	1.0
	0.0	0.0	0.5	0.5
	0.0	0.0	1.0	0.0

MEME version 4

ALPHABET= ACGT

MOTIF chr15:75758521-75758531

letter-probability matrix: alength= 4 w= 10
	0.0	0.0	0.0	1.0
	0.0	0.0	0.0	1.0
	0.0	0.0	0.0	1.0
	0.0	0.0	0.0	1.0
	0.0	0.0	0.25	0.75
	0.0	0.0	0.75	0.25
	0.0	0.0	0.0	1.0
	0.25	0.25	0.25	0.25
	0.0	0.0	0.0	1.0
	0.0	0.0	0.0	1.0

MEME version 4

ALPHABET= ACGT

MOTIF chr15:75843818-75843843

letter-probability matrix: alength= 4 w= 25
	0.0	0.5	0.0	0.5
	0.0	0.0	0.0	1.0
	0.0	1.0	0.0	0.0
	1.0	0.0	0.0	0.0
	0.0	0.5	0.5	0.0
	0.5	0.0	0.0	0.5
	0.0	1.0	0.0	0.0
	0.0	1.0	0.0	0.0
	0.0	1.0	0.0	0.0
	0.5	0.5	0.0	0.0
	1.0	0.0	0.0	0.0
	0.5	0.5	0.0	0.0
	0.5	0.0	0.0	0.5
	0.5	0.0	0.0	0.5
	0.5	0.0	0.5	0.0
	1.0	0.0	0.0	0.0
	1.0	0.0	0.0	0.0
	0.0	0.0	1.0	0.0
	0.0	0.0	1.0	0.0
	0.0	0.0	0.5	0.5
	0.5	0.0	0.0	0.5
	0.0	0.0	0.0	1.0
	0.0	0.0	0.0	1.0
	0.0	0.0	0.5	0.5
	0.0	0.0	1.0	0.0

MEME version 4

ALPHABET= ACGT

MOTIF chr7:25165965-25165975

letter-probability matrix: alength= 4 w= 10
	0.0	0.0	0.0	1.0
	0.0	0.0	0.0	1.0
	0.0	0.0	0.0	1.0
	0.0	0.0	0.0	1.0
	0.0	0.0	0.25	0.75
	0.0	0.0	0.75	0.25
	0.0	0.0	0.0	1.0
	0.25	0.25	0.25	0.25
	0.0	0.0	0.0	1.0
	0.0	0.0	0.0	1.0

MEME version 4

ALPHABET= ACGT

MOTIF chr7:25112478-25112503

letter-probability matrix: alength= 4 w= 25
	0.0	0.5	0.0	0.5
	0.0	0.0	0.0	1.0
	0.0	1.0	0.0	0.0
	1.0	0.0	0.0	0.0
	0.0	0.5	0.5	0.0
	0.5	0.0	0.0	0.5
	0.0	1.0	0.0	0.0
	0.0	1.0	0.0	0.0
	0.0	1.0	0.0	0.0
	0.5	0.5	0.0	0.0
	1.0	0.0	0.0	0.0
	0.5	0.5	0.0	0.0
	0.5	0.0	0.0	0.5
	0.5	0.0	0.0	0.5
	0.5	0.0	0.5	0.0
	1.0	0.0	0.0	0.0
	1.0	0.0	0.0	0.0
	0.0	0.0	1.0	0.0
	0.0	0.0	1.0	0.0
	0.0	0.0	0.5	0.5
	0.5	0.0	0.0	0.5
	0.0	0.0	0.0	1.0
	0.0	0.0	0.0	1.0
	0.0	0.0	0.5	0.5
	0.0	0.0	1.0	0.0

MEME version 4

ALPHABET= ACGT

MOTIF chr22:21128125-21128135

letter-probability matrix: alength= 4 w= 10
	0.0	0.0	0.0	1.0
	0.0	0.0	0.0	1.0
	0.0	0.0	0.0	1.0
	0.0	0.0	0.0	1.0
	0.0	0.0	0.25	0.75
	0.0	0.0	0.75	0.25
	0.0	0.0	0.0	1.0
	0.25	0.25	0.25	0.25
	0.0	0.0	0.0	1.0
	0.0	0.0	0.0	1.0

MEME version 4

ALPHABET= ACGT

MOTIF chr22:21123300-21123325

letter-probability matrix: alength= 4 w= 25
	0.0	0.5	0.0	0.5
	0.0	0.0	0.0	1.0
	0.0	1.0	0.0	0.0
	1.0	0.0	0.0	0.0
	0.0	0.5	0.5	0.0
	0.5	0.0	0.0	0.5
	0.0	1.0	0.0	0.0
	0.0	1.0	0.0	0.0
	0.0	1.0	0.0	0.0
	0.5	0.5	0.0	0.0
	1.0	0.0	0.0	0.0
	0.5	0.5	0.0	0.0
	0.5	0.0	0.0	0.5
	0.5	0.0	0.0	0.5
	0.5	0.0	0.5	0.0
	1.0	0.0	0.0	0.0
	1.0	0.0	0.0	0.0
	0.0	0.0	1.0	0.0
	0.0	0.0	1.0	0.0
	0.0	0.0	0.5	0.5
	0.5	0.0	0.0	0.5
	0.0	0.0	0.0	1.0
	0.0	0.0	0.0	1.0
	0.0	0.0	0.5	0.5
	0.0	0.0	1.0	0.0

MEME version 4

ALPHABET= ACGT

MOTIF chr12:105500265-105500275

letter-probability matrix: alength= 4 w= 10
	0.0	0.0	0.0	1.0
	0.0	0.0	0.0	1.0
	0.0	0.0	0.0	1.0
	0.0	0.0	0.0	1.0
	0.0	0.0	0.25	0.75
	0.0	0.0	0.75	0.25
	0.0	0.0	0.0	1.0
	0.25	0.25	0.25	0.25
	0.0	0.0	0.0	1.0
	0.0	0.0	0.0	1.0

MEME version 4

ALPHABET= ACGT

MOTIF chr12:105495076-105495101

letter-probability matrix: alength= 4 w= 25
	0.0	0.5	0.0	0.5
	0.0	0.0	0.0	1.0
	0.0	1.0	0.0	0.0
	1.0	0.0	0.0	0.0
	0.0	0.5	0.5	0.0
	0.5	0.0	0.0	0.5
	0.0	1.0	0.0	0.0
	0.0	1.0	0.0	0.0
	0.0	1.0	0.0	0.0
	0.5	0.5	0.0	0.0
	1.0	0.0	0.0	0.0
	0.5	0.5	0.0	0.0
	0.5	0.0	0.0	0.5
	0.5	0.0	0.0	0.5
	0.5	0.0	0.5	0.0
	1.0	0.0	0.0	0.0
	1.0	0.0	0.0	0.0
	0.0	0.0	1.0	0.0
	0.0	0.0	1.0	0.0
	0.0	0.0	0.5	0.5
	0.5	0.0	0.0	0.5
	0.0	0.0	0.0	1.0
	0.0	0.0	0.0	1.0
	0.0	0.0	0.5	0.5
	0.0	0.0	1.0	0.0

MEME version 4

ALPHABET= ACGT

MOTIF chr8:74903275-74903285

letter-probability matrix: alength= 4 w= 10
	0.0	0.0	0.0	1.0
	0.0	0.0	0.0	1.0
	0.0	0.0	0.0	1.0
	0.0	0.0	0.0	1.0
	0.0	0.0	0.25	0.75
	0.0	0.0	0.75	0.25
	0.0	0.0	0.0	1.0
	0.25	0.25	0.25	0.25
	0.0	0.0	0.0	1.0
	0.0	0.0	0.0	1.0

MEME version 4

ALPHABET= ACGT

MOTIF chr8:74909344-74909369

letter-probability matrix: alength= 4 w= 25
	0.0	0.5	0.0	0.5
	0.0	0.0	0.0	1.0
	0.0	1.0	0.0	0.0
	1.0	0.0	0.0	0.0
	0.0	0.5	0.5	0.0
	0.5	0.0	0.0	0.5
	0.0	1.0	0.0	0.0
	0.0	1.0	0.0	0.0
	0.0	1.0	0.0	0.0
	0.5	0.5	0.0	0.0
	1.0	0.0	0.0	0.0
	0.5	0.5	0.0	0.0
	0.5	0.0	0.0	0.5
	0.5	0.0	0.0	0.5
	0.5	0.0	0.5	0.0
	1.0	0.0	0.0	0.0
	1.0	0.0	0.0	0.0
	0.0	0.0	1.0	0.0
	0.0	0.0	1.0	0.0
	0.0	0.0	0.5	0.5
	0.5	0.0	0.0	0.5
	0.0	0.0	0.0	1.0
	0.0	0.0	0.0	1.0
	0.0	0.0	0.5	0.5
	0.0	0.0	1.0	0.0

MEME version 4

ALPHABET= ACGT

MOTIF chr5:148736650-148736660

letter-probability matrix: alength= 4 w= 10
	0.0	0.0	0.0	1.0
	0.0	0.0	0.0	1.0
	0.0	0.0	0.0	1.0
	0.0	0.0	0.0	1.0
	0.0	0.0	0.25	0.75
	0.0	0.0	0.75	0.25
	0.0	0.0	0.0	1.0
	0.25	0.25	0.25	0.25
	0.0	0.0	0.0	1.0
	0.0	0.0	0.0	1.0

MEME version 4

ALPHABET= ACGT

MOTIF chr5:148724294-148724319

letter-probability matrix: alength= 4 w= 25
	0.0	0.5	0.0	0.5
	0.0	0.0	0.0	1.0
	0.0	1.0	0.0	0.0
	1.0	0.0	0.0	0.0
	0.0	0.5	0.5	0.0
	0.5	0.0	0.0	0.5
	0.0	1.0	0.0	0.0
	0.0	1.0	0.0	0.0
	0.0	1.0	0.0	0.0
	0.5	0.5	0.0	0.0
	1.0	0.0	0.0	0.0
	0.5	0.5	0.0	0.0
	0.5	0.0	0.0	0.5
	0.5	0.0	0.0	0.5
	0.5	0.0	0.5	0.0
	1.0	0.0	0.0	0.0
	1.0	0.0	0.0	0.0
	0.0	0.0	1.0	0.0
	0.0	0.0	1.0	0.0
	0.0	0.0	0.5	0.5
	0.5	0.0	0.0	0.5
	0.0	0.0	0.0	1.0
	0.0	0.0	0.0	1.0
	0.0	0.0	0.5	0.5
	0.0	0.0	1.0	0.0

MEME version 4

ALPHABET= ACGT

MOTIF chr19:17419344-17419354

letter-probability matrix: alength= 4 w= 10
	0.0	0.0	0.0	1.0
	0.0	0.0	0.0	1.0
	0.0	0.0	0.0	1.0
	0.0	0.0	0.0	1.0
	0.0	0.0	0.25	0.75
	0.0	0.0	0.75	0.25
	0.0	0.0	0.0	1.0
	0.25	0.25	0.25	0.25
	0.0	0.0	0.0	1.0
	0.0	0.0	0.0	1.0

MEME version 4

ALPHABET= ACGT

MOTIF chr19:17443132-17443157

letter-probability matrix: alength= 4 w= 25
	0.0	0.5	0.0	0.5
	0.0	0.0	0.0	1.0
	0.0	1.0	0.0	0.0
	1.0	0.0	0.0	0.0
	0.0	0.5	0.5	0.0
	0.5	0.0	0.0	0.5
	0.0	1.0	0.0	0.0
	0.0	1.0	0.0	0.0
	0.0	1.0	0.0	0.0
	0.5	0.5	0.0	0.0
	1.0	0.0	0.0	0.0
	0.5	0.5	0.0	0.0
	0.5	0.0	0.0	0.5
	0.5	0.0	0.0	0.5
	0.5	0.0	0.5	0.0
	1.0	0.0	0.0	0.0
	1.0	0.0	0.0	0.0
	0.0	0.0	1.0	0.0
	0.0	0.0	1.0	0.0
	0.0	0.0	0.5	0.5
	0.5	0.0	0.0	0.5
	0.0	0.0	0.0	1.0
	0.0	0.0	0.0	1.0
	0.0	0.0	0.5	0.5
	0.0	0.0	1.0	0.0

MEME version 4

ALPHABET= ACGT

MOTIF chr12:133263351-133263361

letter-probability matrix: alength= 4 w= 10
	0.0	0.0	0.0	1.0
	0.0	0.0	0.0	1.0
	0.0	0.0	0.0	1.0
	0.0	0.0	0.0	1.0
	0.0	0.0	0.25	0.75
	0.0	0.0	0.75	0.25
	0.0	0.0	0.0	1.0
	0.25	0.25	0.25	0.25
	0.0	0.0	0.0	1.0
	0.0	0.0	0.0	1.0

MEME version 4

ALPHABET= ACGT

MOTIF chr12:133217092-133217117

letter-probability matrix: alength= 4 w= 25
	0.0	0.5	0.0	0.5
	0.0	0.0	0.0	1.0
	0.0	1.0	0.0	0.0
	1.0	0.0	0.0	0.0
	0.0	0.5	0.5	0.0
	0.5	0.0	0.0	0.5
	0.0	1.0	0.0	0.0
	0.0	1.0	0.0	0.0
	0.0	1.0	0.0	0.0
	0.5	0.5	0.0	0.0
	1.0	0.0	0.0	0.0
	0.5	0.5	0.0	0.0
	0.5	0.0	0.0	0.5
	0.5	0.0	0.0	0.5
	0.5	0.0	0.5	0.0
	1.0	0.0	0.0	0.0
	1.0	0.0	0.0	0.0
	0.0	0.0	1.0	0.0
	0.0	0.0	1.0	0.0
	0.0	0.0	0.5	0.5
	0.5	0.0	0.0	0.5
	0.0	0.0	0.0	1.0
	0.0	0.0	0.0	1.0
	0.0	0.0	0.5	0.5
	0.0	0.0	1.0	0.0

MEME version 4

ALPHABET= ACGT

MOTIF chr5:10226272-10226282

letter-probability matrix: alength= 4 w= 10
	0.0	0.0	0.0	1.0
	0.0	0.0	0.0	1.0
	0.0	0.0	0.0	1.0
	0.0	0.0	0.0	1.0
	0.0	0.0	0.25	0.75
	0.0	0.0	0.75	0.25
	0.0	0.0	0.0	1.0
	0.25	0.25	0.25	0.25
	0.0	0.0	0.0	1.0
	0.0	0.0	0.0	1.0

MEME version 4

ALPHABET= ACGT

MOTIF chr5:10276049-10276074

letter-probability matrix: alength= 4 w= 25
	0.0	0.5	0.0	0.5
	0.0	0.0	0.0	1.0
	0.0	1.0	0.0	0.0
	1.0	0.0	0.0	0.0
	0.0	0.5	0.5	0.0
	0.5	0.0	0.0	0.5
	0.0	1.0	0.0	0.0
	0.0	1.0	0.0	0.0
	0.0	1.0	0.0	0.0
	0.5	0.5	0.0	0.0
	1.0	0.0	0.0	0.0
	0.5	0.5	0.0	0.0
	0.5	0.0	0.0	0.5
	0.5	0.0	0.0	0.5
	0.5	0.0	0.5	0.0
	1.0	0.0	0.0	0.0
	1.0	0.0	0.0	0.0
	0.0	0.0	1.0	0.0
	0.0	0.0	1.0	0.0
	0.0	0.0	0.5	0.5
	0.5	0.0	0.0	0.5
	0.0	0.0	0.0	1.0
	0.0	0.0	0.0	1.0
	0.0	0.0	0.5	0.5
	0.0	0.0	1.0	0.0

MEME version 4

ALPHABET= ACGT

MOTIF chr19:12786178-12786188

letter-probability matrix: alength= 4 w= 10
	0.0	0.0	0.0	1.0
	0.0	0.0	0.0	1.0
	0.0	0.0	0.0	1.0
	0.0	0.0	0.0	1.0
	0.0	0.0	0.25	0.75
	0.0	0.0	0.75	0.25
	0.0	0.0	0.0	1.0
	0.25	0.25	0.25	0.25
	0.0	0.0	0.0	1.0
	0.0	0.0	0.0	1.0

MEME version 4

ALPHABET= ACGT

MOTIF chr19:12802558-12802583

letter-probability matrix: alength= 4 w= 25
	0.0	0.5	0.0	0.5
	0.0	0.0	0.0	1.0
	0.0	1.0	0.0	0.0
	1.0	0.0	0.0	0.0
	0.0	0.5	0.5	0.0
	0.5	0.0	0.0	0.5
	0.0	1.0	0.0	0.0
	0.0	1.0	0.0	0.0
	0.0	1.0	0.0	0.0
	0.5	0.5	0.0	0.0
	1.0	0.0	0.0	0.0
	0.5	0.5	0.0	0.0
	0.5	0.0	0.0	0.5
	0.5	0.0	0.0	0.5
	0.5	0.0	0.5	0.0
	1.0	0.0	0.0	0.0
	1.0	0.0	0.0	0.0
	0.0	0.0	1.0	0.0
	0.0	0.0	1.0	0.0
	0.0	0.0	0.5	0.5
	0.5	0.0	0.0	0.5
	0.0	0.0	0.0	1.0
	0.0	0.0	0.0	1.0
	0.0	0.0	0.5	0.5
	0.0	0.0	1.0	0.0

MEME version 4

ALPHABET= ACGT

MOTIF chr4:74865234-74865244

letter-probability matrix: alength= 4 w= 10
	0.0	0.0	0.0	1.0
	0.0	0.0	0.0	1.0
	0.0	0.0	0.0	1.0
	0.0	0.0	0.0	1.0
	0.0	0.0	0.25	0.75
	0.0	0.0	0.75	0.25
	0.0	0.0	0.0	1.0
	0.25	0.25	0.25	0.25
	0.0	0.0	0.0	1.0
	0.0	0.0	0.0	1.0

MEME version 4

ALPHABET= ACGT

MOTIF chr4:74855069-74855094

letter-probability matrix: alength= 4 w= 25
	0.0	0.5	0.0	0.5
	0.0	0.0	0.0	1.0
	0.0	1.0	0.0	0.0
	1.0	0.0	0.0	0.0
	0.0	0.5	0.5	0.0
	0.5	0.0	0.0	0.5
	0.0	1.0	0.0	0.0
	0.0	1.0	0.0	0.0
	0.0	1.0	0.0	0.0
	0.5	0.5	0.0	0.0
	1.0	0.0	0.0	0.0
	0.5	0.5	0.0	0.0
	0.5	0.0	0.0	0.5
	0.5	0.0	0.0	0.5
	0.5	0.0	0.5	0.0
	1.0	0.0	0.0	0.0
	1.0	0.0	0.0	0.0
	0.0	0.0	1.0	0.0
	0.0	0.0	1.0	0.0
	0.0	0.0	0.5	0.5
	0.5	0.0	0.0	0.5
	0.0	0.0	0.0	1.0
	0.0	0.0	0.0	1.0
	0.0	0.0	0.5	0.5
	0.0	0.0	1.0	0.0

MEME version 4

ALPHABET= ACGT

MOTIF chr12:82873210-82873220

letter-probability matrix: alength= 4 w= 10
	0.0	0.0	0.0	1.0
	0.0	0.0	0.0	1.0
	0.0	0.0	0.0	1.0
	0.0	0.0	0.0	1.0
	0.0	0.0	0.25	0.75
	0.0	0.0	0.75	0.25
	0.0	0.0	0.0	1.0
	0.25	0.25	0.25	0.25
	0.0	0.0	0.0	1.0
	0.0	0.0	0.0	1.0

MEME version 4

ALPHABET= ACGT

MOTIF chr12:82744203-82744228

letter-probability matrix: alength= 4 w= 25
	0.0	0.5	0.0	0.5
	0.0	0.0	0.0	1.0
	0.0	1.0	0.0	0.0
	1.0	0.0	0.0	0.0
	0.0	0.5	0.5	0.0
	0.5	0.0	0.0	0.5
	0.0	1.0	0.0	0.0
	0.0	1.0	0.0	0.0
	0.0	1.0	0.0	0.0
	0.5	0.5	0.0	0.0
	1.0	0.0	0.0	0.0
	0.5	0.5	0.0	0.0
	0.5	0.0	0.0	0.5
	0.5	0.0	0.0	0.5
	0.5	0.0	0.5	0.0
	1.0	0.0	0.0	0.0
	1.0	0.0	0.0	0.0
	0.0	0.0	1.0	0.0
	0.0	0.0	1.0	0.0
	0.0	0.0	0.5	0.5
	0.5	0.0	0.0	0.5
	0.0	0.0	0.0	1.0
	0.0	0.0	0.0	1.0
	0.0	0.0	0.5	0.5
	0.0	0.0	1.0	0.0

MEME version 4

ALPHABET= ACGT

MOTIF chr2:135894213-135894223

letter-probability matrix: alength= 4 w= 10
	0.0	0.0	0.0	1.0
	0.0	0.0	0.0	1.0
	0.0	0.0	0.0	1.0
	0.0	0.0	0.0	1.0
	0.0	0.0	0.25	0.75
	0.0	0.0	0.75	0.25
	0.0	0.0	0.0	1.0
	0.25	0.25	0.25	0.25
	0.0	0.0	0.0	1.0
	0.0	0.0	0.0	1.0

MEME version 4

ALPHABET= ACGT

MOTIF chr2:136303297-136303322

letter-probability matrix: alength= 4 w= 25
	0.0	0.5	0.0	0.5
	0.0	0.0	0.0	1.0
	0.0	1.0	0.0	0.0
	1.0	0.0	0.0	0.0
	0.0	0.5	0.5	0.0
	0.5	0.0	0.0	0.5
	0.0	1.0	0.0	0.0
	0.0	1.0	0.0	0.0
	0.0	1.0	0.0	0.0
	0.5	0.5	0.0	0.0
	1.0	0.0	0.0	0.0
	0.5	0.5	0.0	0.0
	0.5	0.0	0.0	0.5
	0.5	0.0	0.0	0.5
	0.5	0.0	0.5	0.0
	1.0	0.0	0.0	0.0
	1.0	0.0	0.0	0.0
	0.0	0.0	1.0	0.0
	0.0	0.0	1.0	0.0
	0.0	0.0	0.5	0.5
	0.5	0.0	0.0	0.5
	0.0	0.0	0.0	1.0
	0.0	0.0	0.0	1.0
	0.0	0.0	0.5	0.5
	0.0	0.0	1.0	0.0

MEME version 4

ALPHABET= ACGT

MOTIF chr7:143012239-143012249

letter-probability matrix: alength= 4 w= 10
	0.0	0.0	0.0	1.0
	0.0	0.0	0.0	1.0
	0.0	0.0	0.0	1.0
	0.0	0.0	0.0	1.0
	0.0	0.0	0.25	0.75
	0.0	0.0	0.75	0.25
	0.0	0.0	0.0	1.0
	0.25	0.25	0.25	0.25
	0.0	0.0	0.0	1.0
	0.0	0.0	0.0	1.0

MEME version 4

ALPHABET= ACGT

MOTIF chr7:143004015-143004040

letter-probability matrix: alength= 4 w= 25
	0.0	0.5	0.0	0.5
	0.0	0.0	0.0	1.0
	0.0	1.0	0.0	0.0
	1.0	0.0	0.0	0.0
	0.0	0.5	0.5	0.0
	0.5	0.0	0.0	0.5
	0.0	1.0	0.0	0.0
	0.0	1.0	0.0	0.0
	0.0	1.0	0.0	0.0
	0.5	0.5	0.0	0.0
	1.0	0.0	0.0	0.0
	0.5	0.5	0.0	0.0
	0.5	0.0	0.0	0.5
	0.5	0.0	0.0	0.5
	0.5	0.0	0.5	0.0
	1.0	0.0	0.0	0.0
	1.0	0.0	0.0	0.0
	0.0	0.0	1.0	0.0
	0.0	0.0	1.0	0.0
	0.0	0.0	0.5	0.5
	0.5	0.0	0.0	0.5
	0.0	0.0	0.0	1.0
	0.0	0.0	0.0	1.0
	0.0	0.0	0.5	0.5
	0.0	0.0	1.0	0.0

MEME version 4

ALPHABET= ACGT

MOTIF chr2:136288855-136288865

letter-probability matrix: alength= 4 w= 10
	0.0	0.0	0.0	1.0
	0.0	0.0	0.0	1.0
	0.0	0.0	0.0	1.0
	0.0	0.0	0.0	1.0
	0.0	0.0	0.25	0.75
	0.0	0.0	0.75	0.25
	0.0	0.0	0.0	1.0
	0.25	0.25	0.25	0.25
	0.0	0.0	0.0	1.0
	0.0	0.0	0.0	1.0

MEME version 4

ALPHABET= ACGT

MOTIF chr2:136303297-136303322

letter-probability matrix: alength= 4 w= 25
	0.0	0.5	0.0	0.5
	0.0	0.0	0.0	1.0
	0.0	1.0	0.0	0.0
	1.0	0.0	0.0	0.0
	0.0	0.5	0.5	0.0
	0.5	0.0	0.0	0.5
	0.0	1.0	0.0	0.0
	0.0	1.0	0.0	0.0
	0.0	1.0	0.0	0.0
	0.5	0.5	0.0	0.0
	1.0	0.0	0.0	0.0
	0.5	0.5	0.0	0.0
	0.5	0.0	0.0	0.5
	0.5	0.0	0.0	0.5
	0.5	0.0	0.5	0.0
	1.0	0.0	0.0	0.0
	1.0	0.0	0.0	0.0
	0.0	0.0	1.0	0.0
	0.0	0.0	1.0	0.0
	0.0	0.0	0.5	0.5
	0.5	0.0	0.0	0.5
	0.0	0.0	0.0	1.0
	0.0	0.0	0.0	1.0
	0.0	0.0	0.5	0.5
	0.0	0.0	1.0	0.0

MEME version 4

ALPHABET= ACGT

MOTIF chr6:31550550-31550560

letter-probability matrix: alength= 4 w= 10
	0.0	0.0	0.0	1.0
	0.0	0.0	0.0	1.0
	0.0	0.0	0.0	1.0
	0.0	0.0	0.0	1.0
	0.0	0.0	0.25	0.75
	0.0	0.0	0.75	0.25
	0.0	0.0	0.0	1.0
	0.25	0.25	0.25	0.25
	0.0	0.0	0.0	1.0
	0.0	0.0	0.0	1.0

MEME version 4

ALPHABET= ACGT

MOTIF chr6:31567548-31567573

letter-probability matrix: alength= 4 w= 25
	0.0	0.5	0.0	0.5
	0.0	0.0	0.0	1.0
	0.0	1.0	0.0	0.0
	1.0	0.0	0.0	0.0
	0.0	0.5	0.5	0.0
	0.5	0.0	0.0	0.5
	0.0	1.0	0.0	0.0
	0.0	1.0	0.0	0.0
	0.0	1.0	0.0	0.0
	0.5	0.5	0.0	0.0
	1.0	0.0	0.0	0.0
	0.5	0.5	0.0	0.0
	0.5	0.0	0.0	0.5
	0.5	0.0	0.0	0.5
	0.5	0.0	0.5	0.0
	1.0	0.0	0.0	0.0
	1.0	0.0	0.0	0.0
	0.0	0.0	1.0	0.0
	0.0	0.0	1.0	0.0
	0.0	0.0	0.5	0.5
	0.5	0.0	0.0	0.5
	0.0	0.0	0.0	1.0
	0.0	0.0	0.0	1.0
	0.0	0.0	0.5	0.5
	0.0	0.0	1.0	0.0

MEME version 4

ALPHABET= ACGT

MOTIF chr22:50946018-50946028

letter-probability matrix: alength= 4 w= 10
	0.0	0.0	0.0	1.0
	0.0	0.0	0.0	1.0
	0.0	0.0	0.0	1.0
	0.0	0.0	0.0	1.0
	0.0	0.0	0.25	0.75
	0.0	0.0	0.75	0.25
	0.0	0.0	0.0	1.0
	0.25	0.25	0.25	0.25
	0.0	0.0	0.0	1.0
	0.0	0.0	0.0	1.0

MEME version 4

ALPHABET= ACGT

MOTIF chr22:50935867-50935892

letter-probability matrix: alength= 4 w= 25
	0.0	0.5	0.0	0.5
	0.0	0.0	0.0	1.0
	0.0	1.0	0.0	0.0
	1.0	0.0	0.0	0.0
	0.0	0.5	0.5	0.0
	0.5	0.0	0.0	0.5
	0.0	1.0	0.0	0.0
	0.0	1.0	0.0	0.0
	0.0	1.0	0.0	0.0
	0.5	0.5	0.0	0.0
	1.0	0.0	0.0	0.0
	0.5	0.5	0.0	0.0
	0.5	0.0	0.0	0.5
	0.5	0.0	0.0	0.5
	0.5	0.0	0.5	0.0
	1.0	0.0	0.0	0.0
	1.0	0.0	0.0	0.0
	0.0	0.0	1.0	0.0
	0.0	0.0	1.0	0.0
	0.0	0.0	0.5	0.5
	0.5	0.0	0.0	0.5
	0.0	0.0	0.0	1.0
	0.0	0.0	0.0	1.0
	0.0	0.0	0.5	0.5
	0.0	0.0	1.0	0.0

MEME version 4

ALPHABET= ACGT

MOTIF chr6:112407841-112407851

letter-probability matrix: alength= 4 w= 10
	0.0	0.0	0.0	1.0
	0.0	0.0	0.0	1.0
	0.0	0.0	0.0	1.0
	0.0	0.0	0.0	1.0
	0.0	0.0	0.25	0.75
	0.0	0.0	0.75	0.25
	0.0	0.0	0.0	1.0
	0.25	0.25	0.25	0.25
	0.0	0.0	0.0	1.0
	0.0	0.0	0.0	1.0

MEME version 4

ALPHABET= ACGT

MOTIF chr6:112439155-112439180

letter-probability matrix: alength= 4 w= 25
	0.0	0.5	0.0	0.5
	0.0	0.0	0.0	1.0
	0.0	1.0	0.0	0.0
	1.0	0.0	0.0	0.0
	0.0	0.5	0.5	0.0
	0.5	0.0	0.0	0.5
	0.0	1.0	0.0	0.0
	0.0	1.0	0.0	0.0
	0.0	1.0	0.0	0.0
	0.5	0.5	0.0	0.0
	1.0	0.0	0.0	0.0
	0.5	0.5	0.0	0.0
	0.5	0.0	0.0	0.5
	0.5	0.0	0.0	0.5
	0.5	0.0	0.5	0.0
	1.0	0.0	0.0	0.0
	1.0	0.0	0.0	0.0
	0.0	0.0	1.0	0.0
	0.0	0.0	1.0	0.0
	0.0	0.0	0.5	0.5
	0.5	0.0	0.0	0.5
	0.0	0.0	0.0	1.0
	0.0	0.0	0.0	1.0
	0.0	0.0	0.5	0.5
	0.0	0.0	1.0	0.0

MEME version 4

ALPHABET= ACGT

MOTIF chr16:28833639-28833649

letter-probability matrix: alength= 4 w= 10
	0.0	0.0	0.0	1.0
	0.0	0.0	0.0	1.0
	0.0	0.0	0.0	1.0
	0.0	0.0	0.0	1.0
	0.0	0.0	0.25	0.75
	0.0	0.0	0.75	0.25
	0.0	0.0	0.0	1.0
	0.25	0.25	0.25	0.25
	0.0	0.0	0.0	1.0
	0.0	0.0	0.0	1.0

MEME version 4

ALPHABET= ACGT

MOTIF chr16:28814157-28814182

letter-probability matrix: alength= 4 w= 25
	0.0	0.5	0.0	0.5
	0.0	0.0	0.0	1.0
	0.0	1.0	0.0	0.0
	1.0	0.0	0.0	0.0
	0.0	0.5	0.5	0.0
	0.5	0.0	0.0	0.5
	0.0	1.0	0.0	0.0
	0.0	1.0	0.0	0.0
	0.0	1.0	0.0	0.0
	0.5	0.5	0.0	0.0
	1.0	0.0	0.0	0.0
	0.5	0.5	0.0	0.0
	0.5	0.0	0.0	0.5
	0.5	0.0	0.0	0.5
	0.5	0.0	0.5	0.0
	1.0	0.0	0.0	0.0
	1.0	0.0	0.0	0.0
	0.0	0.0	1.0	0.0
	0.0	0.0	1.0	0.0
	0.0	0.0	0.5	0.5
	0.5	0.0	0.0	0.5
	0.0	0.0	0.0	1.0
	0.0	0.0	0.0	1.0
	0.0	0.0	0.5	0.5
	0.0	0.0	1.0	0.0

MEME version 4

ALPHABET= ACGT

MOTIF chr19:14164046-14164056

letter-probability matrix: alength= 4 w= 10
	0.0	0.0	0.0	1.0
	0.0	0.0	0.0	1.0
	0.0	0.0	0.0	1.0
	0.0	0.0	0.0	1.0
	0.0	0.0	0.25	0.75
	0.0	0.0	0.75	0.25
	0.0	0.0	0.0	1.0
	0.25	0.25	0.25	0.25
	0.0	0.0	0.0	1.0
	0.0	0.0	0.0	1.0

MEME version 4

ALPHABET= ACGT

MOTIF chr19:14177085-14177110

letter-probability matrix: alength= 4 w= 25
	0.0	0.5	0.0	0.5
	0.0	0.0	0.0	1.0
	0.0	1.0	0.0	0.0
	1.0	0.0	0.0	0.0
	0.0	0.5	0.5	0.0
	0.5	0.0	0.0	0.5
	0.0	1.0	0.0	0.0
	0.0	1.0	0.0	0.0
	0.0	1.0	0.0	0.0
	0.5	0.5	0.0	0.0
	1.0	0.0	0.0	0.0
	0.5	0.5	0.0	0.0
	0.5	0.0	0.0	0.5
	0.5	0.0	0.0	0.5
	0.5	0.0	0.5	0.0
	1.0	0.0	0.0	0.0
	1.0	0.0	0.0	0.0
	0.0	0.0	1.0	0.0
	0.0	0.0	1.0	0.0
	0.0	0.0	0.5	0.5
	0.5	0.0	0.0	0.5
	0.0	0.0	0.0	1.0
	0.0	0.0	0.0	1.0
	0.0	0.0	0.5	0.5
	0.0	0.0	1.0	0.0

MEME version 4

ALPHABET= ACGT

MOTIF chr16:4524119-4524129

letter-probability matrix: alength= 4 w= 10
	0.0	0.0	0.0	1.0
	0.0	0.0	0.0	1.0
	0.0	0.0	0.0	1.0
	0.0	0.0	0.0	1.0
	0.0	0.0	0.25	0.75
	0.0	0.0	0.75	0.25
	0.0	0.0	0.0	1.0
	0.25	0.25	0.25	0.25
	0.0	0.0	0.0	1.0
	0.0	0.0	0.0	1.0

MEME version 4

ALPHABET= ACGT

MOTIF chr16:4477036-4477061

letter-probability matrix: alength= 4 w= 25
	0.0	0.5	0.0	0.5
	0.0	0.0	0.0	1.0
	0.0	1.0	0.0	0.0
	1.0	0.0	0.0	0.0
	0.0	0.5	0.5	0.0
	0.5	0.0	0.0	0.5
	0.0	1.0	0.0	0.0
	0.0	1.0	0.0	0.0
	0.0	1.0	0.0	0.0
	0.5	0.5	0.0	0.0
	1.0	0.0	0.0	0.0
	0.5	0.5	0.0	0.0
	0.5	0.0	0.0	0.5
	0.5	0.0	0.0	0.5
	0.5	0.0	0.5	0.0
	1.0	0.0	0.0	0.0
	1.0	0.0	0.0	0.0
	0.0	0.0	1.0	0.0
	0.0	0.0	1.0	0.0
	0.0	0.0	0.5	0.5
	0.5	0.0	0.0	0.5
	0.0	0.0	0.0	1.0
	0.0	0.0	0.0	1.0
	0.0	0.0	0.5	0.5
	0.0	0.0	1.0	0.0

MEME version 4

ALPHABET= ACGT

MOTIF chr10:126481099-126481109

letter-probability matrix: alength= 4 w= 10
	0.0	0.0	0.0	1.0
	0.0	0.0	0.0	1.0
	0.0	0.0	0.0	1.0
	0.0	0.0	0.0	1.0
	0.0	0.0	0.25	0.75
	0.0	0.0	0.75	0.25
	0.0	0.0	0.0	1.0
	0.25	0.25	0.25	0.25
	0.0	0.0	0.0	1.0
	0.0	0.0	0.0	1.0

MEME version 4

ALPHABET= ACGT

MOTIF chr10:126503709-126503734

letter-probability matrix: alength= 4 w= 25
	0.0	0.5	0.0	0.5
	0.0	0.0	0.0	1.0
	0.0	1.0	0.0	0.0
	1.0	0.0	0.0	0.0
	0.0	0.5	0.5	0.0
	0.5	0.0	0.0	0.5
	0.0	1.0	0.0	0.0
	0.0	1.0	0.0	0.0
	0.0	1.0	0.0	0.0
	0.5	0.5	0.0	0.0
	1.0	0.0	0.0	0.0
	0.5	0.5	0.0	0.0
	0.5	0.0	0.0	0.5
	0.5	0.0	0.0	0.5
	0.5	0.0	0.5	0.0
	1.0	0.0	0.0	0.0
	1.0	0.0	0.0	0.0
	0.0	0.0	1.0	0.0
	0.0	0.0	1.0	0.0
	0.0	0.0	0.5	0.5
	0.5	0.0	0.0	0.5
	0.0	0.0	0.0	1.0
	0.0	0.0	0.0	1.0
	0.0	0.0	0.5	0.5
	0.0	0.0	1.0	0.0

MEME version 4

ALPHABET= ACGT

MOTIF chr17:79641560-79641570

letter-probability matrix: alength= 4 w= 10
	0.0	0.0	0.0	1.0
	0.0	0.0	0.0	1.0
	0.0	0.0	0.0	1.0
	0.0	0.0	0.0	1.0
	0.0	0.0	0.25	0.75
	0.0	0.0	0.75	0.25
	0.0	0.0	0.0	1.0
	0.25	0.25	0.25	0.25
	0.0	0.0	0.0	1.0
	0.0	0.0	0.0	1.0

MEME version 4

ALPHABET= ACGT

MOTIF chr17:79611681-79611706

letter-probability matrix: alength= 4 w= 25
	0.0	0.5	0.0	0.5
	0.0	0.0	0.0	1.0
	0.0	1.0	0.0	0.0
	1.0	0.0	0.0	0.0
	0.0	0.5	0.5	0.0
	0.5	0.0	0.0	0.5
	0.0	1.0	0.0	0.0
	0.0	1.0	0.0	0.0
	0.0	1.0	0.0	0.0
	0.5	0.5	0.0	0.0
	1.0	0.0	0.0	0.0
	0.5	0.5	0.0	0.0
	0.5	0.0	0.0	0.5
	0.5	0.0	0.0	0.5
	0.5	0.0	0.5	0.0
	1.0	0.0	0.0	0.0
	1.0	0.0	0.0	0.0
	0.0	0.0	1.0	0.0
	0.0	0.0	1.0	0.0
	0.0	0.0	0.5	0.5
	0.5	0.0	0.0	0.5
	0.0	0.0	0.0	1.0
	0.0	0.0	0.0	1.0
	0.0	0.0	0.5	0.5
	0.0	0.0	1.0	0.0

MEME version 4

ALPHABET= ACGT

MOTIF chr10:43904653-43904663

letter-probability matrix: alength= 4 w= 10
	0.0	0.0	0.0	1.0
	0.0	0.0	0.0	1.0
	0.0	0.0	0.0	1.0
	0.0	0.0	0.0	1.0
	0.0	0.0	0.25	0.75
	0.0	0.0	0.75	0.25
	0.0	0.0	0.0	1.0
	0.25	0.25	0.25	0.25
	0.0	0.0	0.0	1.0
	0.0	0.0	0.0	1.0

MEME version 4

ALPHABET= ACGT

MOTIF chr10:43908472-43908497

letter-probability matrix: alength= 4 w= 25
	0.0	0.5	0.0	0.5
	0.0	0.0	0.0	1.0
	0.0	1.0	0.0	0.0
	1.0	0.0	0.0	0.0
	0.0	0.5	0.5	0.0
	0.5	0.0	0.0	0.5
	0.0	1.0	0.0	0.0
	0.0	1.0	0.0	0.0
	0.0	1.0	0.0	0.0
	0.5	0.5	0.0	0.0
	1.0	0.0	0.0	0.0
	0.5	0.5	0.0	0.0
	0.5	0.0	0.0	0.5
	0.5	0.0	0.0	0.5
	0.5	0.0	0.5	0.0
	1.0	0.0	0.0	0.0
	1.0	0.0	0.0	0.0
	0.0	0.0	1.0	0.0
	0.0	0.0	1.0	0.0
	0.0	0.0	0.5	0.5
	0.5	0.0	0.0	0.5
	0.0	0.0	0.0	1.0
	0.0	0.0	0.0	1.0
	0.0	0.0	0.5	0.5
	0.0	0.0	1.0	0.0

MEME version 4

ALPHABET= ACGT

MOTIF chr22:42017371-42017381

letter-probability matrix: alength= 4 w= 10
	0.0	0.0	0.0	1.0
	0.0	0.0	0.0	1.0
	0.0	0.0	0.0	1.0
	0.0	0.0	0.0	1.0
	0.0	0.0	0.25	0.75
	0.0	0.0	0.75	0.25
	0.0	0.0	0.0	1.0
	0.25	0.25	0.25	0.25
	0.0	0.0	0.0	1.0
	0.0	0.0	0.0	1.0

MEME version 4

ALPHABET= ACGT

MOTIF chr22:42075830-42075855

letter-probability matrix: alength= 4 w= 25
	0.0	0.5	0.0	0.5
	0.0	0.0	0.0	1.0
	0.0	1.0	0.0	0.0
	1.0	0.0	0.0	0.0
	0.0	0.5	0.5	0.0
	0.5	0.0	0.0	0.5
	0.0	1.0	0.0	0.0
	0.0	1.0	0.0	0.0
	0.0	1.0	0.0	0.0
	0.5	0.5	0.0	0.0
	1.0	0.0	0.0	0.0
	0.5	0.5	0.0	0.0
	0.5	0.0	0.0	0.5
	0.5	0.0	0.0	0.5
	0.5	0.0	0.5	0.0
	1.0	0.0	0.0	0.0
	1.0	0.0	0.0	0.0
	0.0	0.0	1.0	0.0
	0.0	0.0	1.0	0.0
	0.0	0.0	0.5	0.5
	0.5	0.0	0.0	0.5
	0.0	0.0	0.0	1.0
	0.0	0.0	0.0	1.0
	0.0	0.0	0.5	0.5
	0.0	0.0	1.0	0.0

MEME version 4

ALPHABET= ACGT

MOTIF chr19:40853619-40853629

letter-probability matrix: alength= 4 w= 10
	0.0	0.0	0.0	1.0
	0.0	0.0	0.0	1.0
	0.0	0.0	0.0	1.0
	0.0	0.0	0.0	1.0
	0.0	0.0	0.25	0.75
	0.0	0.0	0.75	0.25
	0.0	0.0	0.0	1.0
	0.25	0.25	0.25	0.25
	0.0	0.0	0.0	1.0
	0.0	0.0	0.0	1.0

MEME version 4

ALPHABET= ACGT

MOTIF chr19:40878245-40878270

letter-probability matrix: alength= 4 w= 25
	0.0	0.5	0.0	0.5
	0.0	0.0	0.0	1.0
	0.0	1.0	0.0	0.0
	1.0	0.0	0.0	0.0
	0.0	0.5	0.5	0.0
	0.5	0.0	0.0	0.5
	0.0	1.0	0.0	0.0
	0.0	1.0	0.0	0.0
	0.0	1.0	0.0	0.0
	0.5	0.5	0.0	0.0
	1.0	0.0	0.0	0.0
	0.5	0.5	0.0	0.0
	0.5	0.0	0.0	0.5
	0.5	0.0	0.0	0.5
	0.5	0.0	0.5	0.0
	1.0	0.0	0.0	0.0
	1.0	0.0	0.0	0.0
	0.0	0.0	1.0	0.0
	0.0	0.0	1.0	0.0
	0.0	0.0	0.5	0.5
	0.5	0.0	0.0	0.5
	0.0	0.0	0.0	1.0
	0.0	0.0	0.0	1.0
	0.0	0.0	0.5	0.5
	0.0	0.0	1.0	0.0

MEME version 4

ALPHABET= ACGT

MOTIF chr14:24712169-24712179

letter-probability matrix: alength= 4 w= 10
	0.0	0.0	0.0	1.0
	0.0	0.0	0.0	1.0
	0.0	0.0	0.0	1.0
	0.0	0.0	0.0	1.0
	0.0	0.0	0.25	0.75
	0.0	0.0	0.75	0.25
	0.0	0.0	0.0	1.0
	0.25	0.25	0.25	0.25
	0.0	0.0	0.0	1.0
	0.0	0.0	0.0	1.0

MEME version 4

ALPHABET= ACGT

MOTIF chr14:24684542-24684567

letter-probability matrix: alength= 4 w= 25
	0.0	0.5	0.0	0.5
	0.0	0.0	0.0	1.0
	0.0	1.0	0.0	0.0
	1.0	0.0	0.0	0.0
	0.0	0.5	0.5	0.0
	0.5	0.0	0.0	0.5
	0.0	1.0	0.0	0.0
	0.0	1.0	0.0	0.0
	0.0	1.0	0.0	0.0
	0.5	0.5	0.0	0.0
	1.0	0.0	0.0	0.0
	0.5	0.5	0.0	0.0
	0.5	0.0	0.0	0.5
	0.5	0.0	0.0	0.5
	0.5	0.0	0.5	0.0
	1.0	0.0	0.0	0.0
	1.0	0.0	0.0	0.0
	0.0	0.0	1.0	0.0
	0.0	0.0	1.0	0.0
	0.0	0.0	0.5	0.5
	0.5	0.0	0.0	0.5
	0.0	0.0	0.0	1.0
	0.0	0.0	0.0	1.0
	0.0	0.0	0.5	0.5
	0.0	0.0	1.0	0.0

MEME version 4

ALPHABET= ACGT

MOTIF chr19:40886627-40886637

letter-probability matrix: alength= 4 w= 10
	0.0	0.0	0.0	1.0
	0.0	0.0	0.0	1.0
	0.0	0.0	0.0	1.0
	0.0	0.0	0.0	1.0
	0.0	0.0	0.25	0.75
	0.0	0.0	0.75	0.25
	0.0	0.0	0.0	1.0
	0.25	0.25	0.25	0.25
	0.0	0.0	0.0	1.0
	0.0	0.0	0.0	1.0

MEME version 4

ALPHABET= ACGT

MOTIF chr19:40880419-40880444

letter-probability matrix: alength= 4 w= 25
	0.0	0.5	0.0	0.5
	0.0	0.0	0.0	1.0
	0.0	1.0	0.0	0.0
	1.0	0.0	0.0	0.0
	0.0	0.5	0.5	0.0
	0.5	0.0	0.0	0.5
	0.0	1.0	0.0	0.0
	0.0	1.0	0.0	0.0
	0.0	1.0	0.0	0.0
	0.5	0.5	0.0	0.0
	1.0	0.0	0.0	0.0
	0.5	0.5	0.0	0.0
	0.5	0.0	0.0	0.5
	0.5	0.0	0.0	0.5
	0.5	0.0	0.5	0.0
	1.0	0.0	0.0	0.0
	1.0	0.0	0.0	0.0
	0.0	0.0	1.0	0.0
	0.0	0.0	1.0	0.0
	0.0	0.0	0.5	0.5
	0.5	0.0	0.0	0.5
	0.0	0.0	0.0	1.0
	0.0	0.0	0.0	1.0
	0.0	0.0	0.5	0.5
	0.0	0.0	1.0	0.0

MEME version 4

ALPHABET= ACGT

MOTIF chr4:108510650-108510660

letter-probability matrix: alength= 4 w= 10
	0.0	0.0	0.0	1.0
	0.0	0.0	0.0	1.0
	0.0	0.0	0.0	1.0
	0.0	0.0	0.0	1.0
	0.0	0.0	0.25	0.75
	0.0	0.0	0.75	0.25
	0.0	0.0	0.0	1.0
	0.25	0.25	0.25	0.25
	0.0	0.0	0.0	1.0
	0.0	0.0	0.0	1.0

MEME version 4

ALPHABET= ACGT

MOTIF chr4:108615231-108615256

letter-probability matrix: alength= 4 w= 25
	0.0	0.5	0.0	0.5
	0.0	0.0	0.0	1.0
	0.0	1.0	0.0	0.0
	1.0	0.0	0.0	0.0
	0.0	0.5	0.5	0.0
	0.5	0.0	0.0	0.5
	0.0	1.0	0.0	0.0
	0.0	1.0	0.0	0.0
	0.0	1.0	0.0	0.0
	0.5	0.5	0.0	0.0
	1.0	0.0	0.0	0.0
	0.5	0.5	0.0	0.0
	0.5	0.0	0.0	0.5
	0.5	0.0	0.0	0.5
	0.5	0.0	0.5	0.0
	1.0	0.0	0.0	0.0
	1.0	0.0	0.0	0.0
	0.0	0.0	1.0	0.0
	0.0	0.0	1.0	0.0
	0.0	0.0	0.5	0.5
	0.5	0.0	0.0	0.5
	0.0	0.0	0.0	1.0
	0.0	0.0	0.0	1.0
	0.0	0.0	0.5	0.5
	0.0	0.0	1.0	0.0

MEME version 4

ALPHABET= ACGT

MOTIF chr10:32297171-32297181

letter-probability matrix: alength= 4 w= 10
	0.0	0.0	0.0	1.0
	0.0	0.0	0.0	1.0
	0.0	0.0	0.0	1.0
	0.0	0.0	0.0	1.0
	0.0	0.0	0.25	0.75
	0.0	0.0	0.75	0.25
	0.0	0.0	0.0	1.0
	0.25	0.25	0.25	0.25
	0.0	0.0	0.0	1.0
	0.0	0.0	0.0	1.0

MEME version 4

ALPHABET= ACGT

MOTIF chr10:32355701-32355726

letter-probability matrix: alength= 4 w= 25
	0.0	0.5	0.0	0.5
	0.0	0.0	0.0	1.0
	0.0	1.0	0.0	0.0
	1.0	0.0	0.0	0.0
	0.0	0.5	0.5	0.0
	0.5	0.0	0.0	0.5
	0.0	1.0	0.0	0.0
	0.0	1.0	0.0	0.0
	0.0	1.0	0.0	0.0
	0.5	0.5	0.0	0.0
	1.0	0.0	0.0	0.0
	0.5	0.5	0.0	0.0
	0.5	0.0	0.0	0.5
	0.5	0.0	0.0	0.5
	0.5	0.0	0.5	0.0
	1.0	0.0	0.0	0.0
	1.0	0.0	0.0	0.0
	0.0	0.0	1.0	0.0
	0.0	0.0	1.0	0.0
	0.0	0.0	0.5	0.5
	0.5	0.0	0.0	0.5
	0.0	0.0	0.0	1.0
	0.0	0.0	0.0	1.0
	0.0	0.0	0.5	0.5
	0.0	0.0	1.0	0.0

MEME version 4

ALPHABET= ACGT

MOTIF chr22:50962576-50962586

letter-probability matrix: alength= 4 w= 10
	0.0	0.0	0.0	1.0
	0.0	0.0	0.0	1.0
	0.0	0.0	0.0	1.0
	0.0	0.0	0.0	1.0
	0.0	0.0	0.25	0.75
	0.0	0.0	0.75	0.25
	0.0	0.0	0.0	1.0
	0.25	0.25	0.25	0.25
	0.0	0.0	0.0	1.0
	0.0	0.0	0.0	1.0

MEME version 4

ALPHABET= ACGT

MOTIF chr22:50935867-50935892

letter-probability matrix: alength= 4 w= 25
	0.0	0.5	0.0	0.5
	0.0	0.0	0.0	1.0
	0.0	1.0	0.0	0.0
	1.0	0.0	0.0	0.0
	0.0	0.5	0.5	0.0
	0.5	0.0	0.0	0.5
	0.0	1.0	0.0	0.0
	0.0	1.0	0.0	0.0
	0.0	1.0	0.0	0.0
	0.5	0.5	0.0	0.0
	1.0	0.0	0.0	0.0
	0.5	0.5	0.0	0.0
	0.5	0.0	0.0	0.5
	0.5	0.0	0.0	0.5
	0.5	0.0	0.5	0.0
	1.0	0.0	0.0	0.0
	1.0	0.0	0.0	0.0
	0.0	0.0	1.0	0.0
	0.0	0.0	1.0	0.0
	0.0	0.0	0.5	0.5
	0.5	0.0	0.0	0.5
	0.0	0.0	0.0	1.0
	0.0	0.0	0.0	1.0
	0.0	0.0	0.5	0.5
	0.0	0.0	1.0	0.0

MEME version 4

ALPHABET= ACGT

MOTIF chr17:79634527-79634537

letter-probability matrix: alength= 4 w= 10
	0.0	0.0	0.0	1.0
	0.0	0.0	0.0	1.0
	0.0	0.0	0.0	1.0
	0.0	0.0	0.0	1.0
	0.0	0.0	0.25	0.75
	0.0	0.0	0.75	0.25
	0.0	0.0	0.0	1.0
	0.25	0.25	0.25	0.25
	0.0	0.0	0.0	1.0
	0.0	0.0	0.0	1.0

MEME version 4

ALPHABET= ACGT

MOTIF chr17:79611681-79611706

letter-probability matrix: alength= 4 w= 25
	0.0	0.5	0.0	0.5
	0.0	0.0	0.0	1.0
	0.0	1.0	0.0	0.0
	1.0	0.0	0.0	0.0
	0.0	0.5	0.5	0.0
	0.5	0.0	0.0	0.5
	0.0	1.0	0.0	0.0
	0.0	1.0	0.0	0.0
	0.0	1.0	0.0	0.0
	0.5	0.5	0.0	0.0
	1.0	0.0	0.0	0.0
	0.5	0.5	0.0	0.0
	0.5	0.0	0.0	0.5
	0.5	0.0	0.0	0.5
	0.5	0.0	0.5	0.0
	1.0	0.0	0.0	0.0
	1.0	0.0	0.0	0.0
	0.0	0.0	1.0	0.0
	0.0	0.0	1.0	0.0
	0.0	0.0	0.5	0.5
	0.5	0.0	0.0	0.5
	0.0	0.0	0.0	1.0
	0.0	0.0	0.0	1.0
	0.0	0.0	0.5	0.5
	0.0	0.0	1.0	0.0

MEME version 4

ALPHABET= ACGT

MOTIF chr20:30312495-30312505

letter-probability matrix: alength= 4 w= 10
	0.0	0.0	0.0	1.0
	0.0	0.0	0.0	1.0
	0.0	0.0	0.0	1.0
	0.0	0.0	0.0	1.0
	0.0	0.0	0.25	0.75
	0.0	0.0	0.75	0.25
	0.0	0.0	0.0	1.0
	0.25	0.25	0.25	0.25
	0.0	0.0	0.0	1.0
	0.0	0.0	0.0	1.0

MEME version 4

ALPHABET= ACGT

MOTIF chr20:30326110-30326135

letter-probability matrix: alength= 4 w= 25
	0.0	0.5	0.0	0.5
	0.0	0.0	0.0	1.0
	0.0	1.0	0.0	0.0
	1.0	0.0	0.0	0.0
	0.0	0.5	0.5	0.0
	0.5	0.0	0.0	0.5
	0.0	1.0	0.0	0.0
	0.0	1.0	0.0	0.0
	0.0	1.0	0.0	0.0
	0.5	0.5	0.0	0.0
	1.0	0.0	0.0	0.0
	0.5	0.5	0.0	0.0
	0.5	0.0	0.0	0.5
	0.5	0.0	0.0	0.5
	0.5	0.0	0.5	0.0
	1.0	0.0	0.0	0.0
	1.0	0.0	0.0	0.0
	0.0	0.0	1.0	0.0
	0.0	0.0	1.0	0.0
	0.0	0.0	0.5	0.5
	0.5	0.0	0.0	0.5
	0.0	0.0	0.0	1.0
	0.0	0.0	0.0	1.0
	0.0	0.0	0.5	0.5
	0.0	0.0	1.0	0.0

MEME version 4

ALPHABET= ACGT

MOTIF chr3:138372140-138372150

letter-probability matrix: alength= 4 w= 10
	0.0	0.0	0.0	1.0
	0.0	0.0	0.0	1.0
	0.0	0.0	0.0	1.0
	0.0	0.0	0.0	1.0
	0.0	0.0	0.25	0.75
	0.0	0.0	0.75	0.25
	0.0	0.0	0.0	1.0
	0.25	0.25	0.25	0.25
	0.0	0.0	0.0	1.0
	0.0	0.0	0.0	1.0

MEME version 4

ALPHABET= ACGT

MOTIF chr3:138534845-138534870

letter-probability matrix: alength= 4 w= 25
	0.0	0.5	0.0	0.5
	0.0	0.0	0.0	1.0
	0.0	1.0	0.0	0.0
	1.0	0.0	0.0	0.0
	0.0	0.5	0.5	0.0
	0.5	0.0	0.0	0.5
	0.0	1.0	0.0	0.0
	0.0	1.0	0.0	0.0
	0.0	1.0	0.0	0.0
	0.5	0.5	0.0	0.0
	1.0	0.0	0.0	0.0
	0.5	0.5	0.0	0.0
	0.5	0.0	0.0	0.5
	0.5	0.0	0.0	0.5
	0.5	0.0	0.5	0.0
	1.0	0.0	0.0	0.0
	1.0	0.0	0.0	0.0
	0.0	0.0	1.0	0.0
	0.0	0.0	1.0	0.0
	0.0	0.0	0.5	0.5
	0.5	0.0	0.0	0.5
	0.0	0.0	0.0	1.0
	0.0	0.0	0.0	1.0
	0.0	0.0	0.5	0.5
	0.0	0.0	1.0	0.0

MEME version 4

ALPHABET= ACGT

MOTIF chr1:173577765-173577775

letter-probability matrix: alength= 4 w= 10
	0.0	0.0	0.0	1.0
	0.0	0.0	0.0	1.0
	0.0	0.0	0.0	1.0
	0.0	0.0	0.0	1.0
	0.0	0.0	0.25	0.75
	0.0	0.0	0.75	0.25
	0.0	0.0	0.0	1.0
	0.25	0.25	0.25	0.25
	0.0	0.0	0.0	1.0
	0.0	0.0	0.0	1.0

MEME version 4

ALPHABET= ACGT

MOTIF chr1:173631838-173631863

letter-probability matrix: alength= 4 w= 25
	0.0	0.5	0.0	0.5
	0.0	0.0	0.0	1.0
	0.0	1.0	0.0	0.0
	1.0	0.0	0.0	0.0
	0.0	0.5	0.5	0.0
	0.5	0.0	0.0	0.5
	0.0	1.0	0.0	0.0
	0.0	1.0	0.0	0.0
	0.0	1.0	0.0	0.0
	0.5	0.5	0.0	0.0
	1.0	0.0	0.0	0.0
	0.5	0.5	0.0	0.0
	0.5	0.0	0.0	0.5
	0.5	0.0	0.0	0.5
	0.5	0.0	0.5	0.0
	1.0	0.0	0.0	0.0
	1.0	0.0	0.0	0.0
	0.0	0.0	1.0	0.0
	0.0	0.0	1.0	0.0
	0.0	0.0	0.5	0.5
	0.5	0.0	0.0	0.5
	0.0	0.0	0.0	1.0
	0.0	0.0	0.0	1.0
	0.0	0.0	0.5	0.5
	0.0	0.0	1.0	0.0

MEME version 4

ALPHABET= ACGT

MOTIF chr19:55682398-55682408

letter-probability matrix: alength= 4 w= 10
	0.0	0.0	0.0	1.0
	0.0	0.0	0.0	1.0
	0.0	0.0	0.0	1.0
	0.0	0.0	0.0	1.0
	0.0	0.0	0.25	0.75
	0.0	0.0	0.75	0.25
	0.0	0.0	0.0	1.0
	0.25	0.25	0.25	0.25
	0.0	0.0	0.0	1.0
	0.0	0.0	0.0	1.0

MEME version 4

ALPHABET= ACGT

MOTIF chr19:55696613-55696638

letter-probability matrix: alength= 4 w= 25
	0.0	0.5	0.0	0.5
	0.0	0.0	0.0	1.0
	0.0	1.0	0.0	0.0
	1.0	0.0	0.0	0.0
	0.0	0.5	0.5	0.0
	0.5	0.0	0.0	0.5
	0.0	1.0	0.0	0.0
	0.0	1.0	0.0	0.0
	0.0	1.0	0.0	0.0
	0.5	0.5	0.0	0.0
	1.0	0.0	0.0	0.0
	0.5	0.5	0.0	0.0
	0.5	0.0	0.0	0.5
	0.5	0.0	0.0	0.5
	0.5	0.0	0.5	0.0
	1.0	0.0	0.0	0.0
	1.0	0.0	0.0	0.0
	0.0	0.0	1.0	0.0
	0.0	0.0	1.0	0.0
	0.0	0.0	0.5	0.5
	0.5	0.0	0.0	0.5
	0.0	0.0	0.0	1.0
	0.0	0.0	0.0	1.0
	0.0	0.0	0.5	0.5
	0.0	0.0	1.0	0.0

MEME version 4

ALPHABET= ACGT

MOTIF chr17:79631707-79631717

letter-probability matrix: alength= 4 w= 10
	0.0	0.0	0.0	1.0
	0.0	0.0	0.0	1.0
	0.0	0.0	0.0	1.0
	0.0	0.0	0.0	1.0
	0.0	0.0	0.25	0.75
	0.0	0.0	0.75	0.25
	0.0	0.0	0.0	1.0
	0.25	0.25	0.25	0.25
	0.0	0.0	0.0	1.0
	0.0	0.0	0.0	1.0

MEME version 4

ALPHABET= ACGT

MOTIF chr17:79611681-79611706

letter-probability matrix: alength= 4 w= 25
	0.0	0.5	0.0	0.5
	0.0	0.0	0.0	1.0
	0.0	1.0	0.0	0.0
	1.0	0.0	0.0	0.0
	0.0	0.5	0.5	0.0
	0.5	0.0	0.0	0.5
	0.0	1.0	0.0	0.0
	0.0	1.0	0.0	0.0
	0.0	1.0	0.0	0.0
	0.5	0.5	0.0	0.0
	1.0	0.0	0.0	0.0
	0.5	0.5	0.0	0.0
	0.5	0.0	0.0	0.5
	0.5	0.0	0.0	0.5
	0.5	0.0	0.5	0.0
	1.0	0.0	0.0	0.0
	1.0	0.0	0.0	0.0
	0.0	0.0	1.0	0.0
	0.0	0.0	1.0	0.0
	0.0	0.0	0.5	0.5
	0.5	0.0	0.0	0.5
	0.0	0.0	0.0	1.0
	0.0	0.0	0.0	1.0
	0.0	0.0	0.5	0.5
	0.0	0.0	1.0	0.0

MEME version 4

ALPHABET= ACGT

MOTIF chr1:29190839-29190849

letter-probability matrix: alength= 4 w= 10
	0.0	0.0	0.0	1.0
	0.0	0.0	0.0	1.0
	0.0	0.0	0.0	1.0
	0.0	0.0	0.0	1.0
	0.0	0.0	0.25	0.75
	0.0	0.0	0.75	0.25
	0.0	0.0	0.0	1.0
	0.25	0.25	0.25	0.25
	0.0	0.0	0.0	1.0
	0.0	0.0	0.0	1.0

MEME version 4

ALPHABET= ACGT

MOTIF chr1:29111434-29111459

letter-probability matrix: alength= 4 w= 25
	0.0	0.5	0.0	0.5
	0.0	0.0	0.0	1.0
	0.0	1.0	0.0	0.0
	1.0	0.0	0.0	0.0
	0.0	0.5	0.5	0.0
	0.5	0.0	0.0	0.5
	0.0	1.0	0.0	0.0
	0.0	1.0	0.0	0.0
	0.0	1.0	0.0	0.0
	0.5	0.5	0.0	0.0
	1.0	0.0	0.0	0.0
	0.5	0.5	0.0	0.0
	0.5	0.0	0.0	0.5
	0.5	0.0	0.0	0.5
	0.5	0.0	0.5	0.0
	1.0	0.0	0.0	0.0
	1.0	0.0	0.0	0.0
	0.0	0.0	1.0	0.0
	0.0	0.0	1.0	0.0
	0.0	0.0	0.5	0.5
	0.5	0.0	0.0	0.5
	0.0	0.0	0.0	1.0
	0.0	0.0	0.0	1.0
	0.0	0.0	0.5	0.5
	0.0	0.0	1.0	0.0

MEME version 4

ALPHABET= ACGT

MOTIF chr19:41859539-41859549

letter-probability matrix: alength= 4 w= 10
	0.0	0.0	0.0	1.0
	0.0	0.0	0.0	1.0
	0.0	0.0	0.0	1.0
	0.0	0.0	0.0	1.0
	0.0	0.0	0.25	0.75
	0.0	0.0	0.75	0.25
	0.0	0.0	0.0	1.0
	0.25	0.25	0.25	0.25
	0.0	0.0	0.0	1.0
	0.0	0.0	0.0	1.0

MEME version 4

ALPHABET= ACGT

MOTIF chr19:41902200-41902225

letter-probability matrix: alength= 4 w= 25
	0.0	0.5	0.0	0.5
	0.0	0.0	0.0	1.0
	0.0	1.0	0.0	0.0
	1.0	0.0	0.0	0.0
	0.0	0.5	0.5	0.0
	0.5	0.0	0.0	0.5
	0.0	1.0	0.0	0.0
	0.0	1.0	0.0	0.0
	0.0	1.0	0.0	0.0
	0.5	0.5	0.0	0.0
	1.0	0.0	0.0	0.0
	0.5	0.5	0.0	0.0
	0.5	0.0	0.0	0.5
	0.5	0.0	0.0	0.5
	0.5	0.0	0.5	0.0
	1.0	0.0	0.0	0.0
	1.0	0.0	0.0	0.0
	0.0	0.0	1.0	0.0
	0.0	0.0	1.0	0.0
	0.0	0.0	0.5	0.5
	0.5	0.0	0.0	0.5
	0.0	0.0	0.0	1.0
	0.0	0.0	0.0	1.0
	0.0	0.0	0.5	0.5
	0.0	0.0	1.0	0.0

MEME version 4

ALPHABET= ACGT

MOTIF chr7:5084899-5084909

letter-probability matrix: alength= 4 w= 10
	0.0	0.0	0.0	1.0
	0.0	0.0	0.0	1.0
	0.0	0.0	0.0	1.0
	0.0	0.0	0.0	1.0
	0.0	0.0	0.25	0.75
	0.0	0.0	0.75	0.25
	0.0	0.0	0.0	1.0
	0.25	0.25	0.25	0.25
	0.0	0.0	0.0	1.0
	0.0	0.0	0.0	1.0

MEME version 4

ALPHABET= ACGT

MOTIF chr7:5080107-5080132

letter-probability matrix: alength= 4 w= 25
	0.0	0.5	0.0	0.5
	0.0	0.0	0.0	1.0
	0.0	1.0	0.0	0.0
	1.0	0.0	0.0	0.0
	0.0	0.5	0.5	0.0
	0.5	0.0	0.0	0.5
	0.0	1.0	0.0	0.0
	0.0	1.0	0.0	0.0
	0.0	1.0	0.0	0.0
	0.5	0.5	0.0	0.0
	1.0	0.0	0.0	0.0
	0.5	0.5	0.0	0.0
	0.5	0.0	0.0	0.5
	0.5	0.0	0.0	0.5
	0.5	0.0	0.5	0.0
	1.0	0.0	0.0	0.0
	1.0	0.0	0.0	0.0
	0.0	0.0	1.0	0.0
	0.0	0.0	1.0	0.0
	0.0	0.0	0.5	0.5
	0.5	0.0	0.0	0.5
	0.0	0.0	0.0	1.0
	0.0	0.0	0.0	1.0
	0.0	0.0	0.5	0.5
	0.0	0.0	1.0	0.0

MEME version 4

ALPHABET= ACGT

MOTIF chr12:58176327-58176337

letter-probability matrix: alength= 4 w= 10
	0.0	0.0	0.0	1.0
	0.0	0.0	0.0	1.0
	0.0	0.0	0.0	1.0
	0.0	0.0	0.0	1.0
	0.0	0.0	0.25	0.75
	0.0	0.0	0.75	0.25
	0.0	0.0	0.0	1.0
	0.25	0.25	0.25	0.25
	0.0	0.0	0.0	1.0
	0.0	0.0	0.0	1.0

MEME version 4

ALPHABET= ACGT

MOTIF chr12:58150010-58150035

letter-probability matrix: alength= 4 w= 25
	0.0	0.5	0.0	0.5
	0.0	0.0	0.0	1.0
	0.0	1.0	0.0	0.0
	1.0	0.0	0.0	0.0
	0.0	0.5	0.5	0.0
	0.5	0.0	0.0	0.5
	0.0	1.0	0.0	0.0
	0.0	1.0	0.0	0.0
	0.0	1.0	0.0	0.0
	0.5	0.5	0.0	0.0
	1.0	0.0	0.0	0.0
	0.5	0.5	0.0	0.0
	0.5	0.0	0.0	0.5
	0.5	0.0	0.0	0.5
	0.5	0.0	0.5	0.0
	1.0	0.0	0.0	0.0
	1.0	0.0	0.0	0.0
	0.0	0.0	1.0	0.0
	0.0	0.0	1.0	0.0
	0.0	0.0	0.5	0.5
	0.5	0.0	0.0	0.5
	0.0	0.0	0.0	1.0
	0.0	0.0	0.0	1.0
	0.0	0.0	0.5	0.5
	0.0	0.0	1.0	0.0

MEME version 4

ALPHABET= ACGT

MOTIF chr2:209131579-209131589

letter-probability matrix: alength= 4 w= 10
	0.0	0.0	0.0	1.0
	0.0	0.0	0.0	1.0
	0.0	0.0	0.0	1.0
	0.0	0.0	0.0	1.0
	0.0	0.0	0.25	0.75
	0.0	0.0	0.75	0.25
	0.0	0.0	0.0	1.0
	0.25	0.25	0.25	0.25
	0.0	0.0	0.0	1.0
	0.0	0.0	0.0	1.0

MEME version 4

ALPHABET= ACGT

MOTIF chr2:209150133-209150158

letter-probability matrix: alength= 4 w= 25
	0.0	0.5	0.0	0.5
	0.0	0.0	0.0	1.0
	0.0	1.0	0.0	0.0
	1.0	0.0	0.0	0.0
	0.0	0.5	0.5	0.0
	0.5	0.0	0.0	0.5
	0.0	1.0	0.0	0.0
	0.0	1.0	0.0	0.0
	0.0	1.0	0.0	0.0
	0.5	0.5	0.0	0.0
	1.0	0.0	0.0	0.0
	0.5	0.5	0.0	0.0
	0.5	0.0	0.0	0.5
	0.5	0.0	0.0	0.5
	0.5	0.0	0.5	0.0
	1.0	0.0	0.0	0.0
	1.0	0.0	0.0	0.0
	0.0	0.0	1.0	0.0
	0.0	0.0	1.0	0.0
	0.0	0.0	0.5	0.5
	0.5	0.0	0.0	0.5
	0.0	0.0	0.0	1.0
	0.0	0.0	0.0	1.0
	0.0	0.0	0.5	0.5
	0.0	0.0	1.0	0.0

MEME version 4

ALPHABET= ACGT

MOTIF chr19:36360933-36360943

letter-probability matrix: alength= 4 w= 10
	0.0	0.0	0.0	1.0
	0.0	0.0	0.0	1.0
	0.0	0.0	0.0	1.0
	0.0	0.0	0.0	1.0
	0.0	0.0	0.25	0.75
	0.0	0.0	0.75	0.25
	0.0	0.0	0.0	1.0
	0.25	0.25	0.25	0.25
	0.0	0.0	0.0	1.0
	0.0	0.0	0.0	1.0

MEME version 4

ALPHABET= ACGT

MOTIF chr19:36369142-36369167

letter-probability matrix: alength= 4 w= 25
	0.0	0.5	0.0	0.5
	0.0	0.0	0.0	1.0
	0.0	1.0	0.0	0.0
	1.0	0.0	0.0	0.0
	0.0	0.5	0.5	0.0
	0.5	0.0	0.0	0.5
	0.0	1.0	0.0	0.0
	0.0	1.0	0.0	0.0
	0.0	1.0	0.0	0.0
	0.5	0.5	0.0	0.0
	1.0	0.0	0.0	0.0
	0.5	0.5	0.0	0.0
	0.5	0.0	0.0	0.5
	0.5	0.0	0.0	0.5
	0.5	0.0	0.5	0.0
	1.0	0.0	0.0	0.0
	1.0	0.0	0.0	0.0
	0.0	0.0	1.0	0.0
	0.0	0.0	1.0	0.0
	0.0	0.0	0.5	0.5
	0.5	0.0	0.0	0.5
	0.0	0.0	0.0	1.0
	0.0	0.0	0.0	1.0
	0.0	0.0	0.5	0.5
	0.0	0.0	1.0	0.0

MEME version 4

ALPHABET= ACGT

MOTIF chr2:68685712-68685722

letter-probability matrix: alength= 4 w= 10
	0.0	0.0	0.0	1.0
	0.0	0.0	0.0	1.0
	0.0	0.0	0.0	1.0
	0.0	0.0	0.0	1.0
	0.0	0.0	0.25	0.75
	0.0	0.0	0.75	0.25
	0.0	0.0	0.0	1.0
	0.25	0.25	0.25	0.25
	0.0	0.0	0.0	1.0
	0.0	0.0	0.0	1.0

MEME version 4

ALPHABET= ACGT

MOTIF chr2:68715720-68715745

letter-probability matrix: alength= 4 w= 25
	0.0	0.5	0.0	0.5
	0.0	0.0	0.0	1.0
	0.0	1.0	0.0	0.0
	1.0	0.0	0.0	0.0
	0.0	0.5	0.5	0.0
	0.5	0.0	0.0	0.5
	0.0	1.0	0.0	0.0
	0.0	1.0	0.0	0.0
	0.0	1.0	0.0	0.0
	0.5	0.5	0.0	0.0
	1.0	0.0	0.0	0.0
	0.5	0.5	0.0	0.0
	0.5	0.0	0.0	0.5
	0.5	0.0	0.0	0.5
	0.5	0.0	0.5	0.0
	1.0	0.0	0.0	0.0
	1.0	0.0	0.0	0.0
	0.0	0.0	1.0	0.0
	0.0	0.0	1.0	0.0
	0.0	0.0	0.5	0.5
	0.5	0.0	0.0	0.5
	0.0	0.0	0.0	1.0
	0.0	0.0	0.0	1.0
	0.0	0.0	0.5	0.5
	0.0	0.0	1.0	0.0

MEME version 4

ALPHABET= ACGT

MOTIF chr12:105563022-105563032

letter-probability matrix: alength= 4 w= 10
	0.0	0.0	0.0	1.0
	0.0	0.0	0.0	1.0
	0.0	0.0	0.0	1.0
	0.0	0.0	0.0	1.0
	0.0	0.0	0.25	0.75
	0.0	0.0	0.75	0.25
	0.0	0.0	0.0	1.0
	0.25	0.25	0.25	0.25
	0.0	0.0	0.0	1.0
	0.0	0.0	0.0	1.0

MEME version 4

ALPHABET= ACGT

MOTIF chr12:105495076-105495101

letter-probability matrix: alength= 4 w= 25
	0.0	0.5	0.0	0.5
	0.0	0.0	0.0	1.0
	0.0	1.0	0.0	0.0
	1.0	0.0	0.0	0.0
	0.0	0.5	0.5	0.0
	0.5	0.0	0.0	0.5
	0.0	1.0	0.0	0.0
	0.0	1.0	0.0	0.0
	0.0	1.0	0.0	0.0
	0.5	0.5	0.0	0.0
	1.0	0.0	0.0	0.0
	0.5	0.5	0.0	0.0
	0.5	0.0	0.0	0.5
	0.5	0.0	0.0	0.5
	0.5	0.0	0.5	0.0
	1.0	0.0	0.0	0.0
	1.0	0.0	0.0	0.0
	0.0	0.0	1.0	0.0
	0.0	0.0	1.0	0.0
	0.0	0.0	0.5	0.5
	0.5	0.0	0.0	0.5
	0.0	0.0	0.0	1.0
	0.0	0.0	0.0	1.0
	0.0	0.0	0.5	0.5
	0.0	0.0	1.0	0.0

MEME version 4

ALPHABET= ACGT

MOTIF chr3:15467863-15467873

letter-probability matrix: alength= 4 w= 10
	0.0	0.0	0.0	1.0
	0.0	0.0	0.0	1.0
	0.0	0.0	0.0	1.0
	0.0	0.0	0.0	1.0
	0.0	0.0	0.25	0.75
	0.0	0.0	0.75	0.25
	0.0	0.0	0.0	1.0
	0.25	0.25	0.25	0.25
	0.0	0.0	0.0	1.0
	0.0	0.0	0.0	1.0

MEME version 4

ALPHABET= ACGT

MOTIF chr3:15499726-15499751

letter-probability matrix: alength= 4 w= 25
	0.0	0.5	0.0	0.5
	0.0	0.0	0.0	1.0
	0.0	1.0	0.0	0.0
	1.0	0.0	0.0	0.0
	0.0	0.5	0.5	0.0
	0.5	0.0	0.0	0.5
	0.0	1.0	0.0	0.0
	0.0	1.0	0.0	0.0
	0.0	1.0	0.0	0.0
	0.5	0.5	0.0	0.0
	1.0	0.0	0.0	0.0
	0.5	0.5	0.0	0.0
	0.5	0.0	0.0	0.5
	0.5	0.0	0.0	0.5
	0.5	0.0	0.5	0.0
	1.0	0.0	0.0	0.0
	1.0	0.0	0.0	0.0
	0.0	0.0	1.0	0.0
	0.0	0.0	1.0	0.0
	0.0	0.0	0.5	0.5
	0.5	0.0	0.0	0.5
	0.0	0.0	0.0	1.0
	0.0	0.0	0.0	1.0
	0.0	0.0	0.5	0.5
	0.0	0.0	1.0	0.0

MEME version 4

ALPHABET= ACGT

MOTIF chr4:103790681-103790691

letter-probability matrix: alength= 4 w= 10
	0.0	0.0	0.0	1.0
	0.0	0.0	0.0	1.0
	0.0	0.0	0.0	1.0
	0.0	0.0	0.0	1.0
	0.0	0.0	0.25	0.75
	0.0	0.0	0.75	0.25
	0.0	0.0	0.0	1.0
	0.25	0.25	0.25	0.25
	0.0	0.0	0.0	1.0
	0.0	0.0	0.0	1.0

MEME version 4

ALPHABET= ACGT

MOTIF chr4:103776213-103776238

letter-probability matrix: alength= 4 w= 25
	0.0	0.5	0.0	0.5
	0.0	0.0	0.0	1.0
	0.0	1.0	0.0	0.0
	1.0	0.0	0.0	0.0
	0.0	0.5	0.5	0.0
	0.5	0.0	0.0	0.5
	0.0	1.0	0.0	0.0
	0.0	1.0	0.0	0.0
	0.0	1.0	0.0	0.0
	0.5	0.5	0.0	0.0
	1.0	0.0	0.0	0.0
	0.5	0.5	0.0	0.0
	0.5	0.0	0.0	0.5
	0.5	0.0	0.0	0.5
	0.5	0.0	0.5	0.0
	1.0	0.0	0.0	0.0
	1.0	0.0	0.0	0.0
	0.0	0.0	1.0	0.0
	0.0	0.0	1.0	0.0
	0.0	0.0	0.5	0.5
	0.5	0.0	0.0	0.5
	0.0	0.0	0.0	1.0
	0.0	0.0	0.0	1.0
	0.0	0.0	0.5	0.5
	0.0	0.0	1.0	0.0

MEME version 4

ALPHABET= ACGT

MOTIF chr16:20816923-20816933

letter-probability matrix: alength= 4 w= 10
	0.0	0.0	0.0	1.0
	0.0	0.0	0.0	1.0
	0.0	0.0	0.0	1.0
	0.0	0.0	0.0	1.0
	0.0	0.0	0.25	0.75
	0.0	0.0	0.75	0.25
	0.0	0.0	0.0	1.0
	0.25	0.25	0.25	0.25
	0.0	0.0	0.0	1.0
	0.0	0.0	0.0	1.0

MEME version 4

ALPHABET= ACGT

MOTIF chr16:20850151-20850176

letter-probability matrix: alength= 4 w= 25
	0.0	0.5	0.0	0.5
	0.0	0.0	0.0	1.0
	0.0	1.0	0.0	0.0
	1.0	0.0	0.0	0.0
	0.0	0.5	0.5	0.0
	0.5	0.0	0.0	0.5
	0.0	1.0	0.0	0.0
	0.0	1.0	0.0	0.0
	0.0	1.0	0.0	0.0
	0.5	0.5	0.0	0.0
	1.0	0.0	0.0	0.0
	0.5	0.5	0.0	0.0
	0.5	0.0	0.0	0.5
	0.5	0.0	0.0	0.5
	0.5	0.0	0.5	0.0
	1.0	0.0	0.0	0.0
	1.0	0.0	0.0	0.0
	0.0	0.0	1.0	0.0
	0.0	0.0	1.0	0.0
	0.0	0.0	0.5	0.5
	0.5	0.0	0.0	0.5
	0.0	0.0	0.0	1.0
	0.0	0.0	0.0	1.0
	0.0	0.0	0.5	0.5
	0.0	0.0	1.0	0.0

MEME version 4

ALPHABET= ACGT

MOTIF chr16:67243358-67243368

letter-probability matrix: alength= 4 w= 10
	0.0	0.0	0.0	1.0
	0.0	0.0	0.0	1.0
	0.0	0.0	0.0	1.0
	0.0	0.0	0.0	1.0
	0.0	0.0	0.25	0.75
	0.0	0.0	0.75	0.25
	0.0	0.0	0.0	1.0
	0.25	0.25	0.25	0.25
	0.0	0.0	0.0	1.0
	0.0	0.0	0.0	1.0

MEME version 4

ALPHABET= ACGT

MOTIF chr16:67254427-67254452

letter-probability matrix: alength= 4 w= 25
	0.0	0.5	0.0	0.5
	0.0	0.0	0.0	1.0
	0.0	1.0	0.0	0.0
	1.0	0.0	0.0	0.0
	0.0	0.5	0.5	0.0
	0.5	0.0	0.0	0.5
	0.0	1.0	0.0	0.0
	0.0	1.0	0.0	0.0
	0.0	1.0	0.0	0.0
	0.5	0.5	0.0	0.0
	1.0	0.0	0.0	0.0
	0.5	0.5	0.0	0.0
	0.5	0.0	0.0	0.5
	0.5	0.0	0.0	0.5
	0.5	0.0	0.5	0.0
	1.0	0.0	0.0	0.0
	1.0	0.0	0.0	0.0
	0.0	0.0	1.0	0.0
	0.0	0.0	1.0	0.0
	0.0	0.0	0.5	0.5
	0.5	0.0	0.0	0.5
	0.0	0.0	0.0	1.0
	0.0	0.0	0.0	1.0
	0.0	0.0	0.5	0.5
	0.0	0.0	1.0	0.0

MEME version 4

ALPHABET= ACGT

MOTIF chr4:103789231-103789241

letter-probability matrix: alength= 4 w= 10
	0.0	0.0	0.0	1.0
	0.0	0.0	0.0	1.0
	0.0	0.0	0.0	1.0
	0.0	0.0	0.0	1.0
	0.0	0.0	0.25	0.75
	0.0	0.0	0.75	0.25
	0.0	0.0	0.0	1.0
	0.25	0.25	0.25	0.25
	0.0	0.0	0.0	1.0
	0.0	0.0	0.0	1.0

MEME version 4

ALPHABET= ACGT

MOTIF chr4:103776213-103776238

letter-probability matrix: alength= 4 w= 25
	0.0	0.5	0.0	0.5
	0.0	0.0	0.0	1.0
	0.0	1.0	0.0	0.0
	1.0	0.0	0.0	0.0
	0.0	0.5	0.5	0.0
	0.5	0.0	0.0	0.5
	0.0	1.0	0.0	0.0
	0.0	1.0	0.0	0.0
	0.0	1.0	0.0	0.0
	0.5	0.5	0.0	0.0
	1.0	0.0	0.0	0.0
	0.5	0.5	0.0	0.0
	0.5	0.0	0.0	0.5
	0.5	0.0	0.0	0.5
	0.5	0.0	0.5	0.0
	1.0	0.0	0.0	0.0
	1.0	0.0	0.0	0.0
	0.0	0.0	1.0	0.0
	0.0	0.0	1.0	0.0
	0.0	0.0	0.5	0.5
	0.5	0.0	0.0	0.5
	0.0	0.0	0.0	1.0
	0.0	0.0	0.0	1.0
	0.0	0.0	0.5	0.5
	0.0	0.0	1.0	0.0

MEME version 4

ALPHABET= ACGT

MOTIF chr17:56770361-56770371

letter-probability matrix: alength= 4 w= 10
	0.0	0.0	0.0	1.0
	0.0	0.0	0.0	1.0
	0.0	0.0	0.0	1.0
	0.0	0.0	0.0	1.0
	0.0	0.0	0.25	0.75
	0.0	0.0	0.75	0.25
	0.0	0.0	0.0	1.0
	0.25	0.25	0.25	0.25
	0.0	0.0	0.0	1.0
	0.0	0.0	0.0	1.0

MEME version 4

ALPHABET= ACGT

MOTIF chr17:56774425-56774450

letter-probability matrix: alength= 4 w= 25
	0.0	0.5	0.0	0.5
	0.0	0.0	0.0	1.0
	0.0	1.0	0.0	0.0
	1.0	0.0	0.0	0.0
	0.0	0.5	0.5	0.0
	0.5	0.0	0.0	0.5
	0.0	1.0	0.0	0.0
	0.0	1.0	0.0	0.0
	0.0	1.0	0.0	0.0
	0.5	0.5	0.0	0.0
	1.0	0.0	0.0	0.0
	0.5	0.5	0.0	0.0
	0.5	0.0	0.0	0.5
	0.5	0.0	0.0	0.5
	0.5	0.0	0.5	0.0
	1.0	0.0	0.0	0.0
	1.0	0.0	0.0	0.0
	0.0	0.0	1.0	0.0
	0.0	0.0	1.0	0.0
	0.0	0.0	0.5	0.5
	0.5	0.0	0.0	0.5
	0.0	0.0	0.0	1.0
	0.0	0.0	0.0	1.0
	0.0	0.0	0.5	0.5
	0.0	0.0	1.0	0.0

