MEME version 4

ALPHABET= ACGT

MOTIF chr18:21268542-21268552

letter-probability matrix: alength= 4 w= 10
	0.0	0.5	0.0	0.5
	0.0	0.0	0.0	1.0
	0.75	0.25	0.0	0.0
	0.75	0.0	0.0	0.25
	0.0	0.0	0.25	0.75
	0.25	0.0	0.25	0.5
	1.0	0.0	0.0	0.0
	0.75	0.0	0.0	0.25
	1.0	0.0	0.0	0.0
	1.0	0.0	0.0	0.0

MEME version 4

ALPHABET= ACGT

MOTIF chr18:21278654-21278679

letter-probability matrix: alength= 4 w= 25
	0.0	1.0	0.0	0.0
	0.0	1.0	0.0	0.0
	0.0	0.0	0.0	1.0
	0.5	0.0	0.5	0.0
	0.0	0.0	1.0	0.0
	0.0	0.0	1.0	0.0
	0.0	1.0	0.0	0.0
	0.0	0.0	0.0	1.0
	0.0	1.0	0.0	0.0
	1.0	0.0	0.0	0.0
	1.0	0.0	0.0	0.0
	0.0	0.0	1.0	0.0
	0.0	1.0	0.0	0.0
	0.5	0.5	0.0	0.0
	1.0	0.0	0.0	0.0
	0.0	0.0	0.0	1.0
	0.0	1.0	0.0	0.0
	0.0	1.0	0.0	0.0
	0.0	0.0	0.0	1.0
	0.5	0.5	0.0	0.0
	0.0	1.0	0.0	0.0
	0.0	1.0	0.0	0.0
	0.0	0.0	1.0	0.0
	0.0	1.0	0.0	0.0
	0.0	1.0	0.0	0.0

MEME version 4

ALPHABET= ACGT

MOTIF chr1:29190772-29190782

letter-probability matrix: alength= 4 w= 10
	0.0	0.5	0.0	0.5
	0.0	0.0	0.0	1.0
	0.75	0.25	0.0	0.0
	0.75	0.0	0.0	0.25
	0.0	0.0	0.25	0.75
	0.25	0.0	0.25	0.5
	1.0	0.0	0.0	0.0
	0.75	0.0	0.0	0.25
	1.0	0.0	0.0	0.0
	1.0	0.0	0.0	0.0

MEME version 4

ALPHABET= ACGT

MOTIF chr1:29102866-29102891

letter-probability matrix: alength= 4 w= 25
	0.0	1.0	0.0	0.0
	0.0	1.0	0.0	0.0
	0.0	0.0	0.0	1.0
	0.5	0.0	0.5	0.0
	0.0	0.0	1.0	0.0
	0.0	0.0	1.0	0.0
	0.0	1.0	0.0	0.0
	0.0	0.0	0.0	1.0
	0.0	1.0	0.0	0.0
	1.0	0.0	0.0	0.0
	1.0	0.0	0.0	0.0
	0.0	0.0	1.0	0.0
	0.0	1.0	0.0	0.0
	0.5	0.5	0.0	0.0
	1.0	0.0	0.0	0.0
	0.0	0.0	0.0	1.0
	0.0	1.0	0.0	0.0
	0.0	1.0	0.0	0.0
	0.0	0.0	0.0	1.0
	0.5	0.5	0.0	0.0
	0.0	1.0	0.0	0.0
	0.0	1.0	0.0	0.0
	0.0	0.0	1.0	0.0
	0.0	1.0	0.0	0.0
	0.0	1.0	0.0	0.0

MEME version 4

ALPHABET= ACGT

MOTIF chr14:31677675-31677685

letter-probability matrix: alength= 4 w= 10
	0.0	0.5	0.0	0.5
	0.0	0.0	0.0	1.0
	0.75	0.25	0.0	0.0
	0.75	0.0	0.0	0.25
	0.0	0.0	0.25	0.75
	0.25	0.0	0.25	0.5
	1.0	0.0	0.0	0.0
	0.75	0.0	0.0	0.25
	1.0	0.0	0.0	0.0
	1.0	0.0	0.0	0.0

MEME version 4

ALPHABET= ACGT

MOTIF chr14:31682659-31682684

letter-probability matrix: alength= 4 w= 25
	0.0	1.0	0.0	0.0
	0.0	1.0	0.0	0.0
	0.0	0.0	0.0	1.0
	0.5	0.0	0.5	0.0
	0.0	0.0	1.0	0.0
	0.0	0.0	1.0	0.0
	0.0	1.0	0.0	0.0
	0.0	0.0	0.0	1.0
	0.0	1.0	0.0	0.0
	1.0	0.0	0.0	0.0
	1.0	0.0	0.0	0.0
	0.0	0.0	1.0	0.0
	0.0	1.0	0.0	0.0
	0.5	0.5	0.0	0.0
	1.0	0.0	0.0	0.0
	0.0	0.0	0.0	1.0
	0.0	1.0	0.0	0.0
	0.0	1.0	0.0	0.0
	0.0	0.0	0.0	1.0
	0.5	0.5	0.0	0.0
	0.0	1.0	0.0	0.0
	0.0	1.0	0.0	0.0
	0.0	0.0	1.0	0.0
	0.0	1.0	0.0	0.0
	0.0	1.0	0.0	0.0

MEME version 4

ALPHABET= ACGT

MOTIF chr13:46528522-46528532

letter-probability matrix: alength= 4 w= 10
	0.0	0.5	0.0	0.5
	0.0	0.0	0.0	1.0
	0.75	0.25	0.0	0.0
	0.75	0.0	0.0	0.25
	0.0	0.0	0.25	0.75
	0.25	0.0	0.25	0.5
	1.0	0.0	0.0	0.0
	0.75	0.0	0.0	0.25
	1.0	0.0	0.0	0.0
	1.0	0.0	0.0	0.0

MEME version 4

ALPHABET= ACGT

MOTIF chr13:46592849-46592874

letter-probability matrix: alength= 4 w= 25
	0.0	1.0	0.0	0.0
	0.0	1.0	0.0	0.0
	0.0	0.0	0.0	1.0
	0.5	0.0	0.5	0.0
	0.0	0.0	1.0	0.0
	0.0	0.0	1.0	0.0
	0.0	1.0	0.0	0.0
	0.0	0.0	0.0	1.0
	0.0	1.0	0.0	0.0
	1.0	0.0	0.0	0.0
	1.0	0.0	0.0	0.0
	0.0	0.0	1.0	0.0
	0.0	1.0	0.0	0.0
	0.5	0.5	0.0	0.0
	1.0	0.0	0.0	0.0
	0.0	0.0	0.0	1.0
	0.0	1.0	0.0	0.0
	0.0	1.0	0.0	0.0
	0.0	0.0	0.0	1.0
	0.5	0.5	0.0	0.0
	0.0	1.0	0.0	0.0
	0.0	1.0	0.0	0.0
	0.0	0.0	1.0	0.0
	0.0	1.0	0.0	0.0
	0.0	1.0	0.0	0.0

MEME version 4

ALPHABET= ACGT

MOTIF chr8:74941702-74941712

letter-probability matrix: alength= 4 w= 10
	0.0	0.5	0.0	0.5
	0.0	0.0	0.0	1.0
	0.75	0.25	0.0	0.0
	0.75	0.0	0.0	0.25
	0.0	0.0	0.25	0.75
	0.25	0.0	0.25	0.5
	1.0	0.0	0.0	0.0
	0.75	0.0	0.0	0.25
	1.0	0.0	0.0	0.0
	1.0	0.0	0.0	0.0

MEME version 4

ALPHABET= ACGT

MOTIF chr8:74909206-74909231

letter-probability matrix: alength= 4 w= 25
	0.0	1.0	0.0	0.0
	0.0	1.0	0.0	0.0
	0.0	0.0	0.0	1.0
	0.5	0.0	0.5	0.0
	0.0	0.0	1.0	0.0
	0.0	0.0	1.0	0.0
	0.0	1.0	0.0	0.0
	0.0	0.0	0.0	1.0
	0.0	1.0	0.0	0.0
	1.0	0.0	0.0	0.0
	1.0	0.0	0.0	0.0
	0.0	0.0	1.0	0.0
	0.0	1.0	0.0	0.0
	0.5	0.5	0.0	0.0
	1.0	0.0	0.0	0.0
	0.0	0.0	0.0	1.0
	0.0	1.0	0.0	0.0
	0.0	1.0	0.0	0.0
	0.0	0.0	0.0	1.0
	0.5	0.5	0.0	0.0
	0.0	1.0	0.0	0.0
	0.0	1.0	0.0	0.0
	0.0	0.0	1.0	0.0
	0.0	1.0	0.0	0.0
	0.0	1.0	0.0	0.0

MEME version 4

ALPHABET= ACGT

MOTIF chr2:136482860-136482870

letter-probability matrix: alength= 4 w= 10
	0.0	0.5	0.0	0.5
	0.0	0.0	0.0	1.0
	0.75	0.25	0.0	0.0
	0.75	0.0	0.0	0.25
	0.0	0.0	0.25	0.75
	0.25	0.0	0.25	0.5
	1.0	0.0	0.0	0.0
	0.75	0.0	0.0	0.25
	1.0	0.0	0.0	0.0
	1.0	0.0	0.0	0.0

MEME version 4

ALPHABET= ACGT

MOTIF chr2:136303609-136303634

letter-probability matrix: alength= 4 w= 25
	0.0	1.0	0.0	0.0
	0.0	1.0	0.0	0.0
	0.0	0.0	0.0	1.0
	0.5	0.0	0.5	0.0
	0.0	0.0	1.0	0.0
	0.0	0.0	1.0	0.0
	0.0	1.0	0.0	0.0
	0.0	0.0	0.0	1.0
	0.0	1.0	0.0	0.0
	1.0	0.0	0.0	0.0
	1.0	0.0	0.0	0.0
	0.0	0.0	1.0	0.0
	0.0	1.0	0.0	0.0
	0.5	0.5	0.0	0.0
	1.0	0.0	0.0	0.0
	0.0	0.0	0.0	1.0
	0.0	1.0	0.0	0.0
	0.0	1.0	0.0	0.0
	0.0	0.0	0.0	1.0
	0.5	0.5	0.0	0.0
	0.0	1.0	0.0	0.0
	0.0	1.0	0.0	0.0
	0.0	0.0	1.0	0.0
	0.0	1.0	0.0	0.0
	0.0	1.0	0.0	0.0

MEME version 4

ALPHABET= ACGT

MOTIF chr6:4021046-4021056

letter-probability matrix: alength= 4 w= 10
	0.0	0.5	0.0	0.5
	0.0	0.0	0.0	1.0
	0.75	0.25	0.0	0.0
	0.75	0.0	0.0	0.25
	0.0	0.0	0.25	0.75
	0.25	0.0	0.25	0.5
	1.0	0.0	0.0	0.0
	0.75	0.0	0.0	0.25
	1.0	0.0	0.0	0.0
	1.0	0.0	0.0	0.0

MEME version 4

ALPHABET= ACGT

MOTIF chr6:4002195-4002220

letter-probability matrix: alength= 4 w= 25
	0.0	1.0	0.0	0.0
	0.0	1.0	0.0	0.0
	0.0	0.0	0.0	1.0
	0.5	0.0	0.5	0.0
	0.0	0.0	1.0	0.0
	0.0	0.0	1.0	0.0
	0.0	1.0	0.0	0.0
	0.0	0.0	0.0	1.0
	0.0	1.0	0.0	0.0
	1.0	0.0	0.0	0.0
	1.0	0.0	0.0	0.0
	0.0	0.0	1.0	0.0
	0.0	1.0	0.0	0.0
	0.5	0.5	0.0	0.0
	1.0	0.0	0.0	0.0
	0.0	0.0	0.0	1.0
	0.0	1.0	0.0	0.0
	0.0	1.0	0.0	0.0
	0.0	0.0	0.0	1.0
	0.5	0.5	0.0	0.0
	0.0	1.0	0.0	0.0
	0.0	1.0	0.0	0.0
	0.0	0.0	1.0	0.0
	0.0	1.0	0.0	0.0
	0.0	1.0	0.0	0.0

MEME version 4

ALPHABET= ACGT

MOTIF chr12:110436377-110436387

letter-probability matrix: alength= 4 w= 10
	0.0	0.5	0.0	0.5
	0.0	0.0	0.0	1.0
	0.75	0.25	0.0	0.0
	0.75	0.0	0.0	0.25
	0.0	0.0	0.25	0.75
	0.25	0.0	0.25	0.5
	1.0	0.0	0.0	0.0
	0.75	0.0	0.0	0.25
	1.0	0.0	0.0	0.0
	1.0	0.0	0.0	0.0

MEME version 4

ALPHABET= ACGT

MOTIF chr12:110417172-110417197

letter-probability matrix: alength= 4 w= 25
	0.0	1.0	0.0	0.0
	0.0	1.0	0.0	0.0
	0.0	0.0	0.0	1.0
	0.5	0.0	0.5	0.0
	0.0	0.0	1.0	0.0
	0.0	0.0	1.0	0.0
	0.0	1.0	0.0	0.0
	0.0	0.0	0.0	1.0
	0.0	1.0	0.0	0.0
	1.0	0.0	0.0	0.0
	1.0	0.0	0.0	0.0
	0.0	0.0	1.0	0.0
	0.0	1.0	0.0	0.0
	0.5	0.5	0.0	0.0
	1.0	0.0	0.0	0.0
	0.0	0.0	0.0	1.0
	0.0	1.0	0.0	0.0
	0.0	1.0	0.0	0.0
	0.0	0.0	0.0	1.0
	0.5	0.5	0.0	0.0
	0.0	1.0	0.0	0.0
	0.0	1.0	0.0	0.0
	0.0	0.0	1.0	0.0
	0.0	1.0	0.0	0.0
	0.0	1.0	0.0	0.0

MEME version 4

ALPHABET= ACGT

MOTIF chr7:2420574-2420584

letter-probability matrix: alength= 4 w= 10
	0.0	0.5	0.0	0.5
	0.0	0.0	0.0	1.0
	0.75	0.25	0.0	0.0
	0.75	0.0	0.0	0.25
	0.0	0.0	0.25	0.75
	0.25	0.0	0.25	0.5
	1.0	0.0	0.0	0.0
	0.75	0.0	0.0	0.25
	1.0	0.0	0.0	0.0
	1.0	0.0	0.0	0.0

MEME version 4

ALPHABET= ACGT

MOTIF chr7:2423677-2423702

letter-probability matrix: alength= 4 w= 25
	0.0	1.0	0.0	0.0
	0.0	1.0	0.0	0.0
	0.0	0.0	0.0	1.0
	0.5	0.0	0.5	0.0
	0.0	0.0	1.0	0.0
	0.0	0.0	1.0	0.0
	0.0	1.0	0.0	0.0
	0.0	0.0	0.0	1.0
	0.0	1.0	0.0	0.0
	1.0	0.0	0.0	0.0
	1.0	0.0	0.0	0.0
	0.0	0.0	1.0	0.0
	0.0	1.0	0.0	0.0
	0.5	0.5	0.0	0.0
	1.0	0.0	0.0	0.0
	0.0	0.0	0.0	1.0
	0.0	1.0	0.0	0.0
	0.0	1.0	0.0	0.0
	0.0	0.0	0.0	1.0
	0.5	0.5	0.0	0.0
	0.0	1.0	0.0	0.0
	0.0	1.0	0.0	0.0
	0.0	0.0	1.0	0.0
	0.0	1.0	0.0	0.0
	0.0	1.0	0.0	0.0

MEME version 4

ALPHABET= ACGT

MOTIF chr16:67260940-67260950

letter-probability matrix: alength= 4 w= 10
	0.0	0.5	0.0	0.5
	0.0	0.0	0.0	1.0
	0.75	0.25	0.0	0.0
	0.75	0.0	0.0	0.25
	0.0	0.0	0.25	0.75
	0.25	0.0	0.25	0.5
	1.0	0.0	0.0	0.0
	0.75	0.0	0.0	0.25
	1.0	0.0	0.0	0.0
	1.0	0.0	0.0	0.0

MEME version 4

ALPHABET= ACGT

MOTIF chr16:67254281-67254306

letter-probability matrix: alength= 4 w= 25
	0.0	1.0	0.0	0.0
	0.0	1.0	0.0	0.0
	0.0	0.0	0.0	1.0
	0.5	0.0	0.5	0.0
	0.0	0.0	1.0	0.0
	0.0	0.0	1.0	0.0
	0.0	1.0	0.0	0.0
	0.0	0.0	0.0	1.0
	0.0	1.0	0.0	0.0
	1.0	0.0	0.0	0.0
	1.0	0.0	0.0	0.0
	0.0	0.0	1.0	0.0
	0.0	1.0	0.0	0.0
	0.5	0.5	0.0	0.0
	1.0	0.0	0.0	0.0
	0.0	0.0	0.0	1.0
	0.0	1.0	0.0	0.0
	0.0	1.0	0.0	0.0
	0.0	0.0	0.0	1.0
	0.5	0.5	0.0	0.0
	0.0	1.0	0.0	0.0
	0.0	1.0	0.0	0.0
	0.0	0.0	1.0	0.0
	0.0	1.0	0.0	0.0
	0.0	1.0	0.0	0.0

MEME version 4

ALPHABET= ACGT

MOTIF chr3:42643432-42643442

letter-probability matrix: alength= 4 w= 10
	0.0	0.5	0.0	0.5
	0.0	0.0	0.0	1.0
	0.75	0.25	0.0	0.0
	0.75	0.0	0.0	0.25
	0.0	0.0	0.25	0.75
	0.25	0.0	0.25	0.5
	1.0	0.0	0.0	0.0
	0.75	0.0	0.0	0.25
	1.0	0.0	0.0	0.0
	1.0	0.0	0.0	0.0

MEME version 4

ALPHABET= ACGT

MOTIF chr3:42631707-42631732

letter-probability matrix: alength= 4 w= 25
	0.0	1.0	0.0	0.0
	0.0	1.0	0.0	0.0
	0.0	0.0	0.0	1.0
	0.5	0.0	0.5	0.0
	0.0	0.0	1.0	0.0
	0.0	0.0	1.0	0.0
	0.0	1.0	0.0	0.0
	0.0	0.0	0.0	1.0
	0.0	1.0	0.0	0.0
	1.0	0.0	0.0	0.0
	1.0	0.0	0.0	0.0
	0.0	0.0	1.0	0.0
	0.0	1.0	0.0	0.0
	0.5	0.5	0.0	0.0
	1.0	0.0	0.0	0.0
	0.0	0.0	0.0	1.0
	0.0	1.0	0.0	0.0
	0.0	1.0	0.0	0.0
	0.0	0.0	0.0	1.0
	0.5	0.5	0.0	0.0
	0.0	1.0	0.0	0.0
	0.0	1.0	0.0	0.0
	0.0	0.0	1.0	0.0
	0.0	1.0	0.0	0.0
	0.0	1.0	0.0	0.0

MEME version 4

ALPHABET= ACGT

MOTIF chr19:40886653-40886663

letter-probability matrix: alength= 4 w= 10
	0.0	0.5	0.0	0.5
	0.0	0.0	0.0	1.0
	0.75	0.25	0.0	0.0
	0.75	0.0	0.0	0.25
	0.0	0.0	0.25	0.75
	0.25	0.0	0.25	0.5
	1.0	0.0	0.0	0.0
	0.75	0.0	0.0	0.25
	1.0	0.0	0.0	0.0
	1.0	0.0	0.0	0.0

MEME version 4

ALPHABET= ACGT

MOTIF chr19:40878321-40878346

letter-probability matrix: alength= 4 w= 25
	0.0	1.0	0.0	0.0
	0.0	1.0	0.0	0.0
	0.0	0.0	0.0	1.0
	0.5	0.0	0.5	0.0
	0.0	0.0	1.0	0.0
	0.0	0.0	1.0	0.0
	0.0	1.0	0.0	0.0
	0.0	0.0	0.0	1.0
	0.0	1.0	0.0	0.0
	1.0	0.0	0.0	0.0
	1.0	0.0	0.0	0.0
	0.0	0.0	1.0	0.0
	0.0	1.0	0.0	0.0
	0.5	0.5	0.0	0.0
	1.0	0.0	0.0	0.0
	0.0	0.0	0.0	1.0
	0.0	1.0	0.0	0.0
	0.0	1.0	0.0	0.0
	0.0	0.0	0.0	1.0
	0.5	0.5	0.0	0.0
	0.0	1.0	0.0	0.0
	0.0	1.0	0.0	0.0
	0.0	0.0	1.0	0.0
	0.0	1.0	0.0	0.0
	0.0	1.0	0.0	0.0

MEME version 4

ALPHABET= ACGT

MOTIF chr11:63991533-63991543

letter-probability matrix: alength= 4 w= 10
	0.0	0.5	0.0	0.5
	0.0	0.0	0.0	1.0
	0.75	0.25	0.0	0.0
	0.75	0.0	0.0	0.25
	0.0	0.0	0.25	0.75
	0.25	0.0	0.25	0.5
	1.0	0.0	0.0	0.0
	0.75	0.0	0.0	0.25
	1.0	0.0	0.0	0.0
	1.0	0.0	0.0	0.0

MEME version 4

ALPHABET= ACGT

MOTIF chr11:63966045-63966070

letter-probability matrix: alength= 4 w= 25
	0.0	1.0	0.0	0.0
	0.0	1.0	0.0	0.0
	0.0	0.0	0.0	1.0
	0.5	0.0	0.5	0.0
	0.0	0.0	1.0	0.0
	0.0	0.0	1.0	0.0
	0.0	1.0	0.0	0.0
	0.0	0.0	0.0	1.0
	0.0	1.0	0.0	0.0
	1.0	0.0	0.0	0.0
	1.0	0.0	0.0	0.0
	0.0	0.0	1.0	0.0
	0.0	1.0	0.0	0.0
	0.5	0.5	0.0	0.0
	1.0	0.0	0.0	0.0
	0.0	0.0	0.0	1.0
	0.0	1.0	0.0	0.0
	0.0	1.0	0.0	0.0
	0.0	0.0	0.0	1.0
	0.5	0.5	0.0	0.0
	0.0	1.0	0.0	0.0
	0.0	1.0	0.0	0.0
	0.0	0.0	1.0	0.0
	0.0	1.0	0.0	0.0
	0.0	1.0	0.0	0.0

MEME version 4

ALPHABET= ACGT

MOTIF chr7:108210948-108210958

letter-probability matrix: alength= 4 w= 10
	0.0	0.5	0.0	0.5
	0.0	0.0	0.0	1.0
	0.75	0.25	0.0	0.0
	0.75	0.0	0.0	0.25
	0.0	0.0	0.25	0.75
	0.25	0.0	0.25	0.5
	1.0	0.0	0.0	0.0
	0.75	0.0	0.0	0.25
	1.0	0.0	0.0	0.0
	1.0	0.0	0.0	0.0

MEME version 4

ALPHABET= ACGT

MOTIF chr7:108192718-108192743

letter-probability matrix: alength= 4 w= 25
	0.0	1.0	0.0	0.0
	0.0	1.0	0.0	0.0
	0.0	0.0	0.0	1.0
	0.5	0.0	0.5	0.0
	0.0	0.0	1.0	0.0
	0.0	0.0	1.0	0.0
	0.0	1.0	0.0	0.0
	0.0	0.0	0.0	1.0
	0.0	1.0	0.0	0.0
	1.0	0.0	0.0	0.0
	1.0	0.0	0.0	0.0
	0.0	0.0	1.0	0.0
	0.0	1.0	0.0	0.0
	0.5	0.5	0.0	0.0
	1.0	0.0	0.0	0.0
	0.0	0.0	0.0	1.0
	0.0	1.0	0.0	0.0
	0.0	1.0	0.0	0.0
	0.0	0.0	0.0	1.0
	0.5	0.5	0.0	0.0
	0.0	1.0	0.0	0.0
	0.0	1.0	0.0	0.0
	0.0	0.0	1.0	0.0
	0.0	1.0	0.0	0.0
	0.0	1.0	0.0	0.0

MEME version 4

ALPHABET= ACGT

MOTIF chr10:115614192-115614202

letter-probability matrix: alength= 4 w= 10
	0.0	0.5	0.0	0.5
	0.0	0.0	0.0	1.0
	0.75	0.25	0.0	0.0
	0.75	0.0	0.0	0.25
	0.0	0.0	0.25	0.75
	0.25	0.0	0.25	0.5
	1.0	0.0	0.0	0.0
	0.75	0.0	0.0	0.25
	1.0	0.0	0.0	0.0
	1.0	0.0	0.0	0.0

MEME version 4

ALPHABET= ACGT

MOTIF chr10:115627839-115627864

letter-probability matrix: alength= 4 w= 25
	0.0	1.0	0.0	0.0
	0.0	1.0	0.0	0.0
	0.0	0.0	0.0	1.0
	0.5	0.0	0.5	0.0
	0.0	0.0	1.0	0.0
	0.0	0.0	1.0	0.0
	0.0	1.0	0.0	0.0
	0.0	0.0	0.0	1.0
	0.0	1.0	0.0	0.0
	1.0	0.0	0.0	0.0
	1.0	0.0	0.0	0.0
	0.0	0.0	1.0	0.0
	0.0	1.0	0.0	0.0
	0.5	0.5	0.0	0.0
	1.0	0.0	0.0	0.0
	0.0	0.0	0.0	1.0
	0.0	1.0	0.0	0.0
	0.0	1.0	0.0	0.0
	0.0	0.0	0.0	1.0
	0.5	0.5	0.0	0.0
	0.0	1.0	0.0	0.0
	0.0	1.0	0.0	0.0
	0.0	0.0	1.0	0.0
	0.0	1.0	0.0	0.0
	0.0	1.0	0.0	0.0

MEME version 4

ALPHABET= ACGT

MOTIF chr10:115614192-115614202

letter-probability matrix: alength= 4 w= 10
	0.0	0.5	0.0	0.5
	0.0	0.0	0.0	1.0
	0.75	0.25	0.0	0.0
	0.75	0.0	0.0	0.25
	0.0	0.0	0.25	0.75
	0.25	0.0	0.25	0.5
	1.0	0.0	0.0	0.0
	0.75	0.0	0.0	0.25
	1.0	0.0	0.0	0.0
	1.0	0.0	0.0	0.0

MEME version 4

ALPHABET= ACGT

MOTIF chr10:115627839-115627864

letter-probability matrix: alength= 4 w= 25
	0.0	1.0	0.0	0.0
	0.0	1.0	0.0	0.0
	0.0	0.0	0.0	1.0
	0.5	0.0	0.5	0.0
	0.0	0.0	1.0	0.0
	0.0	0.0	1.0	0.0
	0.0	1.0	0.0	0.0
	0.0	0.0	0.0	1.0
	0.0	1.0	0.0	0.0
	1.0	0.0	0.0	0.0
	1.0	0.0	0.0	0.0
	0.0	0.0	1.0	0.0
	0.0	1.0	0.0	0.0
	0.5	0.5	0.0	0.0
	1.0	0.0	0.0	0.0
	0.0	0.0	0.0	1.0
	0.0	1.0	0.0	0.0
	0.0	1.0	0.0	0.0
	0.0	0.0	0.0	1.0
	0.5	0.5	0.0	0.0
	0.0	1.0	0.0	0.0
	0.0	1.0	0.0	0.0
	0.0	0.0	1.0	0.0
	0.0	1.0	0.0	0.0
	0.0	1.0	0.0	0.0

MEME version 4

ALPHABET= ACGT

MOTIF chr19:33087889-33087899

letter-probability matrix: alength= 4 w= 10
	0.0	0.5	0.0	0.5
	0.0	0.0	0.0	1.0
	0.75	0.25	0.0	0.0
	0.75	0.0	0.0	0.25
	0.0	0.0	0.25	0.75
	0.25	0.0	0.25	0.5
	1.0	0.0	0.0	0.0
	0.75	0.0	0.0	0.25
	1.0	0.0	0.0	0.0
	1.0	0.0	0.0	0.0

MEME version 4

ALPHABET= ACGT

MOTIF chr19:33179384-33179409

letter-probability matrix: alength= 4 w= 25
	0.0	1.0	0.0	0.0
	0.0	1.0	0.0	0.0
	0.0	0.0	0.0	1.0
	0.5	0.0	0.5	0.0
	0.0	0.0	1.0	0.0
	0.0	0.0	1.0	0.0
	0.0	1.0	0.0	0.0
	0.0	0.0	0.0	1.0
	0.0	1.0	0.0	0.0
	1.0	0.0	0.0	0.0
	1.0	0.0	0.0	0.0
	0.0	0.0	1.0	0.0
	0.0	1.0	0.0	0.0
	0.5	0.5	0.0	0.0
	1.0	0.0	0.0	0.0
	0.0	0.0	0.0	1.0
	0.0	1.0	0.0	0.0
	0.0	1.0	0.0	0.0
	0.0	0.0	0.0	1.0
	0.5	0.5	0.0	0.0
	0.0	1.0	0.0	0.0
	0.0	1.0	0.0	0.0
	0.0	0.0	1.0	0.0
	0.0	1.0	0.0	0.0
	0.0	1.0	0.0	0.0

MEME version 4

ALPHABET= ACGT

MOTIF chr10:32346203-32346213

letter-probability matrix: alength= 4 w= 10
	0.0	0.5	0.0	0.5
	0.0	0.0	0.0	1.0
	0.75	0.25	0.0	0.0
	0.75	0.0	0.0	0.25
	0.0	0.0	0.25	0.75
	0.25	0.0	0.25	0.5
	1.0	0.0	0.0	0.0
	0.75	0.0	0.0	0.25
	1.0	0.0	0.0	0.0
	1.0	0.0	0.0	0.0

MEME version 4

ALPHABET= ACGT

MOTIF chr10:32355541-32355566

letter-probability matrix: alength= 4 w= 25
	0.0	1.0	0.0	0.0
	0.0	1.0	0.0	0.0
	0.0	0.0	0.0	1.0
	0.5	0.0	0.5	0.0
	0.0	0.0	1.0	0.0
	0.0	0.0	1.0	0.0
	0.0	1.0	0.0	0.0
	0.0	0.0	0.0	1.0
	0.0	1.0	0.0	0.0
	1.0	0.0	0.0	0.0
	1.0	0.0	0.0	0.0
	0.0	0.0	1.0	0.0
	0.0	1.0	0.0	0.0
	0.5	0.5	0.0	0.0
	1.0	0.0	0.0	0.0
	0.0	0.0	0.0	1.0
	0.0	1.0	0.0	0.0
	0.0	1.0	0.0	0.0
	0.0	0.0	0.0	1.0
	0.5	0.5	0.0	0.0
	0.0	1.0	0.0	0.0
	0.0	1.0	0.0	0.0
	0.0	0.0	1.0	0.0
	0.0	1.0	0.0	0.0
	0.0	1.0	0.0	0.0

MEME version 4

ALPHABET= ACGT

MOTIF chr17:79213061-79213071

letter-probability matrix: alength= 4 w= 10
	0.0	0.5	0.0	0.5
	0.0	0.0	0.0	1.0
	0.75	0.25	0.0	0.0
	0.75	0.0	0.0	0.25
	0.0	0.0	0.25	0.75
	0.25	0.0	0.25	0.5
	1.0	0.0	0.0	0.0
	0.75	0.0	0.0	0.25
	1.0	0.0	0.0	0.0
	1.0	0.0	0.0	0.0

MEME version 4

ALPHABET= ACGT

MOTIF chr17:79185176-79185201

letter-probability matrix: alength= 4 w= 25
	0.0	1.0	0.0	0.0
	0.0	1.0	0.0	0.0
	0.0	0.0	0.0	1.0
	0.5	0.0	0.5	0.0
	0.0	0.0	1.0	0.0
	0.0	0.0	1.0	0.0
	0.0	1.0	0.0	0.0
	0.0	0.0	0.0	1.0
	0.0	1.0	0.0	0.0
	1.0	0.0	0.0	0.0
	1.0	0.0	0.0	0.0
	0.0	0.0	1.0	0.0
	0.0	1.0	0.0	0.0
	0.5	0.5	0.0	0.0
	1.0	0.0	0.0	0.0
	0.0	0.0	0.0	1.0
	0.0	1.0	0.0	0.0
	0.0	1.0	0.0	0.0
	0.0	0.0	0.0	1.0
	0.5	0.5	0.0	0.0
	0.0	1.0	0.0	0.0
	0.0	1.0	0.0	0.0
	0.0	0.0	1.0	0.0
	0.0	1.0	0.0	0.0
	0.0	1.0	0.0	0.0

MEME version 4

ALPHABET= ACGT

MOTIF chr15:75872217-75872227

letter-probability matrix: alength= 4 w= 10
	0.0	0.5	0.0	0.5
	0.0	0.0	0.0	1.0
	0.75	0.25	0.0	0.0
	0.75	0.0	0.0	0.25
	0.0	0.0	0.25	0.75
	0.25	0.0	0.25	0.5
	1.0	0.0	0.0	0.0
	0.75	0.0	0.0	0.25
	1.0	0.0	0.0	0.0
	1.0	0.0	0.0	0.0

MEME version 4

ALPHABET= ACGT

MOTIF chr15:75843502-75843527

letter-probability matrix: alength= 4 w= 25
	0.0	1.0	0.0	0.0
	0.0	1.0	0.0	0.0
	0.0	0.0	0.0	1.0
	0.5	0.0	0.5	0.0
	0.0	0.0	1.0	0.0
	0.0	0.0	1.0	0.0
	0.0	1.0	0.0	0.0
	0.0	0.0	0.0	1.0
	0.0	1.0	0.0	0.0
	1.0	0.0	0.0	0.0
	1.0	0.0	0.0	0.0
	0.0	0.0	1.0	0.0
	0.0	1.0	0.0	0.0
	0.5	0.5	0.0	0.0
	1.0	0.0	0.0	0.0
	0.0	0.0	0.0	1.0
	0.0	1.0	0.0	0.0
	0.0	1.0	0.0	0.0
	0.0	0.0	0.0	1.0
	0.5	0.5	0.0	0.0
	0.0	1.0	0.0	0.0
	0.0	1.0	0.0	0.0
	0.0	0.0	1.0	0.0
	0.0	1.0	0.0	0.0
	0.0	1.0	0.0	0.0

MEME version 4

ALPHABET= ACGT

MOTIF chr13:46627350-46627360

letter-probability matrix: alength= 4 w= 10
	0.0	0.5	0.0	0.5
	0.0	0.0	0.0	1.0
	0.75	0.25	0.0	0.0
	0.75	0.0	0.0	0.25
	0.0	0.0	0.25	0.75
	0.25	0.0	0.25	0.5
	1.0	0.0	0.0	0.0
	0.75	0.0	0.0	0.25
	1.0	0.0	0.0	0.0
	1.0	0.0	0.0	0.0

MEME version 4

ALPHABET= ACGT

MOTIF chr13:46592849-46592874

letter-probability matrix: alength= 4 w= 25
	0.0	1.0	0.0	0.0
	0.0	1.0	0.0	0.0
	0.0	0.0	0.0	1.0
	0.5	0.0	0.5	0.0
	0.0	0.0	1.0	0.0
	0.0	0.0	1.0	0.0
	0.0	1.0	0.0	0.0
	0.0	0.0	0.0	1.0
	0.0	1.0	0.0	0.0
	1.0	0.0	0.0	0.0
	1.0	0.0	0.0	0.0
	0.0	0.0	1.0	0.0
	0.0	1.0	0.0	0.0
	0.5	0.5	0.0	0.0
	1.0	0.0	0.0	0.0
	0.0	0.0	0.0	1.0
	0.0	1.0	0.0	0.0
	0.0	1.0	0.0	0.0
	0.0	0.0	0.0	1.0
	0.5	0.5	0.0	0.0
	0.0	1.0	0.0	0.0
	0.0	1.0	0.0	0.0
	0.0	0.0	1.0	0.0
	0.0	1.0	0.0	0.0
	0.0	1.0	0.0	0.0

MEME version 4

ALPHABET= ACGT

MOTIF chr19:39882499-39882509

letter-probability matrix: alength= 4 w= 10
	0.0	0.5	0.0	0.5
	0.0	0.0	0.0	1.0
	0.75	0.25	0.0	0.0
	0.75	0.0	0.0	0.25
	0.0	0.0	0.25	0.75
	0.25	0.0	0.25	0.5
	1.0	0.0	0.0	0.0
	0.75	0.0	0.0	0.25
	1.0	0.0	0.0	0.0
	1.0	0.0	0.0	0.0

MEME version 4

ALPHABET= ACGT

MOTIF chr19:39875854-39875879

letter-probability matrix: alength= 4 w= 25
	0.0	1.0	0.0	0.0
	0.0	1.0	0.0	0.0
	0.0	0.0	0.0	1.0
	0.5	0.0	0.5	0.0
	0.0	0.0	1.0	0.0
	0.0	0.0	1.0	0.0
	0.0	1.0	0.0	0.0
	0.0	0.0	0.0	1.0
	0.0	1.0	0.0	0.0
	1.0	0.0	0.0	0.0
	1.0	0.0	0.0	0.0
	0.0	0.0	1.0	0.0
	0.0	1.0	0.0	0.0
	0.5	0.5	0.0	0.0
	1.0	0.0	0.0	0.0
	0.0	0.0	0.0	1.0
	0.0	1.0	0.0	0.0
	0.0	1.0	0.0	0.0
	0.0	0.0	0.0	1.0
	0.5	0.5	0.0	0.0
	0.0	1.0	0.0	0.0
	0.0	1.0	0.0	0.0
	0.0	0.0	1.0	0.0
	0.0	1.0	0.0	0.0
	0.0	1.0	0.0	0.0

MEME version 4

ALPHABET= ACGT

MOTIF chr15:64748352-64748362

letter-probability matrix: alength= 4 w= 10
	0.0	0.5	0.0	0.5
	0.0	0.0	0.0	1.0
	0.75	0.25	0.0	0.0
	0.75	0.0	0.0	0.25
	0.0	0.0	0.25	0.75
	0.25	0.0	0.25	0.5
	1.0	0.0	0.0	0.0
	0.75	0.0	0.0	0.25
	1.0	0.0	0.0	0.0
	1.0	0.0	0.0	0.0

MEME version 4

ALPHABET= ACGT

MOTIF chr15:64697111-64697136

letter-probability matrix: alength= 4 w= 25
	0.0	1.0	0.0	0.0
	0.0	1.0	0.0	0.0
	0.0	0.0	0.0	1.0
	0.5	0.0	0.5	0.0
	0.0	0.0	1.0	0.0
	0.0	0.0	1.0	0.0
	0.0	1.0	0.0	0.0
	0.0	0.0	0.0	1.0
	0.0	1.0	0.0	0.0
	1.0	0.0	0.0	0.0
	1.0	0.0	0.0	0.0
	0.0	0.0	1.0	0.0
	0.0	1.0	0.0	0.0
	0.5	0.5	0.0	0.0
	1.0	0.0	0.0	0.0
	0.0	0.0	0.0	1.0
	0.0	1.0	0.0	0.0
	0.0	1.0	0.0	0.0
	0.0	0.0	0.0	1.0
	0.5	0.5	0.0	0.0
	0.0	1.0	0.0	0.0
	0.0	1.0	0.0	0.0
	0.0	0.0	1.0	0.0
	0.0	1.0	0.0	0.0
	0.0	1.0	0.0	0.0

MEME version 4

ALPHABET= ACGT

MOTIF chr14:24708262-24708272

letter-probability matrix: alength= 4 w= 10
	0.0	0.5	0.0	0.5
	0.0	0.0	0.0	1.0
	0.75	0.25	0.0	0.0
	0.75	0.0	0.0	0.25
	0.0	0.0	0.25	0.75
	0.25	0.0	0.25	0.5
	1.0	0.0	0.0	0.0
	0.75	0.0	0.0	0.25
	1.0	0.0	0.0	0.0
	1.0	0.0	0.0	0.0

MEME version 4

ALPHABET= ACGT

MOTIF chr14:24684080-24684105

letter-probability matrix: alength= 4 w= 25
	0.0	1.0	0.0	0.0
	0.0	1.0	0.0	0.0
	0.0	0.0	0.0	1.0
	0.5	0.0	0.5	0.0
	0.0	0.0	1.0	0.0
	0.0	0.0	1.0	0.0
	0.0	1.0	0.0	0.0
	0.0	0.0	0.0	1.0
	0.0	1.0	0.0	0.0
	1.0	0.0	0.0	0.0
	1.0	0.0	0.0	0.0
	0.0	0.0	1.0	0.0
	0.0	1.0	0.0	0.0
	0.5	0.5	0.0	0.0
	1.0	0.0	0.0	0.0
	0.0	0.0	0.0	1.0
	0.0	1.0	0.0	0.0
	0.0	1.0	0.0	0.0
	0.0	0.0	0.0	1.0
	0.5	0.5	0.0	0.0
	0.0	1.0	0.0	0.0
	0.0	1.0	0.0	0.0
	0.0	0.0	1.0	0.0
	0.0	1.0	0.0	0.0
	0.0	1.0	0.0	0.0

MEME version 4

ALPHABET= ACGT

MOTIF chr1:173639189-173639199

letter-probability matrix: alength= 4 w= 10
	0.0	0.5	0.0	0.5
	0.0	0.0	0.0	1.0
	0.75	0.25	0.0	0.0
	0.75	0.0	0.0	0.25
	0.0	0.0	0.25	0.75
	0.25	0.0	0.25	0.5
	1.0	0.0	0.0	0.0
	0.75	0.0	0.0	0.25
	1.0	0.0	0.0	0.0
	1.0	0.0	0.0	0.0

MEME version 4

ALPHABET= ACGT

MOTIF chr1:173632232-173632257

letter-probability matrix: alength= 4 w= 25
	0.0	1.0	0.0	0.0
	0.0	1.0	0.0	0.0
	0.0	0.0	0.0	1.0
	0.5	0.0	0.5	0.0
	0.0	0.0	1.0	0.0
	0.0	0.0	1.0	0.0
	0.0	1.0	0.0	0.0
	0.0	0.0	0.0	1.0
	0.0	1.0	0.0	0.0
	1.0	0.0	0.0	0.0
	1.0	0.0	0.0	0.0
	0.0	0.0	1.0	0.0
	0.0	1.0	0.0	0.0
	0.5	0.5	0.0	0.0
	1.0	0.0	0.0	0.0
	0.0	0.0	0.0	1.0
	0.0	1.0	0.0	0.0
	0.0	1.0	0.0	0.0
	0.0	0.0	0.0	1.0
	0.5	0.5	0.0	0.0
	0.0	1.0	0.0	0.0
	0.0	1.0	0.0	0.0
	0.0	0.0	1.0	0.0
	0.0	1.0	0.0	0.0
	0.0	1.0	0.0	0.0

MEME version 4

ALPHABET= ACGT

MOTIF chr19:41870795-41870805

letter-probability matrix: alength= 4 w= 10
	0.0	0.5	0.0	0.5
	0.0	0.0	0.0	1.0
	0.75	0.25	0.0	0.0
	0.75	0.0	0.0	0.25
	0.0	0.0	0.25	0.75
	0.25	0.0	0.25	0.5
	1.0	0.0	0.0	0.0
	0.75	0.0	0.0	0.25
	1.0	0.0	0.0	0.0
	1.0	0.0	0.0	0.0

MEME version 4

ALPHABET= ACGT

MOTIF chr19:41901299-41901324

letter-probability matrix: alength= 4 w= 25
	0.0	1.0	0.0	0.0
	0.0	1.0	0.0	0.0
	0.0	0.0	0.0	1.0
	0.5	0.0	0.5	0.0
	0.0	0.0	1.0	0.0
	0.0	0.0	1.0	0.0
	0.0	1.0	0.0	0.0
	0.0	0.0	0.0	1.0
	0.0	1.0	0.0	0.0
	1.0	0.0	0.0	0.0
	1.0	0.0	0.0	0.0
	0.0	0.0	1.0	0.0
	0.0	1.0	0.0	0.0
	0.5	0.5	0.0	0.0
	1.0	0.0	0.0	0.0
	0.0	0.0	0.0	1.0
	0.0	1.0	0.0	0.0
	0.0	1.0	0.0	0.0
	0.0	0.0	0.0	1.0
	0.5	0.5	0.0	0.0
	0.0	1.0	0.0	0.0
	0.0	1.0	0.0	0.0
	0.0	0.0	1.0	0.0
	0.0	1.0	0.0	0.0
	0.0	1.0	0.0	0.0

MEME version 4

ALPHABET= ACGT

MOTIF chr6:112424029-112424039

letter-probability matrix: alength= 4 w= 10
	0.0	0.5	0.0	0.5
	0.0	0.0	0.0	1.0
	0.75	0.25	0.0	0.0
	0.75	0.0	0.0	0.25
	0.0	0.0	0.25	0.75
	0.25	0.0	0.25	0.5
	1.0	0.0	0.0	0.0
	0.75	0.0	0.0	0.25
	1.0	0.0	0.0	0.0
	1.0	0.0	0.0	0.0

MEME version 4

ALPHABET= ACGT

MOTIF chr6:112438654-112438679

letter-probability matrix: alength= 4 w= 25
	0.0	1.0	0.0	0.0
	0.0	1.0	0.0	0.0
	0.0	0.0	0.0	1.0
	0.5	0.0	0.5	0.0
	0.0	0.0	1.0	0.0
	0.0	0.0	1.0	0.0
	0.0	1.0	0.0	0.0
	0.0	0.0	0.0	1.0
	0.0	1.0	0.0	0.0
	1.0	0.0	0.0	0.0
	1.0	0.0	0.0	0.0
	0.0	0.0	1.0	0.0
	0.0	1.0	0.0	0.0
	0.5	0.5	0.0	0.0
	1.0	0.0	0.0	0.0
	0.0	0.0	0.0	1.0
	0.0	1.0	0.0	0.0
	0.0	1.0	0.0	0.0
	0.0	0.0	0.0	1.0
	0.5	0.5	0.0	0.0
	0.0	1.0	0.0	0.0
	0.0	1.0	0.0	0.0
	0.0	0.0	1.0	0.0
	0.0	1.0	0.0	0.0
	0.0	1.0	0.0	0.0

MEME version 4

ALPHABET= ACGT

MOTIF chr8:105342394-105342404

letter-probability matrix: alength= 4 w= 10
	0.0	0.5	0.0	0.5
	0.0	0.0	0.0	1.0
	0.75	0.25	0.0	0.0
	0.75	0.0	0.0	0.25
	0.0	0.0	0.25	0.75
	0.25	0.0	0.25	0.5
	1.0	0.0	0.0	0.0
	0.75	0.0	0.0	0.25
	1.0	0.0	0.0	0.0
	1.0	0.0	0.0	0.0

MEME version 4

ALPHABET= ACGT

MOTIF chr8:105459202-105459227

letter-probability matrix: alength= 4 w= 25
	0.0	1.0	0.0	0.0
	0.0	1.0	0.0	0.0
	0.0	0.0	0.0	1.0
	0.5	0.0	0.5	0.0
	0.0	0.0	1.0	0.0
	0.0	0.0	1.0	0.0
	0.0	1.0	0.0	0.0
	0.0	0.0	0.0	1.0
	0.0	1.0	0.0	0.0
	1.0	0.0	0.0	0.0
	1.0	0.0	0.0	0.0
	0.0	0.0	1.0	0.0
	0.0	1.0	0.0	0.0
	0.5	0.5	0.0	0.0
	1.0	0.0	0.0	0.0
	0.0	0.0	0.0	1.0
	0.0	1.0	0.0	0.0
	0.0	1.0	0.0	0.0
	0.0	0.0	0.0	1.0
	0.5	0.5	0.0	0.0
	0.0	1.0	0.0	0.0
	0.0	1.0	0.0	0.0
	0.0	0.0	1.0	0.0
	0.0	1.0	0.0	0.0
	0.0	1.0	0.0	0.0

MEME version 4

ALPHABET= ACGT

MOTIF chr16:18813226-18813236

letter-probability matrix: alength= 4 w= 10
	0.0	0.5	0.0	0.5
	0.0	0.0	0.0	1.0
	0.75	0.25	0.0	0.0
	0.75	0.0	0.0	0.25
	0.0	0.0	0.25	0.75
	0.25	0.0	0.25	0.5
	1.0	0.0	0.0	0.0
	0.75	0.0	0.0	0.25
	1.0	0.0	0.0	0.0
	1.0	0.0	0.0	0.0

MEME version 4

ALPHABET= ACGT

MOTIF chr16:18829315-18829340

letter-probability matrix: alength= 4 w= 25
	0.0	1.0	0.0	0.0
	0.0	1.0	0.0	0.0
	0.0	0.0	0.0	1.0
	0.5	0.0	0.5	0.0
	0.0	0.0	1.0	0.0
	0.0	0.0	1.0	0.0
	0.0	1.0	0.0	0.0
	0.0	0.0	0.0	1.0
	0.0	1.0	0.0	0.0
	1.0	0.0	0.0	0.0
	1.0	0.0	0.0	0.0
	0.0	0.0	1.0	0.0
	0.0	1.0	0.0	0.0
	0.5	0.5	0.0	0.0
	1.0	0.0	0.0	0.0
	0.0	0.0	0.0	1.0
	0.0	1.0	0.0	0.0
	0.0	1.0	0.0	0.0
	0.0	0.0	0.0	1.0
	0.5	0.5	0.0	0.0
	0.0	1.0	0.0	0.0
	0.0	1.0	0.0	0.0
	0.0	0.0	1.0	0.0
	0.0	1.0	0.0	0.0
	0.0	1.0	0.0	0.0

MEME version 4

ALPHABET= ACGT

MOTIF chr14:24617286-24617296

letter-probability matrix: alength= 4 w= 10
	0.0	0.5	0.0	0.5
	0.0	0.0	0.0	1.0
	0.75	0.25	0.0	0.0
	0.75	0.0	0.0	0.25
	0.0	0.0	0.25	0.75
	0.25	0.0	0.25	0.5
	1.0	0.0	0.0	0.0
	0.75	0.0	0.0	0.25
	1.0	0.0	0.0	0.0
	1.0	0.0	0.0	0.0

MEME version 4

ALPHABET= ACGT

MOTIF chr14:24630026-24630051

letter-probability matrix: alength= 4 w= 25
	0.0	1.0	0.0	0.0
	0.0	1.0	0.0	0.0
	0.0	0.0	0.0	1.0
	0.5	0.0	0.5	0.0
	0.0	0.0	1.0	0.0
	0.0	0.0	1.0	0.0
	0.0	1.0	0.0	0.0
	0.0	0.0	0.0	1.0
	0.0	1.0	0.0	0.0
	1.0	0.0	0.0	0.0
	1.0	0.0	0.0	0.0
	0.0	0.0	1.0	0.0
	0.0	1.0	0.0	0.0
	0.5	0.5	0.0	0.0
	1.0	0.0	0.0	0.0
	0.0	0.0	0.0	1.0
	0.0	1.0	0.0	0.0
	0.0	1.0	0.0	0.0
	0.0	0.0	0.0	1.0
	0.5	0.5	0.0	0.0
	0.0	1.0	0.0	0.0
	0.0	1.0	0.0	0.0
	0.0	0.0	1.0	0.0
	0.0	1.0	0.0	0.0
	0.0	1.0	0.0	0.0

MEME version 4

ALPHABET= ACGT

MOTIF chr20:43124714-43124724

letter-probability matrix: alength= 4 w= 10
	0.0	0.5	0.0	0.5
	0.0	0.0	0.0	1.0
	0.75	0.25	0.0	0.0
	0.75	0.0	0.0	0.25
	0.0	0.0	0.25	0.75
	0.25	0.0	0.25	0.5
	1.0	0.0	0.0	0.0
	0.75	0.0	0.0	0.25
	1.0	0.0	0.0	0.0
	1.0	0.0	0.0	0.0

MEME version 4

ALPHABET= ACGT

MOTIF chr20:43165662-43165687

letter-probability matrix: alength= 4 w= 25
	0.0	1.0	0.0	0.0
	0.0	1.0	0.0	0.0
	0.0	0.0	0.0	1.0
	0.5	0.0	0.5	0.0
	0.0	0.0	1.0	0.0
	0.0	0.0	1.0	0.0
	0.0	1.0	0.0	0.0
	0.0	0.0	0.0	1.0
	0.0	1.0	0.0	0.0
	1.0	0.0	0.0	0.0
	1.0	0.0	0.0	0.0
	0.0	0.0	1.0	0.0
	0.0	1.0	0.0	0.0
	0.5	0.5	0.0	0.0
	1.0	0.0	0.0	0.0
	0.0	0.0	0.0	1.0
	0.0	1.0	0.0	0.0
	0.0	1.0	0.0	0.0
	0.0	0.0	0.0	1.0
	0.5	0.5	0.0	0.0
	0.0	1.0	0.0	0.0
	0.0	1.0	0.0	0.0
	0.0	0.0	1.0	0.0
	0.0	1.0	0.0	0.0
	0.0	1.0	0.0	0.0

MEME version 4

ALPHABET= ACGT

MOTIF chr10:115677072-115677082

letter-probability matrix: alength= 4 w= 10
	0.0	0.5	0.0	0.5
	0.0	0.0	0.0	1.0
	0.75	0.25	0.0	0.0
	0.75	0.0	0.0	0.25
	0.0	0.0	0.25	0.75
	0.25	0.0	0.25	0.5
	1.0	0.0	0.0	0.0
	0.75	0.0	0.0	0.25
	1.0	0.0	0.0	0.0
	1.0	0.0	0.0	0.0

MEME version 4

ALPHABET= ACGT

MOTIF chr10:115627839-115627864

letter-probability matrix: alength= 4 w= 25
	0.0	1.0	0.0	0.0
	0.0	1.0	0.0	0.0
	0.0	0.0	0.0	1.0
	0.5	0.0	0.5	0.0
	0.0	0.0	1.0	0.0
	0.0	0.0	1.0	0.0
	0.0	1.0	0.0	0.0
	0.0	0.0	0.0	1.0
	0.0	1.0	0.0	0.0
	1.0	0.0	0.0	0.0
	1.0	0.0	0.0	0.0
	0.0	0.0	1.0	0.0
	0.0	1.0	0.0	0.0
	0.5	0.5	0.0	0.0
	1.0	0.0	0.0	0.0
	0.0	0.0	0.0	1.0
	0.0	1.0	0.0	0.0
	0.0	1.0	0.0	0.0
	0.0	0.0	0.0	1.0
	0.5	0.5	0.0	0.0
	0.0	1.0	0.0	0.0
	0.0	1.0	0.0	0.0
	0.0	0.0	1.0	0.0
	0.0	1.0	0.0	0.0
	0.0	1.0	0.0	0.0

MEME version 4

ALPHABET= ACGT

MOTIF chr5:148749520-148749530

letter-probability matrix: alength= 4 w= 10
	0.0	0.5	0.0	0.5
	0.0	0.0	0.0	1.0
	0.75	0.25	0.0	0.0
	0.75	0.0	0.0	0.25
	0.0	0.0	0.25	0.75
	0.25	0.0	0.25	0.5
	1.0	0.0	0.0	0.0
	0.75	0.0	0.0	0.25
	1.0	0.0	0.0	0.0
	1.0	0.0	0.0	0.0

MEME version 4

ALPHABET= ACGT

MOTIF chr5:148722945-148722970

letter-probability matrix: alength= 4 w= 25
	0.0	1.0	0.0	0.0
	0.0	1.0	0.0	0.0
	0.0	0.0	0.0	1.0
	0.5	0.0	0.5	0.0
	0.0	0.0	1.0	0.0
	0.0	0.0	1.0	0.0
	0.0	1.0	0.0	0.0
	0.0	0.0	0.0	1.0
	0.0	1.0	0.0	0.0
	1.0	0.0	0.0	0.0
	1.0	0.0	0.0	0.0
	0.0	0.0	1.0	0.0
	0.0	1.0	0.0	0.0
	0.5	0.5	0.0	0.0
	1.0	0.0	0.0	0.0
	0.0	0.0	0.0	1.0
	0.0	1.0	0.0	0.0
	0.0	1.0	0.0	0.0
	0.0	0.0	0.0	1.0
	0.5	0.5	0.0	0.0
	0.0	1.0	0.0	0.0
	0.0	1.0	0.0	0.0
	0.0	0.0	1.0	0.0
	0.0	1.0	0.0	0.0
	0.0	1.0	0.0	0.0

MEME version 4

ALPHABET= ACGT

MOTIF chr13:31710290-31710300

letter-probability matrix: alength= 4 w= 10
	0.0	0.5	0.0	0.5
	0.0	0.0	0.0	1.0
	0.75	0.25	0.0	0.0
	0.75	0.0	0.0	0.25
	0.0	0.0	0.25	0.75
	0.25	0.0	0.25	0.5
	1.0	0.0	0.0	0.0
	0.75	0.0	0.0	0.25
	1.0	0.0	0.0	0.0
	1.0	0.0	0.0	0.0

MEME version 4

ALPHABET= ACGT

MOTIF chr13:31753715-31753740

letter-probability matrix: alength= 4 w= 25
	0.0	1.0	0.0	0.0
	0.0	1.0	0.0	0.0
	0.0	0.0	0.0	1.0
	0.5	0.0	0.5	0.0
	0.0	0.0	1.0	0.0
	0.0	0.0	1.0	0.0
	0.0	1.0	0.0	0.0
	0.0	0.0	0.0	1.0
	0.0	1.0	0.0	0.0
	1.0	0.0	0.0	0.0
	1.0	0.0	0.0	0.0
	0.0	0.0	1.0	0.0
	0.0	1.0	0.0	0.0
	0.5	0.5	0.0	0.0
	1.0	0.0	0.0	0.0
	0.0	0.0	0.0	1.0
	0.0	1.0	0.0	0.0
	0.0	1.0	0.0	0.0
	0.0	0.0	0.0	1.0
	0.5	0.5	0.0	0.0
	0.0	1.0	0.0	0.0
	0.0	1.0	0.0	0.0
	0.0	0.0	1.0	0.0
	0.0	1.0	0.0	0.0
	0.0	1.0	0.0	0.0

MEME version 4

ALPHABET= ACGT

MOTIF chr1:247613950-247613960

letter-probability matrix: alength= 4 w= 10
	0.0	0.5	0.0	0.5
	0.0	0.0	0.0	1.0
	0.75	0.25	0.0	0.0
	0.75	0.0	0.0	0.25
	0.0	0.0	0.25	0.75
	0.25	0.0	0.25	0.5
	1.0	0.0	0.0	0.0
	0.75	0.0	0.0	0.25
	1.0	0.0	0.0	0.0
	1.0	0.0	0.0	0.0

MEME version 4

ALPHABET= ACGT

MOTIF chr1:247632124-247632149

letter-probability matrix: alength= 4 w= 25
	0.0	1.0	0.0	0.0
	0.0	1.0	0.0	0.0
	0.0	0.0	0.0	1.0
	0.5	0.0	0.5	0.0
	0.0	0.0	1.0	0.0
	0.0	0.0	1.0	0.0
	0.0	1.0	0.0	0.0
	0.0	0.0	0.0	1.0
	0.0	1.0	0.0	0.0
	1.0	0.0	0.0	0.0
	1.0	0.0	0.0	0.0
	0.0	0.0	1.0	0.0
	0.0	1.0	0.0	0.0
	0.5	0.5	0.0	0.0
	1.0	0.0	0.0	0.0
	0.0	0.0	0.0	1.0
	0.0	1.0	0.0	0.0
	0.0	1.0	0.0	0.0
	0.0	0.0	0.0	1.0
	0.5	0.5	0.0	0.0
	0.0	1.0	0.0	0.0
	0.0	1.0	0.0	0.0
	0.0	0.0	1.0	0.0
	0.0	1.0	0.0	0.0
	0.0	1.0	0.0	0.0

MEME version 4

ALPHABET= ACGT

MOTIF chr18:21535223-21535233

letter-probability matrix: alength= 4 w= 10
	0.0	0.5	0.0	0.5
	0.0	0.0	0.0	1.0
	0.75	0.25	0.0	0.0
	0.75	0.0	0.0	0.25
	0.0	0.0	0.25	0.75
	0.25	0.0	0.25	0.5
	1.0	0.0	0.0	0.0
	0.75	0.0	0.0	0.25
	1.0	0.0	0.0	0.0
	1.0	0.0	0.0	0.0

MEME version 4

ALPHABET= ACGT

MOTIF chr18:21278654-21278679

letter-probability matrix: alength= 4 w= 25
	0.0	1.0	0.0	0.0
	0.0	1.0	0.0	0.0
	0.0	0.0	0.0	1.0
	0.5	0.0	0.5	0.0
	0.0	0.0	1.0	0.0
	0.0	0.0	1.0	0.0
	0.0	1.0	0.0	0.0
	0.0	0.0	0.0	1.0
	0.0	1.0	0.0	0.0
	1.0	0.0	0.0	0.0
	1.0	0.0	0.0	0.0
	0.0	0.0	1.0	0.0
	0.0	1.0	0.0	0.0
	0.5	0.5	0.0	0.0
	1.0	0.0	0.0	0.0
	0.0	0.0	0.0	1.0
	0.0	1.0	0.0	0.0
	0.0	1.0	0.0	0.0
	0.0	0.0	0.0	1.0
	0.5	0.5	0.0	0.0
	0.0	1.0	0.0	0.0
	0.0	1.0	0.0	0.0
	0.0	0.0	1.0	0.0
	0.0	1.0	0.0	0.0
	0.0	1.0	0.0	0.0

MEME version 4

ALPHABET= ACGT

MOTIF chr12:122359442-122359452

letter-probability matrix: alength= 4 w= 10
	0.0	0.5	0.0	0.5
	0.0	0.0	0.0	1.0
	0.75	0.25	0.0	0.0
	0.75	0.0	0.0	0.25
	0.0	0.0	0.25	0.75
	0.25	0.0	0.25	0.5
	1.0	0.0	0.0	0.0
	0.75	0.0	0.0	0.25
	1.0	0.0	0.0	0.0
	1.0	0.0	0.0	0.0

MEME version 4

ALPHABET= ACGT

MOTIF chr12:122319245-122319270

letter-probability matrix: alength= 4 w= 25
	0.0	1.0	0.0	0.0
	0.0	1.0	0.0	0.0
	0.0	0.0	0.0	1.0
	0.5	0.0	0.5	0.0
	0.0	0.0	1.0	0.0
	0.0	0.0	1.0	0.0
	0.0	1.0	0.0	0.0
	0.0	0.0	0.0	1.0
	0.0	1.0	0.0	0.0
	1.0	0.0	0.0	0.0
	1.0	0.0	0.0	0.0
	0.0	0.0	1.0	0.0
	0.0	1.0	0.0	0.0
	0.5	0.5	0.0	0.0
	1.0	0.0	0.0	0.0
	0.0	0.0	0.0	1.0
	0.0	1.0	0.0	0.0
	0.0	1.0	0.0	0.0
	0.0	0.0	0.0	1.0
	0.5	0.5	0.0	0.0
	0.0	1.0	0.0	0.0
	0.0	1.0	0.0	0.0
	0.0	0.0	1.0	0.0
	0.0	1.0	0.0	0.0
	0.0	1.0	0.0	0.0

MEME version 4

ALPHABET= ACGT

MOTIF chr1:38158878-38158888

letter-probability matrix: alength= 4 w= 10
	0.0	0.5	0.0	0.5
	0.0	0.0	0.0	1.0
	0.75	0.25	0.0	0.0
	0.75	0.0	0.0	0.25
	0.0	0.0	0.25	0.75
	0.25	0.0	0.25	0.5
	1.0	0.0	0.0	0.0
	0.75	0.0	0.0	0.25
	1.0	0.0	0.0	0.0
	1.0	0.0	0.0	0.0

MEME version 4

ALPHABET= ACGT

MOTIF chr1:38148637-38148662

letter-probability matrix: alength= 4 w= 25
	0.0	1.0	0.0	0.0
	0.0	1.0	0.0	0.0
	0.0	0.0	0.0	1.0
	0.5	0.0	0.5	0.0
	0.0	0.0	1.0	0.0
	0.0	0.0	1.0	0.0
	0.0	1.0	0.0	0.0
	0.0	0.0	0.0	1.0
	0.0	1.0	0.0	0.0
	1.0	0.0	0.0	0.0
	1.0	0.0	0.0	0.0
	0.0	0.0	1.0	0.0
	0.0	1.0	0.0	0.0
	0.5	0.5	0.0	0.0
	1.0	0.0	0.0	0.0
	0.0	0.0	0.0	1.0
	0.0	1.0	0.0	0.0
	0.0	1.0	0.0	0.0
	0.0	0.0	0.0	1.0
	0.5	0.5	0.0	0.0
	0.0	1.0	0.0	0.0
	0.0	1.0	0.0	0.0
	0.0	0.0	1.0	0.0
	0.0	1.0	0.0	0.0
	0.0	1.0	0.0	0.0

MEME version 4

ALPHABET= ACGT

MOTIF chr2:68695246-68695256

letter-probability matrix: alength= 4 w= 10
	0.0	0.5	0.0	0.5
	0.0	0.0	0.0	1.0
	0.75	0.25	0.0	0.0
	0.75	0.0	0.0	0.25
	0.0	0.0	0.25	0.75
	0.25	0.0	0.25	0.5
	1.0	0.0	0.0	0.0
	0.75	0.0	0.0	0.25
	1.0	0.0	0.0	0.0
	1.0	0.0	0.0	0.0

MEME version 4

ALPHABET= ACGT

MOTIF chr2:68710490-68710515

letter-probability matrix: alength= 4 w= 25
	0.0	1.0	0.0	0.0
	0.0	1.0	0.0	0.0
	0.0	0.0	0.0	1.0
	0.5	0.0	0.5	0.0
	0.0	0.0	1.0	0.0
	0.0	0.0	1.0	0.0
	0.0	1.0	0.0	0.0
	0.0	0.0	0.0	1.0
	0.0	1.0	0.0	0.0
	1.0	0.0	0.0	0.0
	1.0	0.0	0.0	0.0
	0.0	0.0	1.0	0.0
	0.0	1.0	0.0	0.0
	0.5	0.5	0.0	0.0
	1.0	0.0	0.0	0.0
	0.0	0.0	0.0	1.0
	0.0	1.0	0.0	0.0
	0.0	1.0	0.0	0.0
	0.0	0.0	0.0	1.0
	0.5	0.5	0.0	0.0
	0.0	1.0	0.0	0.0
	0.0	1.0	0.0	0.0
	0.0	0.0	1.0	0.0
	0.0	1.0	0.0	0.0
	0.0	1.0	0.0	0.0

MEME version 4

ALPHABET= ACGT

MOTIF chr15:64680674-64680684

letter-probability matrix: alength= 4 w= 10
	0.0	0.5	0.0	0.5
	0.0	0.0	0.0	1.0
	0.75	0.25	0.0	0.0
	0.75	0.0	0.0	0.25
	0.0	0.0	0.25	0.75
	0.25	0.0	0.25	0.5
	1.0	0.0	0.0	0.0
	0.75	0.0	0.0	0.25
	1.0	0.0	0.0	0.0
	1.0	0.0	0.0	0.0

MEME version 4

ALPHABET= ACGT

MOTIF chr15:64697111-64697136

letter-probability matrix: alength= 4 w= 25
	0.0	1.0	0.0	0.0
	0.0	1.0	0.0	0.0
	0.0	0.0	0.0	1.0
	0.5	0.0	0.5	0.0
	0.0	0.0	1.0	0.0
	0.0	0.0	1.0	0.0
	0.0	1.0	0.0	0.0
	0.0	0.0	0.0	1.0
	0.0	1.0	0.0	0.0
	1.0	0.0	0.0	0.0
	1.0	0.0	0.0	0.0
	0.0	0.0	1.0	0.0
	0.0	1.0	0.0	0.0
	0.5	0.5	0.0	0.0
	1.0	0.0	0.0	0.0
	0.0	0.0	0.0	1.0
	0.0	1.0	0.0	0.0
	0.0	1.0	0.0	0.0
	0.0	0.0	0.0	1.0
	0.5	0.5	0.0	0.0
	0.0	1.0	0.0	0.0
	0.0	1.0	0.0	0.0
	0.0	0.0	1.0	0.0
	0.0	1.0	0.0	0.0
	0.0	1.0	0.0	0.0

MEME version 4

ALPHABET= ACGT

MOTIF chr9:140032720-140032730

letter-probability matrix: alength= 4 w= 10
	0.0	0.5	0.0	0.5
	0.0	0.0	0.0	1.0
	0.75	0.25	0.0	0.0
	0.75	0.0	0.0	0.25
	0.0	0.0	0.25	0.75
	0.25	0.0	0.25	0.5
	1.0	0.0	0.0	0.0
	0.75	0.0	0.0	0.25
	1.0	0.0	0.0	0.0
	1.0	0.0	0.0	0.0

MEME version 4

ALPHABET= ACGT

MOTIF chr9:140026477-140026502

letter-probability matrix: alength= 4 w= 25
	0.0	1.0	0.0	0.0
	0.0	1.0	0.0	0.0
	0.0	0.0	0.0	1.0
	0.5	0.0	0.5	0.0
	0.0	0.0	1.0	0.0
	0.0	0.0	1.0	0.0
	0.0	1.0	0.0	0.0
	0.0	0.0	0.0	1.0
	0.0	1.0	0.0	0.0
	1.0	0.0	0.0	0.0
	1.0	0.0	0.0	0.0
	0.0	0.0	1.0	0.0
	0.0	1.0	0.0	0.0
	0.5	0.5	0.0	0.0
	1.0	0.0	0.0	0.0
	0.0	0.0	0.0	1.0
	0.0	1.0	0.0	0.0
	0.0	1.0	0.0	0.0
	0.0	0.0	0.0	1.0
	0.5	0.5	0.0	0.0
	0.0	1.0	0.0	0.0
	0.0	1.0	0.0	0.0
	0.0	0.0	1.0	0.0
	0.0	1.0	0.0	0.0
	0.0	1.0	0.0	0.0

MEME version 4

ALPHABET= ACGT

MOTIF chr16:28848901-28848911

letter-probability matrix: alength= 4 w= 10
	0.0	0.5	0.0	0.5
	0.0	0.0	0.0	1.0
	0.75	0.25	0.0	0.0
	0.75	0.0	0.0	0.25
	0.0	0.0	0.25	0.75
	0.25	0.0	0.25	0.5
	1.0	0.0	0.0	0.0
	0.75	0.0	0.0	0.25
	1.0	0.0	0.0	0.0
	1.0	0.0	0.0	0.0

MEME version 4

ALPHABET= ACGT

MOTIF chr16:28814509-28814534

letter-probability matrix: alength= 4 w= 25
	0.0	1.0	0.0	0.0
	0.0	1.0	0.0	0.0
	0.0	0.0	0.0	1.0
	0.5	0.0	0.5	0.0
	0.0	0.0	1.0	0.0
	0.0	0.0	1.0	0.0
	0.0	1.0	0.0	0.0
	0.0	0.0	0.0	1.0
	0.0	1.0	0.0	0.0
	1.0	0.0	0.0	0.0
	1.0	0.0	0.0	0.0
	0.0	0.0	1.0	0.0
	0.0	1.0	0.0	0.0
	0.5	0.5	0.0	0.0
	1.0	0.0	0.0	0.0
	0.0	0.0	0.0	1.0
	0.0	1.0	0.0	0.0
	0.0	1.0	0.0	0.0
	0.0	0.0	0.0	1.0
	0.5	0.5	0.0	0.0
	0.0	1.0	0.0	0.0
	0.0	1.0	0.0	0.0
	0.0	0.0	1.0	0.0
	0.0	1.0	0.0	0.0
	0.0	1.0	0.0	0.0

MEME version 4

ALPHABET= ACGT

MOTIF chr17:60006118-60006128

letter-probability matrix: alength= 4 w= 10
	0.0	0.5	0.0	0.5
	0.0	0.0	0.0	1.0
	0.75	0.25	0.0	0.0
	0.75	0.0	0.0	0.25
	0.0	0.0	0.25	0.75
	0.25	0.0	0.25	0.5
	1.0	0.0	0.0	0.0
	0.75	0.0	0.0	0.25
	1.0	0.0	0.0	0.0
	1.0	0.0	0.0	0.0

MEME version 4

ALPHABET= ACGT

MOTIF chr17:60018447-60018472

letter-probability matrix: alength= 4 w= 25
	0.0	1.0	0.0	0.0
	0.0	1.0	0.0	0.0
	0.0	0.0	0.0	1.0
	0.5	0.0	0.5	0.0
	0.0	0.0	1.0	0.0
	0.0	0.0	1.0	0.0
	0.0	1.0	0.0	0.0
	0.0	0.0	0.0	1.0
	0.0	1.0	0.0	0.0
	1.0	0.0	0.0	0.0
	1.0	0.0	0.0	0.0
	0.0	0.0	1.0	0.0
	0.0	1.0	0.0	0.0
	0.5	0.5	0.0	0.0
	1.0	0.0	0.0	0.0
	0.0	0.0	0.0	1.0
	0.0	1.0	0.0	0.0
	0.0	1.0	0.0	0.0
	0.0	0.0	0.0	1.0
	0.5	0.5	0.0	0.0
	0.0	1.0	0.0	0.0
	0.0	1.0	0.0	0.0
	0.0	0.0	1.0	0.0
	0.0	1.0	0.0	0.0
	0.0	1.0	0.0	0.0

MEME version 4

ALPHABET= ACGT

MOTIF chr12:110477818-110477828

letter-probability matrix: alength= 4 w= 10
	0.0	0.5	0.0	0.5
	0.0	0.0	0.0	1.0
	0.75	0.25	0.0	0.0
	0.75	0.0	0.0	0.25
	0.0	0.0	0.25	0.75
	0.25	0.0	0.25	0.5
	1.0	0.0	0.0	0.0
	0.75	0.0	0.0	0.25
	1.0	0.0	0.0	0.0
	1.0	0.0	0.0	0.0

MEME version 4

ALPHABET= ACGT

MOTIF chr12:110417172-110417197

letter-probability matrix: alength= 4 w= 25
	0.0	1.0	0.0	0.0
	0.0	1.0	0.0	0.0
	0.0	0.0	0.0	1.0
	0.5	0.0	0.5	0.0
	0.0	0.0	1.0	0.0
	0.0	0.0	1.0	0.0
	0.0	1.0	0.0	0.0
	0.0	0.0	0.0	1.0
	0.0	1.0	0.0	0.0
	1.0	0.0	0.0	0.0
	1.0	0.0	0.0	0.0
	0.0	0.0	1.0	0.0
	0.0	1.0	0.0	0.0
	0.5	0.5	0.0	0.0
	1.0	0.0	0.0	0.0
	0.0	0.0	0.0	1.0
	0.0	1.0	0.0	0.0
	0.0	1.0	0.0	0.0
	0.0	0.0	0.0	1.0
	0.5	0.5	0.0	0.0
	0.0	1.0	0.0	0.0
	0.0	1.0	0.0	0.0
	0.0	0.0	1.0	0.0
	0.0	1.0	0.0	0.0
	0.0	1.0	0.0	0.0

MEME version 4

ALPHABET= ACGT

MOTIF chr5:10250317-10250327

letter-probability matrix: alength= 4 w= 10
	0.0	0.5	0.0	0.5
	0.0	0.0	0.0	1.0
	0.75	0.25	0.0	0.0
	0.75	0.0	0.0	0.25
	0.0	0.0	0.25	0.75
	0.25	0.0	0.25	0.5
	1.0	0.0	0.0	0.0
	0.75	0.0	0.0	0.25
	1.0	0.0	0.0	0.0
	1.0	0.0	0.0	0.0

MEME version 4

ALPHABET= ACGT

MOTIF chr5:10277295-10277320

letter-probability matrix: alength= 4 w= 25
	0.0	1.0	0.0	0.0
	0.0	1.0	0.0	0.0
	0.0	0.0	0.0	1.0
	0.5	0.0	0.5	0.0
	0.0	0.0	1.0	0.0
	0.0	0.0	1.0	0.0
	0.0	1.0	0.0	0.0
	0.0	0.0	0.0	1.0
	0.0	1.0	0.0	0.0
	1.0	0.0	0.0	0.0
	1.0	0.0	0.0	0.0
	0.0	0.0	1.0	0.0
	0.0	1.0	0.0	0.0
	0.5	0.5	0.0	0.0
	1.0	0.0	0.0	0.0
	0.0	0.0	0.0	1.0
	0.0	1.0	0.0	0.0
	0.0	1.0	0.0	0.0
	0.0	0.0	0.0	1.0
	0.5	0.5	0.0	0.0
	0.0	1.0	0.0	0.0
	0.0	1.0	0.0	0.0
	0.0	0.0	1.0	0.0
	0.0	1.0	0.0	0.0
	0.0	1.0	0.0	0.0

MEME version 4

ALPHABET= ACGT

MOTIF chr9:78999489-78999499

letter-probability matrix: alength= 4 w= 10
	0.0	0.5	0.0	0.5
	0.0	0.0	0.0	1.0
	0.75	0.25	0.0	0.0
	0.75	0.0	0.0	0.25
	0.0	0.0	0.25	0.75
	0.25	0.0	0.25	0.5
	1.0	0.0	0.0	0.0
	0.75	0.0	0.0	0.25
	1.0	0.0	0.0	0.0
	1.0	0.0	0.0	0.0

MEME version 4

ALPHABET= ACGT

MOTIF chr9:79028157-79028182

letter-probability matrix: alength= 4 w= 25
	0.0	1.0	0.0	0.0
	0.0	1.0	0.0	0.0
	0.0	0.0	0.0	1.0
	0.5	0.0	0.5	0.0
	0.0	0.0	1.0	0.0
	0.0	0.0	1.0	0.0
	0.0	1.0	0.0	0.0
	0.0	0.0	0.0	1.0
	0.0	1.0	0.0	0.0
	1.0	0.0	0.0	0.0
	1.0	0.0	0.0	0.0
	0.0	0.0	1.0	0.0
	0.0	1.0	0.0	0.0
	0.5	0.5	0.0	0.0
	1.0	0.0	0.0	0.0
	0.0	0.0	0.0	1.0
	0.0	1.0	0.0	0.0
	0.0	1.0	0.0	0.0
	0.0	0.0	0.0	1.0
	0.5	0.5	0.0	0.0
	0.0	1.0	0.0	0.0
	0.0	1.0	0.0	0.0
	0.0	0.0	1.0	0.0
	0.0	1.0	0.0	0.0
	0.0	1.0	0.0	0.0

MEME version 4

ALPHABET= ACGT

MOTIF chr7:2420574-2420584

letter-probability matrix: alength= 4 w= 10
	0.0	0.5	0.0	0.5
	0.0	0.0	0.0	1.0
	0.75	0.25	0.0	0.0
	0.75	0.0	0.0	0.25
	0.0	0.0	0.25	0.75
	0.25	0.0	0.25	0.5
	1.0	0.0	0.0	0.0
	0.75	0.0	0.0	0.25
	1.0	0.0	0.0	0.0
	1.0	0.0	0.0	0.0

MEME version 4

ALPHABET= ACGT

MOTIF chr7:2370368-2370393

letter-probability matrix: alength= 4 w= 25
	0.0	1.0	0.0	0.0
	0.0	1.0	0.0	0.0
	0.0	0.0	0.0	1.0
	0.5	0.0	0.5	0.0
	0.0	0.0	1.0	0.0
	0.0	0.0	1.0	0.0
	0.0	1.0	0.0	0.0
	0.0	0.0	0.0	1.0
	0.0	1.0	0.0	0.0
	1.0	0.0	0.0	0.0
	1.0	0.0	0.0	0.0
	0.0	0.0	1.0	0.0
	0.0	1.0	0.0	0.0
	0.5	0.5	0.0	0.0
	1.0	0.0	0.0	0.0
	0.0	0.0	0.0	1.0
	0.0	1.0	0.0	0.0
	0.0	1.0	0.0	0.0
	0.0	0.0	0.0	1.0
	0.5	0.5	0.0	0.0
	0.0	1.0	0.0	0.0
	0.0	1.0	0.0	0.0
	0.0	0.0	1.0	0.0
	0.0	1.0	0.0	0.0
	0.0	1.0	0.0	0.0

MEME version 4

ALPHABET= ACGT

MOTIF chr6:26018365-26018375

letter-probability matrix: alength= 4 w= 10
	0.0	0.5	0.0	0.5
	0.0	0.0	0.0	1.0
	0.75	0.25	0.0	0.0
	0.75	0.0	0.0	0.25
	0.0	0.0	0.25	0.75
	0.25	0.0	0.25	0.5
	1.0	0.0	0.0	0.0
	0.75	0.0	0.0	0.25
	1.0	0.0	0.0	0.0
	1.0	0.0	0.0	0.0

MEME version 4

ALPHABET= ACGT

MOTIF chr6:26008081-26008106

letter-probability matrix: alength= 4 w= 25
	0.0	1.0	0.0	0.0
	0.0	1.0	0.0	0.0
	0.0	0.0	0.0	1.0
	0.5	0.0	0.5	0.0
	0.0	0.0	1.0	0.0
	0.0	0.0	1.0	0.0
	0.0	1.0	0.0	0.0
	0.0	0.0	0.0	1.0
	0.0	1.0	0.0	0.0
	1.0	0.0	0.0	0.0
	1.0	0.0	0.0	0.0
	0.0	0.0	1.0	0.0
	0.0	1.0	0.0	0.0
	0.5	0.5	0.0	0.0
	1.0	0.0	0.0	0.0
	0.0	0.0	0.0	1.0
	0.0	1.0	0.0	0.0
	0.0	1.0	0.0	0.0
	0.0	0.0	0.0	1.0
	0.5	0.5	0.0	0.0
	0.0	1.0	0.0	0.0
	0.0	1.0	0.0	0.0
	0.0	0.0	1.0	0.0
	0.0	1.0	0.0	0.0
	0.0	1.0	0.0	0.0

MEME version 4

ALPHABET= ACGT

MOTIF chr1:29137680-29137690

letter-probability matrix: alength= 4 w= 10
	0.0	0.5	0.0	0.5
	0.0	0.0	0.0	1.0
	0.75	0.25	0.0	0.0
	0.75	0.0	0.0	0.25
	0.0	0.0	0.25	0.75
	0.25	0.0	0.25	0.5
	1.0	0.0	0.0	0.0
	0.75	0.0	0.0	0.25
	1.0	0.0	0.0	0.0
	1.0	0.0	0.0	0.0

MEME version 4

ALPHABET= ACGT

MOTIF chr1:29102866-29102891

letter-probability matrix: alength= 4 w= 25
	0.0	1.0	0.0	0.0
	0.0	1.0	0.0	0.0
	0.0	0.0	0.0	1.0
	0.5	0.0	0.5	0.0
	0.0	0.0	1.0	0.0
	0.0	0.0	1.0	0.0
	0.0	1.0	0.0	0.0
	0.0	0.0	0.0	1.0
	0.0	1.0	0.0	0.0
	1.0	0.0	0.0	0.0
	1.0	0.0	0.0	0.0
	0.0	0.0	1.0	0.0
	0.0	1.0	0.0	0.0
	0.5	0.5	0.0	0.0
	1.0	0.0	0.0	0.0
	0.0	0.0	0.0	1.0
	0.0	1.0	0.0	0.0
	0.0	1.0	0.0	0.0
	0.0	0.0	0.0	1.0
	0.5	0.5	0.0	0.0
	0.0	1.0	0.0	0.0
	0.0	1.0	0.0	0.0
	0.0	0.0	1.0	0.0
	0.0	1.0	0.0	0.0
	0.0	1.0	0.0	0.0

MEME version 4

ALPHABET= ACGT

MOTIF chr15:75758644-75758654

letter-probability matrix: alength= 4 w= 10
	0.0	0.5	0.0	0.5
	0.0	0.0	0.0	1.0
	0.75	0.25	0.0	0.0
	0.75	0.0	0.0	0.25
	0.0	0.0	0.25	0.75
	0.25	0.0	0.25	0.5
	1.0	0.0	0.0	0.0
	0.75	0.0	0.0	0.25
	1.0	0.0	0.0	0.0
	1.0	0.0	0.0	0.0

MEME version 4

ALPHABET= ACGT

MOTIF chr15:75843502-75843527

letter-probability matrix: alength= 4 w= 25
	0.0	1.0	0.0	0.0
	0.0	1.0	0.0	0.0
	0.0	0.0	0.0	1.0
	0.5	0.0	0.5	0.0
	0.0	0.0	1.0	0.0
	0.0	0.0	1.0	0.0
	0.0	1.0	0.0	0.0
	0.0	0.0	0.0	1.0
	0.0	1.0	0.0	0.0
	1.0	0.0	0.0	0.0
	1.0	0.0	0.0	0.0
	0.0	0.0	1.0	0.0
	0.0	1.0	0.0	0.0
	0.5	0.5	0.0	0.0
	1.0	0.0	0.0	0.0
	0.0	0.0	0.0	1.0
	0.0	1.0	0.0	0.0
	0.0	1.0	0.0	0.0
	0.0	0.0	0.0	1.0
	0.5	0.5	0.0	0.0
	0.0	1.0	0.0	0.0
	0.0	1.0	0.0	0.0
	0.0	0.0	1.0	0.0
	0.0	1.0	0.0	0.0
	0.0	1.0	0.0	0.0

MEME version 4

ALPHABET= ACGT

MOTIF chr7:25165724-25165734

letter-probability matrix: alength= 4 w= 10
	0.0	0.5	0.0	0.5
	0.0	0.0	0.0	1.0
	0.75	0.25	0.0	0.0
	0.75	0.0	0.0	0.25
	0.0	0.0	0.25	0.75
	0.25	0.0	0.25	0.5
	1.0	0.0	0.0	0.0
	0.75	0.0	0.0	0.25
	1.0	0.0	0.0	0.0
	1.0	0.0	0.0	0.0

MEME version 4

ALPHABET= ACGT

MOTIF chr7:25113504-25113529

letter-probability matrix: alength= 4 w= 25
	0.0	1.0	0.0	0.0
	0.0	1.0	0.0	0.0
	0.0	0.0	0.0	1.0
	0.5	0.0	0.5	0.0
	0.0	0.0	1.0	0.0
	0.0	0.0	1.0	0.0
	0.0	1.0	0.0	0.0
	0.0	0.0	0.0	1.0
	0.0	1.0	0.0	0.0
	1.0	0.0	0.0	0.0
	1.0	0.0	0.0	0.0
	0.0	0.0	1.0	0.0
	0.0	1.0	0.0	0.0
	0.5	0.5	0.0	0.0
	1.0	0.0	0.0	0.0
	0.0	0.0	0.0	1.0
	0.0	1.0	0.0	0.0
	0.0	1.0	0.0	0.0
	0.0	0.0	0.0	1.0
	0.5	0.5	0.0	0.0
	0.0	1.0	0.0	0.0
	0.0	1.0	0.0	0.0
	0.0	0.0	1.0	0.0
	0.0	1.0	0.0	0.0
	0.0	1.0	0.0	0.0

MEME version 4

ALPHABET= ACGT

MOTIF chr22:21127508-21127518

letter-probability matrix: alength= 4 w= 10
	0.0	0.5	0.0	0.5
	0.0	0.0	0.0	1.0
	0.75	0.25	0.0	0.0
	0.75	0.0	0.0	0.25
	0.0	0.0	0.25	0.75
	0.25	0.0	0.25	0.5
	1.0	0.0	0.0	0.0
	0.75	0.0	0.0	0.25
	1.0	0.0	0.0	0.0
	1.0	0.0	0.0	0.0

MEME version 4

ALPHABET= ACGT

MOTIF chr22:21123851-21123876

letter-probability matrix: alength= 4 w= 25
	0.0	1.0	0.0	0.0
	0.0	1.0	0.0	0.0
	0.0	0.0	0.0	1.0
	0.5	0.0	0.5	0.0
	0.0	0.0	1.0	0.0
	0.0	0.0	1.0	0.0
	0.0	1.0	0.0	0.0
	0.0	0.0	0.0	1.0
	0.0	1.0	0.0	0.0
	1.0	0.0	0.0	0.0
	1.0	0.0	0.0	0.0
	0.0	0.0	1.0	0.0
	0.0	1.0	0.0	0.0
	0.5	0.5	0.0	0.0
	1.0	0.0	0.0	0.0
	0.0	0.0	0.0	1.0
	0.0	1.0	0.0	0.0
	0.0	1.0	0.0	0.0
	0.0	0.0	0.0	1.0
	0.5	0.5	0.0	0.0
	0.0	1.0	0.0	0.0
	0.0	1.0	0.0	0.0
	0.0	0.0	1.0	0.0
	0.0	1.0	0.0	0.0
	0.0	1.0	0.0	0.0

MEME version 4

ALPHABET= ACGT

MOTIF chr12:105500827-105500837

letter-probability matrix: alength= 4 w= 10
	0.0	0.5	0.0	0.5
	0.0	0.0	0.0	1.0
	0.75	0.25	0.0	0.0
	0.75	0.0	0.0	0.25
	0.0	0.0	0.25	0.75
	0.25	0.0	0.25	0.5
	1.0	0.0	0.0	0.0
	0.75	0.0	0.0	0.25
	1.0	0.0	0.0	0.0
	1.0	0.0	0.0	0.0

MEME version 4

ALPHABET= ACGT

MOTIF chr12:105494353-105494378

letter-probability matrix: alength= 4 w= 25
	0.0	1.0	0.0	0.0
	0.0	1.0	0.0	0.0
	0.0	0.0	0.0	1.0
	0.5	0.0	0.5	0.0
	0.0	0.0	1.0	0.0
	0.0	0.0	1.0	0.0
	0.0	1.0	0.0	0.0
	0.0	0.0	0.0	1.0
	0.0	1.0	0.0	0.0
	1.0	0.0	0.0	0.0
	1.0	0.0	0.0	0.0
	0.0	0.0	1.0	0.0
	0.0	1.0	0.0	0.0
	0.5	0.5	0.0	0.0
	1.0	0.0	0.0	0.0
	0.0	0.0	0.0	1.0
	0.0	1.0	0.0	0.0
	0.0	1.0	0.0	0.0
	0.0	0.0	0.0	1.0
	0.5	0.5	0.0	0.0
	0.0	1.0	0.0	0.0
	0.0	1.0	0.0	0.0
	0.0	0.0	1.0	0.0
	0.0	1.0	0.0	0.0
	0.0	1.0	0.0	0.0

MEME version 4

ALPHABET= ACGT

MOTIF chr8:74903108-74903118

letter-probability matrix: alength= 4 w= 10
	0.0	0.5	0.0	0.5
	0.0	0.0	0.0	1.0
	0.75	0.25	0.0	0.0
	0.75	0.0	0.0	0.25
	0.0	0.0	0.25	0.75
	0.25	0.0	0.25	0.5
	1.0	0.0	0.0	0.0
	0.75	0.0	0.0	0.25
	1.0	0.0	0.0	0.0
	1.0	0.0	0.0	0.0

MEME version 4

ALPHABET= ACGT

MOTIF chr8:74909206-74909231

letter-probability matrix: alength= 4 w= 25
	0.0	1.0	0.0	0.0
	0.0	1.0	0.0	0.0
	0.0	0.0	0.0	1.0
	0.5	0.0	0.5	0.0
	0.0	0.0	1.0	0.0
	0.0	0.0	1.0	0.0
	0.0	1.0	0.0	0.0
	0.0	0.0	0.0	1.0
	0.0	1.0	0.0	0.0
	1.0	0.0	0.0	0.0
	1.0	0.0	0.0	0.0
	0.0	0.0	1.0	0.0
	0.0	1.0	0.0	0.0
	0.5	0.5	0.0	0.0
	1.0	0.0	0.0	0.0
	0.0	0.0	0.0	1.0
	0.0	1.0	0.0	0.0
	0.0	1.0	0.0	0.0
	0.0	0.0	0.0	1.0
	0.5	0.5	0.0	0.0
	0.0	1.0	0.0	0.0
	0.0	1.0	0.0	0.0
	0.0	0.0	1.0	0.0
	0.0	1.0	0.0	0.0
	0.0	1.0	0.0	0.0

MEME version 4

ALPHABET= ACGT

MOTIF chr5:148737004-148737014

letter-probability matrix: alength= 4 w= 10
	0.0	0.5	0.0	0.5
	0.0	0.0	0.0	1.0
	0.75	0.25	0.0	0.0
	0.75	0.0	0.0	0.25
	0.0	0.0	0.25	0.75
	0.25	0.0	0.25	0.5
	1.0	0.0	0.0	0.0
	0.75	0.0	0.0	0.25
	1.0	0.0	0.0	0.0
	1.0	0.0	0.0	0.0

MEME version 4

ALPHABET= ACGT

MOTIF chr5:148722945-148722970

letter-probability matrix: alength= 4 w= 25
	0.0	1.0	0.0	0.0
	0.0	1.0	0.0	0.0
	0.0	0.0	0.0	1.0
	0.5	0.0	0.5	0.0
	0.0	0.0	1.0	0.0
	0.0	0.0	1.0	0.0
	0.0	1.0	0.0	0.0
	0.0	0.0	0.0	1.0
	0.0	1.0	0.0	0.0
	1.0	0.0	0.0	0.0
	1.0	0.0	0.0	0.0
	0.0	0.0	1.0	0.0
	0.0	1.0	0.0	0.0
	0.5	0.5	0.0	0.0
	1.0	0.0	0.0	0.0
	0.0	0.0	0.0	1.0
	0.0	1.0	0.0	0.0
	0.0	1.0	0.0	0.0
	0.0	0.0	0.0	1.0
	0.5	0.5	0.0	0.0
	0.0	1.0	0.0	0.0
	0.0	1.0	0.0	0.0
	0.0	0.0	1.0	0.0
	0.0	1.0	0.0	0.0
	0.0	1.0	0.0	0.0

MEME version 4

ALPHABET= ACGT

MOTIF chr19:17420054-17420064

letter-probability matrix: alength= 4 w= 10
	0.0	0.5	0.0	0.5
	0.0	0.0	0.0	1.0
	0.75	0.25	0.0	0.0
	0.75	0.0	0.0	0.25
	0.0	0.0	0.25	0.75
	0.25	0.0	0.25	0.5
	1.0	0.0	0.0	0.0
	0.75	0.0	0.0	0.25
	1.0	0.0	0.0	0.0
	1.0	0.0	0.0	0.0

MEME version 4

ALPHABET= ACGT

MOTIF chr19:17443151-17443176

letter-probability matrix: alength= 4 w= 25
	0.0	1.0	0.0	0.0
	0.0	1.0	0.0	0.0
	0.0	0.0	0.0	1.0
	0.5	0.0	0.5	0.0
	0.0	0.0	1.0	0.0
	0.0	0.0	1.0	0.0
	0.0	1.0	0.0	0.0
	0.0	0.0	0.0	1.0
	0.0	1.0	0.0	0.0
	1.0	0.0	0.0	0.0
	1.0	0.0	0.0	0.0
	0.0	0.0	1.0	0.0
	0.0	1.0	0.0	0.0
	0.5	0.5	0.0	0.0
	1.0	0.0	0.0	0.0
	0.0	0.0	0.0	1.0
	0.0	1.0	0.0	0.0
	0.0	1.0	0.0	0.0
	0.0	0.0	0.0	1.0
	0.5	0.5	0.0	0.0
	0.0	1.0	0.0	0.0
	0.0	1.0	0.0	0.0
	0.0	0.0	1.0	0.0
	0.0	1.0	0.0	0.0
	0.0	1.0	0.0	0.0

MEME version 4

ALPHABET= ACGT

MOTIF chr12:133263584-133263594

letter-probability matrix: alength= 4 w= 10
	0.0	0.5	0.0	0.5
	0.0	0.0	0.0	1.0
	0.75	0.25	0.0	0.0
	0.75	0.0	0.0	0.25
	0.0	0.0	0.25	0.75
	0.25	0.0	0.25	0.5
	1.0	0.0	0.0	0.0
	0.75	0.0	0.0	0.25
	1.0	0.0	0.0	0.0
	1.0	0.0	0.0	0.0

MEME version 4

ALPHABET= ACGT

MOTIF chr12:133218274-133218299

letter-probability matrix: alength= 4 w= 25
	0.0	1.0	0.0	0.0
	0.0	1.0	0.0	0.0
	0.0	0.0	0.0	1.0
	0.5	0.0	0.5	0.0
	0.0	0.0	1.0	0.0
	0.0	0.0	1.0	0.0
	0.0	1.0	0.0	0.0
	0.0	0.0	0.0	1.0
	0.0	1.0	0.0	0.0
	1.0	0.0	0.0	0.0
	1.0	0.0	0.0	0.0
	0.0	0.0	1.0	0.0
	0.0	1.0	0.0	0.0
	0.5	0.5	0.0	0.0
	1.0	0.0	0.0	0.0
	0.0	0.0	0.0	1.0
	0.0	1.0	0.0	0.0
	0.0	1.0	0.0	0.0
	0.0	0.0	0.0	1.0
	0.5	0.5	0.0	0.0
	0.0	1.0	0.0	0.0
	0.0	1.0	0.0	0.0
	0.0	0.0	1.0	0.0
	0.0	1.0	0.0	0.0
	0.0	1.0	0.0	0.0

MEME version 4

ALPHABET= ACGT

MOTIF chr5:10226124-10226134

letter-probability matrix: alength= 4 w= 10
	0.0	0.5	0.0	0.5
	0.0	0.0	0.0	1.0
	0.75	0.25	0.0	0.0
	0.75	0.0	0.0	0.25
	0.0	0.0	0.25	0.75
	0.25	0.0	0.25	0.5
	1.0	0.0	0.0	0.0
	0.75	0.0	0.0	0.25
	1.0	0.0	0.0	0.0
	1.0	0.0	0.0	0.0

MEME version 4

ALPHABET= ACGT

MOTIF chr5:10277295-10277320

letter-probability matrix: alength= 4 w= 25
	0.0	1.0	0.0	0.0
	0.0	1.0	0.0	0.0
	0.0	0.0	0.0	1.0
	0.5	0.0	0.5	0.0
	0.0	0.0	1.0	0.0
	0.0	0.0	1.0	0.0
	0.0	1.0	0.0	0.0
	0.0	0.0	0.0	1.0
	0.0	1.0	0.0	0.0
	1.0	0.0	0.0	0.0
	1.0	0.0	0.0	0.0
	0.0	0.0	1.0	0.0
	0.0	1.0	0.0	0.0
	0.5	0.5	0.0	0.0
	1.0	0.0	0.0	0.0
	0.0	0.0	0.0	1.0
	0.0	1.0	0.0	0.0
	0.0	1.0	0.0	0.0
	0.0	0.0	0.0	1.0
	0.5	0.5	0.0	0.0
	0.0	1.0	0.0	0.0
	0.0	1.0	0.0	0.0
	0.0	0.0	1.0	0.0
	0.0	1.0	0.0	0.0
	0.0	1.0	0.0	0.0

MEME version 4

ALPHABET= ACGT

MOTIF chr19:12785925-12785935

letter-probability matrix: alength= 4 w= 10
	0.0	0.5	0.0	0.5
	0.0	0.0	0.0	1.0
	0.75	0.25	0.0	0.0
	0.75	0.0	0.0	0.25
	0.0	0.0	0.25	0.75
	0.25	0.0	0.25	0.5
	1.0	0.0	0.0	0.0
	0.75	0.0	0.0	0.25
	1.0	0.0	0.0	0.0
	1.0	0.0	0.0	0.0

MEME version 4

ALPHABET= ACGT

MOTIF chr19:12802223-12802248

letter-probability matrix: alength= 4 w= 25
	0.0	1.0	0.0	0.0
	0.0	1.0	0.0	0.0
	0.0	0.0	0.0	1.0
	0.5	0.0	0.5	0.0
	0.0	0.0	1.0	0.0
	0.0	0.0	1.0	0.0
	0.0	1.0	0.0	0.0
	0.0	0.0	0.0	1.0
	0.0	1.0	0.0	0.0
	1.0	0.0	0.0	0.0
	1.0	0.0	0.0	0.0
	0.0	0.0	1.0	0.0
	0.0	1.0	0.0	0.0
	0.5	0.5	0.0	0.0
	1.0	0.0	0.0	0.0
	0.0	0.0	0.0	1.0
	0.0	1.0	0.0	0.0
	0.0	1.0	0.0	0.0
	0.0	0.0	0.0	1.0
	0.5	0.5	0.0	0.0
	0.0	1.0	0.0	0.0
	0.0	1.0	0.0	0.0
	0.0	0.0	1.0	0.0
	0.0	1.0	0.0	0.0
	0.0	1.0	0.0	0.0

MEME version 4

ALPHABET= ACGT

MOTIF chr4:74864800-74864810

letter-probability matrix: alength= 4 w= 10
	0.0	0.5	0.0	0.5
	0.0	0.0	0.0	1.0
	0.75	0.25	0.0	0.0
	0.75	0.0	0.0	0.25
	0.0	0.0	0.25	0.75
	0.25	0.0	0.25	0.5
	1.0	0.0	0.0	0.0
	0.75	0.0	0.0	0.25
	1.0	0.0	0.0	0.0
	1.0	0.0	0.0	0.0

MEME version 4

ALPHABET= ACGT

MOTIF chr4:74854024-74854049

letter-probability matrix: alength= 4 w= 25
	0.0	1.0	0.0	0.0
	0.0	1.0	0.0	0.0
	0.0	0.0	0.0	1.0
	0.5	0.0	0.5	0.0
	0.0	0.0	1.0	0.0
	0.0	0.0	1.0	0.0
	0.0	1.0	0.0	0.0
	0.0	0.0	0.0	1.0
	0.0	1.0	0.0	0.0
	1.0	0.0	0.0	0.0
	1.0	0.0	0.0	0.0
	0.0	0.0	1.0	0.0
	0.0	1.0	0.0	0.0
	0.5	0.5	0.0	0.0
	1.0	0.0	0.0	0.0
	0.0	0.0	0.0	1.0
	0.0	1.0	0.0	0.0
	0.0	1.0	0.0	0.0
	0.0	0.0	0.0	1.0
	0.5	0.5	0.0	0.0
	0.0	1.0	0.0	0.0
	0.0	1.0	0.0	0.0
	0.0	0.0	1.0	0.0
	0.0	1.0	0.0	0.0
	0.0	1.0	0.0	0.0

MEME version 4

ALPHABET= ACGT

MOTIF chr12:82873457-82873467

letter-probability matrix: alength= 4 w= 10
	0.0	0.5	0.0	0.5
	0.0	0.0	0.0	1.0
	0.75	0.25	0.0	0.0
	0.75	0.0	0.0	0.25
	0.0	0.0	0.25	0.75
	0.25	0.0	0.25	0.5
	1.0	0.0	0.0	0.0
	0.75	0.0	0.0	0.25
	1.0	0.0	0.0	0.0
	1.0	0.0	0.0	0.0

MEME version 4

ALPHABET= ACGT

MOTIF chr12:82744222-82744247

letter-probability matrix: alength= 4 w= 25
	0.0	1.0	0.0	0.0
	0.0	1.0	0.0	0.0
	0.0	0.0	0.0	1.0
	0.5	0.0	0.5	0.0
	0.0	0.0	1.0	0.0
	0.0	0.0	1.0	0.0
	0.0	1.0	0.0	0.0
	0.0	0.0	0.0	1.0
	0.0	1.0	0.0	0.0
	1.0	0.0	0.0	0.0
	1.0	0.0	0.0	0.0
	0.0	0.0	1.0	0.0
	0.0	1.0	0.0	0.0
	0.5	0.5	0.0	0.0
	1.0	0.0	0.0	0.0
	0.0	0.0	0.0	1.0
	0.0	1.0	0.0	0.0
	0.0	1.0	0.0	0.0
	0.0	0.0	0.0	1.0
	0.5	0.5	0.0	0.0
	0.0	1.0	0.0	0.0
	0.0	1.0	0.0	0.0
	0.0	0.0	1.0	0.0
	0.0	1.0	0.0	0.0
	0.0	1.0	0.0	0.0

MEME version 4

ALPHABET= ACGT

MOTIF chr2:135893583-135893593

letter-probability matrix: alength= 4 w= 10
	0.0	0.5	0.0	0.5
	0.0	0.0	0.0	1.0
	0.75	0.25	0.0	0.0
	0.75	0.0	0.0	0.25
	0.0	0.0	0.25	0.75
	0.25	0.0	0.25	0.5
	1.0	0.0	0.0	0.0
	0.75	0.0	0.0	0.25
	1.0	0.0	0.0	0.0
	1.0	0.0	0.0	0.0

MEME version 4

ALPHABET= ACGT

MOTIF chr2:136303609-136303634

letter-probability matrix: alength= 4 w= 25
	0.0	1.0	0.0	0.0
	0.0	1.0	0.0	0.0
	0.0	0.0	0.0	1.0
	0.5	0.0	0.5	0.0
	0.0	0.0	1.0	0.0
	0.0	0.0	1.0	0.0
	0.0	1.0	0.0	0.0
	0.0	0.0	0.0	1.0
	0.0	1.0	0.0	0.0
	1.0	0.0	0.0	0.0
	1.0	0.0	0.0	0.0
	0.0	0.0	1.0	0.0
	0.0	1.0	0.0	0.0
	0.5	0.5	0.0	0.0
	1.0	0.0	0.0	0.0
	0.0	0.0	0.0	1.0
	0.0	1.0	0.0	0.0
	0.0	1.0	0.0	0.0
	0.0	0.0	0.0	1.0
	0.5	0.5	0.0	0.0
	0.0	1.0	0.0	0.0
	0.0	1.0	0.0	0.0
	0.0	0.0	1.0	0.0
	0.0	1.0	0.0	0.0
	0.0	1.0	0.0	0.0

MEME version 4

ALPHABET= ACGT

MOTIF chr7:143012330-143012340

letter-probability matrix: alength= 4 w= 10
	0.0	0.5	0.0	0.5
	0.0	0.0	0.0	1.0
	0.75	0.25	0.0	0.0
	0.75	0.0	0.0	0.25
	0.0	0.0	0.25	0.75
	0.25	0.0	0.25	0.5
	1.0	0.0	0.0	0.0
	0.75	0.0	0.0	0.25
	1.0	0.0	0.0	0.0
	1.0	0.0	0.0	0.0

MEME version 4

ALPHABET= ACGT

MOTIF chr7:143004106-143004131

letter-probability matrix: alength= 4 w= 25
	0.0	1.0	0.0	0.0
	0.0	1.0	0.0	0.0
	0.0	0.0	0.0	1.0
	0.5	0.0	0.5	0.0
	0.0	0.0	1.0	0.0
	0.0	0.0	1.0	0.0
	0.0	1.0	0.0	0.0
	0.0	0.0	0.0	1.0
	0.0	1.0	0.0	0.0
	1.0	0.0	0.0	0.0
	1.0	0.0	0.0	0.0
	0.0	0.0	1.0	0.0
	0.0	1.0	0.0	0.0
	0.5	0.5	0.0	0.0
	1.0	0.0	0.0	0.0
	0.0	0.0	0.0	1.0
	0.0	1.0	0.0	0.0
	0.0	1.0	0.0	0.0
	0.0	0.0	0.0	1.0
	0.5	0.5	0.0	0.0
	0.0	1.0	0.0	0.0
	0.0	1.0	0.0	0.0
	0.0	0.0	1.0	0.0
	0.0	1.0	0.0	0.0
	0.0	1.0	0.0	0.0

MEME version 4

ALPHABET= ACGT

MOTIF chr2:136288216-136288226

letter-probability matrix: alength= 4 w= 10
	0.0	0.5	0.0	0.5
	0.0	0.0	0.0	1.0
	0.75	0.25	0.0	0.0
	0.75	0.0	0.0	0.25
	0.0	0.0	0.25	0.75
	0.25	0.0	0.25	0.5
	1.0	0.0	0.0	0.0
	0.75	0.0	0.0	0.25
	1.0	0.0	0.0	0.0
	1.0	0.0	0.0	0.0

MEME version 4

ALPHABET= ACGT

MOTIF chr2:136303609-136303634

letter-probability matrix: alength= 4 w= 25
	0.0	1.0	0.0	0.0
	0.0	1.0	0.0	0.0
	0.0	0.0	0.0	1.0
	0.5	0.0	0.5	0.0
	0.0	0.0	1.0	0.0
	0.0	0.0	1.0	0.0
	0.0	1.0	0.0	0.0
	0.0	0.0	0.0	1.0
	0.0	1.0	0.0	0.0
	1.0	0.0	0.0	0.0
	1.0	0.0	0.0	0.0
	0.0	0.0	1.0	0.0
	0.0	1.0	0.0	0.0
	0.5	0.5	0.0	0.0
	1.0	0.0	0.0	0.0
	0.0	0.0	0.0	1.0
	0.0	1.0	0.0	0.0
	0.0	1.0	0.0	0.0
	0.0	0.0	0.0	1.0
	0.5	0.5	0.0	0.0
	0.0	1.0	0.0	0.0
	0.0	1.0	0.0	0.0
	0.0	0.0	1.0	0.0
	0.0	1.0	0.0	0.0
	0.0	1.0	0.0	0.0

MEME version 4

ALPHABET= ACGT

MOTIF chr6:31551146-31551156

letter-probability matrix: alength= 4 w= 10
	0.0	0.5	0.0	0.5
	0.0	0.0	0.0	1.0
	0.75	0.25	0.0	0.0
	0.75	0.0	0.0	0.25
	0.0	0.0	0.25	0.75
	0.25	0.0	0.25	0.5
	1.0	0.0	0.0	0.0
	0.75	0.0	0.0	0.25
	1.0	0.0	0.0	0.0
	1.0	0.0	0.0	0.0

MEME version 4

ALPHABET= ACGT

MOTIF chr6:31567517-31567542

letter-probability matrix: alength= 4 w= 25
	0.0	1.0	0.0	0.0
	0.0	1.0	0.0	0.0
	0.0	0.0	0.0	1.0
	0.5	0.0	0.5	0.0
	0.0	0.0	1.0	0.0
	0.0	0.0	1.0	0.0
	0.0	1.0	0.0	0.0
	0.0	0.0	0.0	1.0
	0.0	1.0	0.0	0.0
	1.0	0.0	0.0	0.0
	1.0	0.0	0.0	0.0
	0.0	0.0	1.0	0.0
	0.0	1.0	0.0	0.0
	0.5	0.5	0.0	0.0
	1.0	0.0	0.0	0.0
	0.0	0.0	0.0	1.0
	0.0	1.0	0.0	0.0
	0.0	1.0	0.0	0.0
	0.0	0.0	0.0	1.0
	0.5	0.5	0.0	0.0
	0.0	1.0	0.0	0.0
	0.0	1.0	0.0	0.0
	0.0	0.0	1.0	0.0
	0.0	1.0	0.0	0.0
	0.0	1.0	0.0	0.0

MEME version 4

ALPHABET= ACGT

MOTIF chr22:50945820-50945830

letter-probability matrix: alength= 4 w= 10
	0.0	0.5	0.0	0.5
	0.0	0.0	0.0	1.0
	0.75	0.25	0.0	0.0
	0.75	0.0	0.0	0.25
	0.0	0.0	0.25	0.75
	0.25	0.0	0.25	0.5
	1.0	0.0	0.0	0.0
	0.75	0.0	0.0	0.25
	1.0	0.0	0.0	0.0
	1.0	0.0	0.0	0.0

MEME version 4

ALPHABET= ACGT

MOTIF chr22:50936529-50936554

letter-probability matrix: alength= 4 w= 25
	0.0	1.0	0.0	0.0
	0.0	1.0	0.0	0.0
	0.0	0.0	0.0	1.0
	0.5	0.0	0.5	0.0
	0.0	0.0	1.0	0.0
	0.0	0.0	1.0	0.0
	0.0	1.0	0.0	0.0
	0.0	0.0	0.0	1.0
	0.0	1.0	0.0	0.0
	1.0	0.0	0.0	0.0
	1.0	0.0	0.0	0.0
	0.0	0.0	1.0	0.0
	0.0	1.0	0.0	0.0
	0.5	0.5	0.0	0.0
	1.0	0.0	0.0	0.0
	0.0	0.0	0.0	1.0
	0.0	1.0	0.0	0.0
	0.0	1.0	0.0	0.0
	0.0	0.0	0.0	1.0
	0.5	0.5	0.0	0.0
	0.0	1.0	0.0	0.0
	0.0	1.0	0.0	0.0
	0.0	0.0	1.0	0.0
	0.0	1.0	0.0	0.0
	0.0	1.0	0.0	0.0

MEME version 4

ALPHABET= ACGT

MOTIF chr6:112407920-112407930

letter-probability matrix: alength= 4 w= 10
	0.0	0.5	0.0	0.5
	0.0	0.0	0.0	1.0
	0.75	0.25	0.0	0.0
	0.75	0.0	0.0	0.25
	0.0	0.0	0.25	0.75
	0.25	0.0	0.25	0.5
	1.0	0.0	0.0	0.0
	0.75	0.0	0.0	0.25
	1.0	0.0	0.0	0.0
	1.0	0.0	0.0	0.0

MEME version 4

ALPHABET= ACGT

MOTIF chr6:112438654-112438679

letter-probability matrix: alength= 4 w= 25
	0.0	1.0	0.0	0.0
	0.0	1.0	0.0	0.0
	0.0	0.0	0.0	1.0
	0.5	0.0	0.5	0.0
	0.0	0.0	1.0	0.0
	0.0	0.0	1.0	0.0
	0.0	1.0	0.0	0.0
	0.0	0.0	0.0	1.0
	0.0	1.0	0.0	0.0
	1.0	0.0	0.0	0.0
	1.0	0.0	0.0	0.0
	0.0	0.0	1.0	0.0
	0.0	1.0	0.0	0.0
	0.5	0.5	0.0	0.0
	1.0	0.0	0.0	0.0
	0.0	0.0	0.0	1.0
	0.0	1.0	0.0	0.0
	0.0	1.0	0.0	0.0
	0.0	0.0	0.0	1.0
	0.5	0.5	0.0	0.0
	0.0	1.0	0.0	0.0
	0.0	1.0	0.0	0.0
	0.0	0.0	1.0	0.0
	0.0	1.0	0.0	0.0
	0.0	1.0	0.0	0.0

MEME version 4

ALPHABET= ACGT

MOTIF chr16:28833792-28833802

letter-probability matrix: alength= 4 w= 10
	0.0	0.5	0.0	0.5
	0.0	0.0	0.0	1.0
	0.75	0.25	0.0	0.0
	0.75	0.0	0.0	0.25
	0.0	0.0	0.25	0.75
	0.25	0.0	0.25	0.5
	1.0	0.0	0.0	0.0
	0.75	0.0	0.0	0.25
	1.0	0.0	0.0	0.0
	1.0	0.0	0.0	0.0

MEME version 4

ALPHABET= ACGT

MOTIF chr16:28814509-28814534

letter-probability matrix: alength= 4 w= 25
	0.0	1.0	0.0	0.0
	0.0	1.0	0.0	0.0
	0.0	0.0	0.0	1.0
	0.5	0.0	0.5	0.0
	0.0	0.0	1.0	0.0
	0.0	0.0	1.0	0.0
	0.0	1.0	0.0	0.0
	0.0	0.0	0.0	1.0
	0.0	1.0	0.0	0.0
	1.0	0.0	0.0	0.0
	1.0	0.0	0.0	0.0
	0.0	0.0	1.0	0.0
	0.0	1.0	0.0	0.0
	0.5	0.5	0.0	0.0
	1.0	0.0	0.0	0.0
	0.0	0.0	0.0	1.0
	0.0	1.0	0.0	0.0
	0.0	1.0	0.0	0.0
	0.0	0.0	0.0	1.0
	0.5	0.5	0.0	0.0
	0.0	1.0	0.0	0.0
	0.0	1.0	0.0	0.0
	0.0	0.0	1.0	0.0
	0.0	1.0	0.0	0.0
	0.0	1.0	0.0	0.0

MEME version 4

ALPHABET= ACGT

MOTIF chr19:14163705-14163715

letter-probability matrix: alength= 4 w= 10
	0.0	0.5	0.0	0.5
	0.0	0.0	0.0	1.0
	0.75	0.25	0.0	0.0
	0.75	0.0	0.0	0.25
	0.0	0.0	0.25	0.75
	0.25	0.0	0.25	0.5
	1.0	0.0	0.0	0.0
	0.75	0.0	0.0	0.25
	1.0	0.0	0.0	0.0
	1.0	0.0	0.0	0.0

MEME version 4

ALPHABET= ACGT

MOTIF chr19:14177417-14177442

letter-probability matrix: alength= 4 w= 25
	0.0	1.0	0.0	0.0
	0.0	1.0	0.0	0.0
	0.0	0.0	0.0	1.0
	0.5	0.0	0.5	0.0
	0.0	0.0	1.0	0.0
	0.0	0.0	1.0	0.0
	0.0	1.0	0.0	0.0
	0.0	0.0	0.0	1.0
	0.0	1.0	0.0	0.0
	1.0	0.0	0.0	0.0
	1.0	0.0	0.0	0.0
	0.0	0.0	1.0	0.0
	0.0	1.0	0.0	0.0
	0.5	0.5	0.0	0.0
	1.0	0.0	0.0	0.0
	0.0	0.0	0.0	1.0
	0.0	1.0	0.0	0.0
	0.0	1.0	0.0	0.0
	0.0	0.0	0.0	1.0
	0.5	0.5	0.0	0.0
	0.0	1.0	0.0	0.0
	0.0	1.0	0.0	0.0
	0.0	0.0	1.0	0.0
	0.0	1.0	0.0	0.0
	0.0	1.0	0.0	0.0

MEME version 4

ALPHABET= ACGT

MOTIF chr16:4523761-4523771

letter-probability matrix: alength= 4 w= 10
	0.0	0.5	0.0	0.5
	0.0	0.0	0.0	1.0
	0.75	0.25	0.0	0.0
	0.75	0.0	0.0	0.25
	0.0	0.0	0.25	0.75
	0.25	0.0	0.25	0.5
	1.0	0.0	0.0	0.0
	0.75	0.0	0.0	0.25
	1.0	0.0	0.0	0.0
	1.0	0.0	0.0	0.0

MEME version 4

ALPHABET= ACGT

MOTIF chr16:4478044-4478069

letter-probability matrix: alength= 4 w= 25
	0.0	1.0	0.0	0.0
	0.0	1.0	0.0	0.0
	0.0	0.0	0.0	1.0
	0.5	0.0	0.5	0.0
	0.0	0.0	1.0	0.0
	0.0	0.0	1.0	0.0
	0.0	1.0	0.0	0.0
	0.0	0.0	0.0	1.0
	0.0	1.0	0.0	0.0
	1.0	0.0	0.0	0.0
	1.0	0.0	0.0	0.0
	0.0	0.0	1.0	0.0
	0.0	1.0	0.0	0.0
	0.5	0.5	0.0	0.0
	1.0	0.0	0.0	0.0
	0.0	0.0	0.0	1.0
	0.0	1.0	0.0	0.0
	0.0	1.0	0.0	0.0
	0.0	0.0	0.0	1.0
	0.5	0.5	0.0	0.0
	0.0	1.0	0.0	0.0
	0.0	1.0	0.0	0.0
	0.0	0.0	1.0	0.0
	0.0	1.0	0.0	0.0
	0.0	1.0	0.0	0.0

MEME version 4

ALPHABET= ACGT

MOTIF chr10:126480693-126480703

letter-probability matrix: alength= 4 w= 10
	0.0	0.5	0.0	0.5
	0.0	0.0	0.0	1.0
	0.75	0.25	0.0	0.0
	0.75	0.0	0.0	0.25
	0.0	0.0	0.25	0.75
	0.25	0.0	0.25	0.5
	1.0	0.0	0.0	0.0
	0.75	0.0	0.0	0.25
	1.0	0.0	0.0	0.0
	1.0	0.0	0.0	0.0

MEME version 4

ALPHABET= ACGT

MOTIF chr10:126503855-126503880

letter-probability matrix: alength= 4 w= 25
	0.0	1.0	0.0	0.0
	0.0	1.0	0.0	0.0
	0.0	0.0	0.0	1.0
	0.5	0.0	0.5	0.0
	0.0	0.0	1.0	0.0
	0.0	0.0	1.0	0.0
	0.0	1.0	0.0	0.0
	0.0	0.0	0.0	1.0
	0.0	1.0	0.0	0.0
	1.0	0.0	0.0	0.0
	1.0	0.0	0.0	0.0
	0.0	0.0	1.0	0.0
	0.0	1.0	0.0	0.0
	0.5	0.5	0.0	0.0
	1.0	0.0	0.0	0.0
	0.0	0.0	0.0	1.0
	0.0	1.0	0.0	0.0
	0.0	1.0	0.0	0.0
	0.0	0.0	0.0	1.0
	0.5	0.5	0.0	0.0
	0.0	1.0	0.0	0.0
	0.0	1.0	0.0	0.0
	0.0	0.0	1.0	0.0
	0.0	1.0	0.0	0.0
	0.0	1.0	0.0	0.0

MEME version 4

ALPHABET= ACGT

MOTIF chr17:79641189-79641199

letter-probability matrix: alength= 4 w= 10
	0.0	0.5	0.0	0.5
	0.0	0.0	0.0	1.0
	0.75	0.25	0.0	0.0
	0.75	0.0	0.0	0.25
	0.0	0.0	0.25	0.75
	0.25	0.0	0.25	0.5
	1.0	0.0	0.0	0.0
	0.75	0.0	0.0	0.25
	1.0	0.0	0.0	0.0
	1.0	0.0	0.0	0.0

MEME version 4

ALPHABET= ACGT

MOTIF chr17:79611769-79611794

letter-probability matrix: alength= 4 w= 25
	0.0	1.0	0.0	0.0
	0.0	1.0	0.0	0.0
	0.0	0.0	0.0	1.0
	0.5	0.0	0.5	0.0
	0.0	0.0	1.0	0.0
	0.0	0.0	1.0	0.0
	0.0	1.0	0.0	0.0
	0.0	0.0	0.0	1.0
	0.0	1.0	0.0	0.0
	1.0	0.0	0.0	0.0
	1.0	0.0	0.0	0.0
	0.0	0.0	1.0	0.0
	0.0	1.0	0.0	0.0
	0.5	0.5	0.0	0.0
	1.0	0.0	0.0	0.0
	0.0	0.0	0.0	1.0
	0.0	1.0	0.0	0.0
	0.0	1.0	0.0	0.0
	0.0	0.0	0.0	1.0
	0.5	0.5	0.0	0.0
	0.0	1.0	0.0	0.0
	0.0	1.0	0.0	0.0
	0.0	0.0	1.0	0.0
	0.0	1.0	0.0	0.0
	0.0	1.0	0.0	0.0

MEME version 4

ALPHABET= ACGT

MOTIF chr10:43905447-43905457

letter-probability matrix: alength= 4 w= 10
	0.0	0.5	0.0	0.5
	0.0	0.0	0.0	1.0
	0.75	0.25	0.0	0.0
	0.75	0.0	0.0	0.25
	0.0	0.0	0.25	0.75
	0.25	0.0	0.25	0.5
	1.0	0.0	0.0	0.0
	0.75	0.0	0.0	0.25
	1.0	0.0	0.0	0.0
	1.0	0.0	0.0	0.0

MEME version 4

ALPHABET= ACGT

MOTIF chr10:43908706-43908731

letter-probability matrix: alength= 4 w= 25
	0.0	1.0	0.0	0.0
	0.0	1.0	0.0	0.0
	0.0	0.0	0.0	1.0
	0.5	0.0	0.5	0.0
	0.0	0.0	1.0	0.0
	0.0	0.0	1.0	0.0
	0.0	1.0	0.0	0.0
	0.0	0.0	0.0	1.0
	0.0	1.0	0.0	0.0
	1.0	0.0	0.0	0.0
	1.0	0.0	0.0	0.0
	0.0	0.0	1.0	0.0
	0.0	1.0	0.0	0.0
	0.5	0.5	0.0	0.0
	1.0	0.0	0.0	0.0
	0.0	0.0	0.0	1.0
	0.0	1.0	0.0	0.0
	0.0	1.0	0.0	0.0
	0.0	0.0	0.0	1.0
	0.5	0.5	0.0	0.0
	0.0	1.0	0.0	0.0
	0.0	1.0	0.0	0.0
	0.0	0.0	1.0	0.0
	0.0	1.0	0.0	0.0
	0.0	1.0	0.0	0.0

MEME version 4

ALPHABET= ACGT

MOTIF chr22:42018027-42018037

letter-probability matrix: alength= 4 w= 10
	0.0	0.5	0.0	0.5
	0.0	0.0	0.0	1.0
	0.75	0.25	0.0	0.0
	0.75	0.0	0.0	0.25
	0.0	0.0	0.25	0.75
	0.25	0.0	0.25	0.5
	1.0	0.0	0.0	0.0
	0.75	0.0	0.0	0.25
	1.0	0.0	0.0	0.0
	1.0	0.0	0.0	0.0

MEME version 4

ALPHABET= ACGT

MOTIF chr22:42076790-42076815

letter-probability matrix: alength= 4 w= 25
	0.0	1.0	0.0	0.0
	0.0	1.0	0.0	0.0
	0.0	0.0	0.0	1.0
	0.5	0.0	0.5	0.0
	0.0	0.0	1.0	0.0
	0.0	0.0	1.0	0.0
	0.0	1.0	0.0	0.0
	0.0	0.0	0.0	1.0
	0.0	1.0	0.0	0.0
	1.0	0.0	0.0	0.0
	1.0	0.0	0.0	0.0
	0.0	0.0	1.0	0.0
	0.0	1.0	0.0	0.0
	0.5	0.5	0.0	0.0
	1.0	0.0	0.0	0.0
	0.0	0.0	0.0	1.0
	0.0	1.0	0.0	0.0
	0.0	1.0	0.0	0.0
	0.0	0.0	0.0	1.0
	0.5	0.5	0.0	0.0
	0.0	1.0	0.0	0.0
	0.0	1.0	0.0	0.0
	0.0	0.0	1.0	0.0
	0.0	1.0	0.0	0.0
	0.0	1.0	0.0	0.0

MEME version 4

ALPHABET= ACGT

MOTIF chr19:40853958-40853968

letter-probability matrix: alength= 4 w= 10
	0.0	0.5	0.0	0.5
	0.0	0.0	0.0	1.0
	0.75	0.25	0.0	0.0
	0.75	0.0	0.0	0.25
	0.0	0.0	0.25	0.75
	0.25	0.0	0.25	0.5
	1.0	0.0	0.0	0.0
	0.75	0.0	0.0	0.25
	1.0	0.0	0.0	0.0
	1.0	0.0	0.0	0.0

MEME version 4

ALPHABET= ACGT

MOTIF chr19:40878321-40878346

letter-probability matrix: alength= 4 w= 25
	0.0	1.0	0.0	0.0
	0.0	1.0	0.0	0.0
	0.0	0.0	0.0	1.0
	0.5	0.0	0.5	0.0
	0.0	0.0	1.0	0.0
	0.0	0.0	1.0	0.0
	0.0	1.0	0.0	0.0
	0.0	0.0	0.0	1.0
	0.0	1.0	0.0	0.0
	1.0	0.0	0.0	0.0
	1.0	0.0	0.0	0.0
	0.0	0.0	1.0	0.0
	0.0	1.0	0.0	0.0
	0.5	0.5	0.0	0.0
	1.0	0.0	0.0	0.0
	0.0	0.0	0.0	1.0
	0.0	1.0	0.0	0.0
	0.0	1.0	0.0	0.0
	0.0	0.0	0.0	1.0
	0.5	0.5	0.0	0.0
	0.0	1.0	0.0	0.0
	0.0	1.0	0.0	0.0
	0.0	0.0	1.0	0.0
	0.0	1.0	0.0	0.0
	0.0	1.0	0.0	0.0

MEME version 4

ALPHABET= ACGT

MOTIF chr14:24712754-24712764

letter-probability matrix: alength= 4 w= 10
	0.0	0.5	0.0	0.5
	0.0	0.0	0.0	1.0
	0.75	0.25	0.0	0.0
	0.75	0.0	0.0	0.25
	0.0	0.0	0.25	0.75
	0.25	0.0	0.25	0.5
	1.0	0.0	0.0	0.0
	0.75	0.0	0.0	0.25
	1.0	0.0	0.0	0.0
	1.0	0.0	0.0	0.0

MEME version 4

ALPHABET= ACGT

MOTIF chr14:24684080-24684105

letter-probability matrix: alength= 4 w= 25
	0.0	1.0	0.0	0.0
	0.0	1.0	0.0	0.0
	0.0	0.0	0.0	1.0
	0.5	0.0	0.5	0.0
	0.0	0.0	1.0	0.0
	0.0	0.0	1.0	0.0
	0.0	1.0	0.0	0.0
	0.0	0.0	0.0	1.0
	0.0	1.0	0.0	0.0
	1.0	0.0	0.0	0.0
	1.0	0.0	0.0	0.0
	0.0	0.0	1.0	0.0
	0.0	1.0	0.0	0.0
	0.5	0.5	0.0	0.0
	1.0	0.0	0.0	0.0
	0.0	0.0	0.0	1.0
	0.0	1.0	0.0	0.0
	0.0	1.0	0.0	0.0
	0.0	0.0	0.0	1.0
	0.5	0.5	0.0	0.0
	0.0	1.0	0.0	0.0
	0.0	1.0	0.0	0.0
	0.0	0.0	1.0	0.0
	0.0	1.0	0.0	0.0
	0.0	1.0	0.0	0.0

MEME version 4

ALPHABET= ACGT

MOTIF chr19:40886653-40886663

letter-probability matrix: alength= 4 w= 10
	0.0	0.5	0.0	0.5
	0.0	0.0	0.0	1.0
	0.75	0.25	0.0	0.0
	0.75	0.0	0.0	0.25
	0.0	0.0	0.25	0.75
	0.25	0.0	0.25	0.5
	1.0	0.0	0.0	0.0
	0.75	0.0	0.0	0.25
	1.0	0.0	0.0	0.0
	1.0	0.0	0.0	0.0

MEME version 4

ALPHABET= ACGT

MOTIF chr19:40880500-40880525

letter-probability matrix: alength= 4 w= 25
	0.0	1.0	0.0	0.0
	0.0	1.0	0.0	0.0
	0.0	0.0	0.0	1.0
	0.5	0.0	0.5	0.0
	0.0	0.0	1.0	0.0
	0.0	0.0	1.0	0.0
	0.0	1.0	0.0	0.0
	0.0	0.0	0.0	1.0
	0.0	1.0	0.0	0.0
	1.0	0.0	0.0	0.0
	1.0	0.0	0.0	0.0
	0.0	0.0	1.0	0.0
	0.0	1.0	0.0	0.0
	0.5	0.5	0.0	0.0
	1.0	0.0	0.0	0.0
	0.0	0.0	0.0	1.0
	0.0	1.0	0.0	0.0
	0.0	1.0	0.0	0.0
	0.0	0.0	0.0	1.0
	0.5	0.5	0.0	0.0
	0.0	1.0	0.0	0.0
	0.0	1.0	0.0	0.0
	0.0	0.0	1.0	0.0
	0.0	1.0	0.0	0.0
	0.0	1.0	0.0	0.0

MEME version 4

ALPHABET= ACGT

MOTIF chr4:108510963-108510973

letter-probability matrix: alength= 4 w= 10
	0.0	0.5	0.0	0.5
	0.0	0.0	0.0	1.0
	0.75	0.25	0.0	0.0
	0.75	0.0	0.0	0.25
	0.0	0.0	0.25	0.75
	0.25	0.0	0.25	0.5
	1.0	0.0	0.0	0.0
	0.75	0.0	0.0	0.25
	1.0	0.0	0.0	0.0
	1.0	0.0	0.0	0.0

MEME version 4

ALPHABET= ACGT

MOTIF chr4:108615311-108615336

letter-probability matrix: alength= 4 w= 25
	0.0	1.0	0.0	0.0
	0.0	1.0	0.0	0.0
	0.0	0.0	0.0	1.0
	0.5	0.0	0.5	0.0
	0.0	0.0	1.0	0.0
	0.0	0.0	1.0	0.0
	0.0	1.0	0.0	0.0
	0.0	0.0	0.0	1.0
	0.0	1.0	0.0	0.0
	1.0	0.0	0.0	0.0
	1.0	0.0	0.0	0.0
	0.0	0.0	1.0	0.0
	0.0	1.0	0.0	0.0
	0.5	0.5	0.0	0.0
	1.0	0.0	0.0	0.0
	0.0	0.0	0.0	1.0
	0.0	1.0	0.0	0.0
	0.0	1.0	0.0	0.0
	0.0	0.0	0.0	1.0
	0.5	0.5	0.0	0.0
	0.0	1.0	0.0	0.0
	0.0	1.0	0.0	0.0
	0.0	0.0	1.0	0.0
	0.0	1.0	0.0	0.0
	0.0	1.0	0.0	0.0

MEME version 4

ALPHABET= ACGT

MOTIF chr10:32297190-32297200

letter-probability matrix: alength= 4 w= 10
	0.0	0.5	0.0	0.5
	0.0	0.0	0.0	1.0
	0.75	0.25	0.0	0.0
	0.75	0.0	0.0	0.25
	0.0	0.0	0.25	0.75
	0.25	0.0	0.25	0.5
	1.0	0.0	0.0	0.0
	0.75	0.0	0.0	0.25
	1.0	0.0	0.0	0.0
	1.0	0.0	0.0	0.0

MEME version 4

ALPHABET= ACGT

MOTIF chr10:32355541-32355566

letter-probability matrix: alength= 4 w= 25
	0.0	1.0	0.0	0.0
	0.0	1.0	0.0	0.0
	0.0	0.0	0.0	1.0
	0.5	0.0	0.5	0.0
	0.0	0.0	1.0	0.0
	0.0	0.0	1.0	0.0
	0.0	1.0	0.0	0.0
	0.0	0.0	0.0	1.0
	0.0	1.0	0.0	0.0
	1.0	0.0	0.0	0.0
	1.0	0.0	0.0	0.0
	0.0	0.0	1.0	0.0
	0.0	1.0	0.0	0.0
	0.5	0.5	0.0	0.0
	1.0	0.0	0.0	0.0
	0.0	0.0	0.0	1.0
	0.0	1.0	0.0	0.0
	0.0	1.0	0.0	0.0
	0.0	0.0	0.0	1.0
	0.5	0.5	0.0	0.0
	0.0	1.0	0.0	0.0
	0.0	1.0	0.0	0.0
	0.0	0.0	1.0	0.0
	0.0	1.0	0.0	0.0
	0.0	1.0	0.0	0.0

MEME version 4

ALPHABET= ACGT

MOTIF chr22:50961923-50961933

letter-probability matrix: alength= 4 w= 10
	0.0	0.5	0.0	0.5
	0.0	0.0	0.0	1.0
	0.75	0.25	0.0	0.0
	0.75	0.0	0.0	0.25
	0.0	0.0	0.25	0.75
	0.25	0.0	0.25	0.5
	1.0	0.0	0.0	0.0
	0.75	0.0	0.0	0.25
	1.0	0.0	0.0	0.0
	1.0	0.0	0.0	0.0

MEME version 4

ALPHABET= ACGT

MOTIF chr22:50936529-50936554

letter-probability matrix: alength= 4 w= 25
	0.0	1.0	0.0	0.0
	0.0	1.0	0.0	0.0
	0.0	0.0	0.0	1.0
	0.5	0.0	0.5	0.0
	0.0	0.0	1.0	0.0
	0.0	0.0	1.0	0.0
	0.0	1.0	0.0	0.0
	0.0	0.0	0.0	1.0
	0.0	1.0	0.0	0.0
	1.0	0.0	0.0	0.0
	1.0	0.0	0.0	0.0
	0.0	0.0	1.0	0.0
	0.0	1.0	0.0	0.0
	0.5	0.5	0.0	0.0
	1.0	0.0	0.0	0.0
	0.0	0.0	0.0	1.0
	0.0	1.0	0.0	0.0
	0.0	1.0	0.0	0.0
	0.0	0.0	0.0	1.0
	0.5	0.5	0.0	0.0
	0.0	1.0	0.0	0.0
	0.0	1.0	0.0	0.0
	0.0	0.0	1.0	0.0
	0.0	1.0	0.0	0.0
	0.0	1.0	0.0	0.0

MEME version 4

ALPHABET= ACGT

MOTIF chr17:79633674-79633684

letter-probability matrix: alength= 4 w= 10
	0.0	0.5	0.0	0.5
	0.0	0.0	0.0	1.0
	0.75	0.25	0.0	0.0
	0.75	0.0	0.0	0.25
	0.0	0.0	0.25	0.75
	0.25	0.0	0.25	0.5
	1.0	0.0	0.0	0.0
	0.75	0.0	0.0	0.25
	1.0	0.0	0.0	0.0
	1.0	0.0	0.0	0.0

MEME version 4

ALPHABET= ACGT

MOTIF chr17:79611769-79611794

letter-probability matrix: alength= 4 w= 25
	0.0	1.0	0.0	0.0
	0.0	1.0	0.0	0.0
	0.0	0.0	0.0	1.0
	0.5	0.0	0.5	0.0
	0.0	0.0	1.0	0.0
	0.0	0.0	1.0	0.0
	0.0	1.0	0.0	0.0
	0.0	0.0	0.0	1.0
	0.0	1.0	0.0	0.0
	1.0	0.0	0.0	0.0
	1.0	0.0	0.0	0.0
	0.0	0.0	1.0	0.0
	0.0	1.0	0.0	0.0
	0.5	0.5	0.0	0.0
	1.0	0.0	0.0	0.0
	0.0	0.0	0.0	1.0
	0.0	1.0	0.0	0.0
	0.0	1.0	0.0	0.0
	0.0	0.0	0.0	1.0
	0.5	0.5	0.0	0.0
	0.0	1.0	0.0	0.0
	0.0	1.0	0.0	0.0
	0.0	0.0	1.0	0.0
	0.0	1.0	0.0	0.0
	0.0	1.0	0.0	0.0

MEME version 4

ALPHABET= ACGT

MOTIF chr20:30312275-30312285

letter-probability matrix: alength= 4 w= 10
	0.0	0.5	0.0	0.5
	0.0	0.0	0.0	1.0
	0.75	0.25	0.0	0.0
	0.75	0.0	0.0	0.25
	0.0	0.0	0.25	0.75
	0.25	0.0	0.25	0.5
	1.0	0.0	0.0	0.0
	0.75	0.0	0.0	0.25
	1.0	0.0	0.0	0.0
	1.0	0.0	0.0	0.0

MEME version 4

ALPHABET= ACGT

MOTIF chr20:30325944-30325969

letter-probability matrix: alength= 4 w= 25
	0.0	1.0	0.0	0.0
	0.0	1.0	0.0	0.0
	0.0	0.0	0.0	1.0
	0.5	0.0	0.5	0.0
	0.0	0.0	1.0	0.0
	0.0	0.0	1.0	0.0
	0.0	1.0	0.0	0.0
	0.0	0.0	0.0	1.0
	0.0	1.0	0.0	0.0
	1.0	0.0	0.0	0.0
	1.0	0.0	0.0	0.0
	0.0	0.0	1.0	0.0
	0.0	1.0	0.0	0.0
	0.5	0.5	0.0	0.0
	1.0	0.0	0.0	0.0
	0.0	0.0	0.0	1.0
	0.0	1.0	0.0	0.0
	0.0	1.0	0.0	0.0
	0.0	0.0	0.0	1.0
	0.5	0.5	0.0	0.0
	0.0	1.0	0.0	0.0
	0.0	1.0	0.0	0.0
	0.0	0.0	1.0	0.0
	0.0	1.0	0.0	0.0
	0.0	1.0	0.0	0.0

MEME version 4

ALPHABET= ACGT

MOTIF chr3:138372118-138372128

letter-probability matrix: alength= 4 w= 10
	0.0	0.5	0.0	0.5
	0.0	0.0	0.0	1.0
	0.75	0.25	0.0	0.0
	0.75	0.0	0.0	0.25
	0.0	0.0	0.25	0.75
	0.25	0.0	0.25	0.5
	1.0	0.0	0.0	0.0
	0.75	0.0	0.0	0.25
	1.0	0.0	0.0	0.0
	1.0	0.0	0.0	0.0

MEME version 4

ALPHABET= ACGT

MOTIF chr3:138533455-138533480

letter-probability matrix: alength= 4 w= 25
	0.0	1.0	0.0	0.0
	0.0	1.0	0.0	0.0
	0.0	0.0	0.0	1.0
	0.5	0.0	0.5	0.0
	0.0	0.0	1.0	0.0
	0.0	0.0	1.0	0.0
	0.0	1.0	0.0	0.0
	0.0	0.0	0.0	1.0
	0.0	1.0	0.0	0.0
	1.0	0.0	0.0	0.0
	1.0	0.0	0.0	0.0
	0.0	0.0	1.0	0.0
	0.0	1.0	0.0	0.0
	0.5	0.5	0.0	0.0
	1.0	0.0	0.0	0.0
	0.0	0.0	0.0	1.0
	0.0	1.0	0.0	0.0
	0.0	1.0	0.0	0.0
	0.0	0.0	0.0	1.0
	0.5	0.5	0.0	0.0
	0.0	1.0	0.0	0.0
	0.0	1.0	0.0	0.0
	0.0	0.0	1.0	0.0
	0.0	1.0	0.0	0.0
	0.0	1.0	0.0	0.0

MEME version 4

ALPHABET= ACGT

MOTIF chr1:173578470-173578480

letter-probability matrix: alength= 4 w= 10
	0.0	0.5	0.0	0.5
	0.0	0.0	0.0	1.0
	0.75	0.25	0.0	0.0
	0.75	0.0	0.0	0.25
	0.0	0.0	0.25	0.75
	0.25	0.0	0.25	0.5
	1.0	0.0	0.0	0.0
	0.75	0.0	0.0	0.25
	1.0	0.0	0.0	0.0
	1.0	0.0	0.0	0.0

MEME version 4

ALPHABET= ACGT

MOTIF chr1:173632232-173632257

letter-probability matrix: alength= 4 w= 25
	0.0	1.0	0.0	0.0
	0.0	1.0	0.0	0.0
	0.0	0.0	0.0	1.0
	0.5	0.0	0.5	0.0
	0.0	0.0	1.0	0.0
	0.0	0.0	1.0	0.0
	0.0	1.0	0.0	0.0
	0.0	0.0	0.0	1.0
	0.0	1.0	0.0	0.0
	1.0	0.0	0.0	0.0
	1.0	0.0	0.0	0.0
	0.0	0.0	1.0	0.0
	0.0	1.0	0.0	0.0
	0.5	0.5	0.0	0.0
	1.0	0.0	0.0	0.0
	0.0	0.0	0.0	1.0
	0.0	1.0	0.0	0.0
	0.0	1.0	0.0	0.0
	0.0	0.0	0.0	1.0
	0.5	0.5	0.0	0.0
	0.0	1.0	0.0	0.0
	0.0	1.0	0.0	0.0
	0.0	0.0	1.0	0.0
	0.0	1.0	0.0	0.0
	0.0	1.0	0.0	0.0

MEME version 4

ALPHABET= ACGT

MOTIF chr19:55681573-55681583

letter-probability matrix: alength= 4 w= 10
	0.0	0.5	0.0	0.5
	0.0	0.0	0.0	1.0
	0.75	0.25	0.0	0.0
	0.75	0.0	0.0	0.25
	0.0	0.0	0.25	0.75
	0.25	0.0	0.25	0.5
	1.0	0.0	0.0	0.0
	0.75	0.0	0.0	0.25
	1.0	0.0	0.0	0.0
	1.0	0.0	0.0	0.0

MEME version 4

ALPHABET= ACGT

MOTIF chr19:55696587-55696612

letter-probability matrix: alength= 4 w= 25
	0.0	1.0	0.0	0.0
	0.0	1.0	0.0	0.0
	0.0	0.0	0.0	1.0
	0.5	0.0	0.5	0.0
	0.0	0.0	1.0	0.0
	0.0	0.0	1.0	0.0
	0.0	1.0	0.0	0.0
	0.0	0.0	0.0	1.0
	0.0	1.0	0.0	0.0
	1.0	0.0	0.0	0.0
	1.0	0.0	0.0	0.0
	0.0	0.0	1.0	0.0
	0.0	1.0	0.0	0.0
	0.5	0.5	0.0	0.0
	1.0	0.0	0.0	0.0
	0.0	0.0	0.0	1.0
	0.0	1.0	0.0	0.0
	0.0	1.0	0.0	0.0
	0.0	0.0	0.0	1.0
	0.5	0.5	0.0	0.0
	0.0	1.0	0.0	0.0
	0.0	1.0	0.0	0.0
	0.0	0.0	1.0	0.0
	0.0	1.0	0.0	0.0
	0.0	1.0	0.0	0.0

MEME version 4

ALPHABET= ACGT

MOTIF chr17:79631717-79631727

letter-probability matrix: alength= 4 w= 10
	0.0	0.5	0.0	0.5
	0.0	0.0	0.0	1.0
	0.75	0.25	0.0	0.0
	0.75	0.0	0.0	0.25
	0.0	0.0	0.25	0.75
	0.25	0.0	0.25	0.5
	1.0	0.0	0.0	0.0
	0.75	0.0	0.0	0.25
	1.0	0.0	0.0	0.0
	1.0	0.0	0.0	0.0

MEME version 4

ALPHABET= ACGT

MOTIF chr17:79611769-79611794

letter-probability matrix: alength= 4 w= 25
	0.0	1.0	0.0	0.0
	0.0	1.0	0.0	0.0
	0.0	0.0	0.0	1.0
	0.5	0.0	0.5	0.0
	0.0	0.0	1.0	0.0
	0.0	0.0	1.0	0.0
	0.0	1.0	0.0	0.0
	0.0	0.0	0.0	1.0
	0.0	1.0	0.0	0.0
	1.0	0.0	0.0	0.0
	1.0	0.0	0.0	0.0
	0.0	0.0	1.0	0.0
	0.0	1.0	0.0	0.0
	0.5	0.5	0.0	0.0
	1.0	0.0	0.0	0.0
	0.0	0.0	0.0	1.0
	0.0	1.0	0.0	0.0
	0.0	1.0	0.0	0.0
	0.0	0.0	0.0	1.0
	0.5	0.5	0.0	0.0
	0.0	1.0	0.0	0.0
	0.0	1.0	0.0	0.0
	0.0	0.0	1.0	0.0
	0.0	1.0	0.0	0.0
	0.0	1.0	0.0	0.0

MEME version 4

ALPHABET= ACGT

MOTIF chr1:29190772-29190782

letter-probability matrix: alength= 4 w= 10
	0.0	0.5	0.0	0.5
	0.0	0.0	0.0	1.0
	0.75	0.25	0.0	0.0
	0.75	0.0	0.0	0.25
	0.0	0.0	0.25	0.75
	0.25	0.0	0.25	0.5
	1.0	0.0	0.0	0.0
	0.75	0.0	0.0	0.25
	1.0	0.0	0.0	0.0
	1.0	0.0	0.0	0.0

MEME version 4

ALPHABET= ACGT

MOTIF chr1:29112984-29113009

letter-probability matrix: alength= 4 w= 25
	0.0	1.0	0.0	0.0
	0.0	1.0	0.0	0.0
	0.0	0.0	0.0	1.0
	0.5	0.0	0.5	0.0
	0.0	0.0	1.0	0.0
	0.0	0.0	1.0	0.0
	0.0	1.0	0.0	0.0
	0.0	0.0	0.0	1.0
	0.0	1.0	0.0	0.0
	1.0	0.0	0.0	0.0
	1.0	0.0	0.0	0.0
	0.0	0.0	1.0	0.0
	0.0	1.0	0.0	0.0
	0.5	0.5	0.0	0.0
	1.0	0.0	0.0	0.0
	0.0	0.0	0.0	1.0
	0.0	1.0	0.0	0.0
	0.0	1.0	0.0	0.0
	0.0	0.0	0.0	1.0
	0.5	0.5	0.0	0.0
	0.0	1.0	0.0	0.0
	0.0	1.0	0.0	0.0
	0.0	0.0	1.0	0.0
	0.0	1.0	0.0	0.0
	0.0	1.0	0.0	0.0

MEME version 4

ALPHABET= ACGT

MOTIF chr19:41859519-41859529

letter-probability matrix: alength= 4 w= 10
	0.0	0.5	0.0	0.5
	0.0	0.0	0.0	1.0
	0.75	0.25	0.0	0.0
	0.75	0.0	0.0	0.25
	0.0	0.0	0.25	0.75
	0.25	0.0	0.25	0.5
	1.0	0.0	0.0	0.0
	0.75	0.0	0.0	0.25
	1.0	0.0	0.0	0.0
	1.0	0.0	0.0	0.0

MEME version 4

ALPHABET= ACGT

MOTIF chr19:41901299-41901324

letter-probability matrix: alength= 4 w= 25
	0.0	1.0	0.0	0.0
	0.0	1.0	0.0	0.0
	0.0	0.0	0.0	1.0
	0.5	0.0	0.5	0.0
	0.0	0.0	1.0	0.0
	0.0	0.0	1.0	0.0
	0.0	1.0	0.0	0.0
	0.0	0.0	0.0	1.0
	0.0	1.0	0.0	0.0
	1.0	0.0	0.0	0.0
	1.0	0.0	0.0	0.0
	0.0	0.0	1.0	0.0
	0.0	1.0	0.0	0.0
	0.5	0.5	0.0	0.0
	1.0	0.0	0.0	0.0
	0.0	0.0	0.0	1.0
	0.0	1.0	0.0	0.0
	0.0	1.0	0.0	0.0
	0.0	0.0	0.0	1.0
	0.5	0.5	0.0	0.0
	0.0	1.0	0.0	0.0
	0.0	1.0	0.0	0.0
	0.0	0.0	1.0	0.0
	0.0	1.0	0.0	0.0
	0.0	1.0	0.0	0.0

MEME version 4

ALPHABET= ACGT

MOTIF chr7:5085159-5085169

letter-probability matrix: alength= 4 w= 10
	0.0	0.5	0.0	0.5
	0.0	0.0	0.0	1.0
	0.75	0.25	0.0	0.0
	0.75	0.0	0.0	0.25
	0.0	0.0	0.25	0.75
	0.25	0.0	0.25	0.5
	1.0	0.0	0.0	0.0
	0.75	0.0	0.0	0.25
	1.0	0.0	0.0	0.0
	1.0	0.0	0.0	0.0

MEME version 4

ALPHABET= ACGT

MOTIF chr7:5080069-5080094

letter-probability matrix: alength= 4 w= 25
	0.0	1.0	0.0	0.0
	0.0	1.0	0.0	0.0
	0.0	0.0	0.0	1.0
	0.5	0.0	0.5	0.0
	0.0	0.0	1.0	0.0
	0.0	0.0	1.0	0.0
	0.0	1.0	0.0	0.0
	0.0	0.0	0.0	1.0
	0.0	1.0	0.0	0.0
	1.0	0.0	0.0	0.0
	1.0	0.0	0.0	0.0
	0.0	0.0	1.0	0.0
	0.0	1.0	0.0	0.0
	0.5	0.5	0.0	0.0
	1.0	0.0	0.0	0.0
	0.0	0.0	0.0	1.0
	0.0	1.0	0.0	0.0
	0.0	1.0	0.0	0.0
	0.0	0.0	0.0	1.0
	0.5	0.5	0.0	0.0
	0.0	1.0	0.0	0.0
	0.0	1.0	0.0	0.0
	0.0	0.0	1.0	0.0
	0.0	1.0	0.0	0.0
	0.0	1.0	0.0	0.0

MEME version 4

ALPHABET= ACGT

MOTIF chr12:58177231-58177241

letter-probability matrix: alength= 4 w= 10
	0.0	0.5	0.0	0.5
	0.0	0.0	0.0	1.0
	0.75	0.25	0.0	0.0
	0.75	0.0	0.0	0.25
	0.0	0.0	0.25	0.75
	0.25	0.0	0.25	0.5
	1.0	0.0	0.0	0.0
	0.75	0.0	0.0	0.25
	1.0	0.0	0.0	0.0
	1.0	0.0	0.0	0.0

MEME version 4

ALPHABET= ACGT

MOTIF chr12:58150958-58150983

letter-probability matrix: alength= 4 w= 25
	0.0	1.0	0.0	0.0
	0.0	1.0	0.0	0.0
	0.0	0.0	0.0	1.0
	0.5	0.0	0.5	0.0
	0.0	0.0	1.0	0.0
	0.0	0.0	1.0	0.0
	0.0	1.0	0.0	0.0
	0.0	0.0	0.0	1.0
	0.0	1.0	0.0	0.0
	1.0	0.0	0.0	0.0
	1.0	0.0	0.0	0.0
	0.0	0.0	1.0	0.0
	0.0	1.0	0.0	0.0
	0.5	0.5	0.0	0.0
	1.0	0.0	0.0	0.0
	0.0	0.0	0.0	1.0
	0.0	1.0	0.0	0.0
	0.0	1.0	0.0	0.0
	0.0	0.0	0.0	1.0
	0.5	0.5	0.0	0.0
	0.0	1.0	0.0	0.0
	0.0	1.0	0.0	0.0
	0.0	0.0	1.0	0.0
	0.0	1.0	0.0	0.0
	0.0	1.0	0.0	0.0

MEME version 4

ALPHABET= ACGT

MOTIF chr2:209131442-209131452

letter-probability matrix: alength= 4 w= 10
	0.0	0.5	0.0	0.5
	0.0	0.0	0.0	1.0
	0.75	0.25	0.0	0.0
	0.75	0.0	0.0	0.25
	0.0	0.0	0.25	0.75
	0.25	0.0	0.25	0.5
	1.0	0.0	0.0	0.0
	0.75	0.0	0.0	0.25
	1.0	0.0	0.0	0.0
	1.0	0.0	0.0	0.0

MEME version 4

ALPHABET= ACGT

MOTIF chr2:209149619-209149644

letter-probability matrix: alength= 4 w= 25
	0.0	1.0	0.0	0.0
	0.0	1.0	0.0	0.0
	0.0	0.0	0.0	1.0
	0.5	0.0	0.5	0.0
	0.0	0.0	1.0	0.0
	0.0	0.0	1.0	0.0
	0.0	1.0	0.0	0.0
	0.0	0.0	0.0	1.0
	0.0	1.0	0.0	0.0
	1.0	0.0	0.0	0.0
	1.0	0.0	0.0	0.0
	0.0	0.0	1.0	0.0
	0.0	1.0	0.0	0.0
	0.5	0.5	0.0	0.0
	1.0	0.0	0.0	0.0
	0.0	0.0	0.0	1.0
	0.0	1.0	0.0	0.0
	0.0	1.0	0.0	0.0
	0.0	0.0	0.0	1.0
	0.5	0.5	0.0	0.0
	0.0	1.0	0.0	0.0
	0.0	1.0	0.0	0.0
	0.0	0.0	1.0	0.0
	0.0	1.0	0.0	0.0
	0.0	1.0	0.0	0.0

MEME version 4

ALPHABET= ACGT

MOTIF chr19:36360877-36360887

letter-probability matrix: alength= 4 w= 10
	0.0	0.5	0.0	0.5
	0.0	0.0	0.0	1.0
	0.75	0.25	0.0	0.0
	0.75	0.0	0.0	0.25
	0.0	0.0	0.25	0.75
	0.25	0.0	0.25	0.5
	1.0	0.0	0.0	0.0
	0.75	0.0	0.0	0.25
	1.0	0.0	0.0	0.0
	1.0	0.0	0.0	0.0

MEME version 4

ALPHABET= ACGT

MOTIF chr19:36371341-36371366

letter-probability matrix: alength= 4 w= 25
	0.0	1.0	0.0	0.0
	0.0	1.0	0.0	0.0
	0.0	0.0	0.0	1.0
	0.5	0.0	0.5	0.0
	0.0	0.0	1.0	0.0
	0.0	0.0	1.0	0.0
	0.0	1.0	0.0	0.0
	0.0	0.0	0.0	1.0
	0.0	1.0	0.0	0.0
	1.0	0.0	0.0	0.0
	1.0	0.0	0.0	0.0
	0.0	0.0	1.0	0.0
	0.0	1.0	0.0	0.0
	0.5	0.5	0.0	0.0
	1.0	0.0	0.0	0.0
	0.0	0.0	0.0	1.0
	0.0	1.0	0.0	0.0
	0.0	1.0	0.0	0.0
	0.0	0.0	0.0	1.0
	0.5	0.5	0.0	0.0
	0.0	1.0	0.0	0.0
	0.0	1.0	0.0	0.0
	0.0	0.0	1.0	0.0
	0.0	1.0	0.0	0.0
	0.0	1.0	0.0	0.0

MEME version 4

ALPHABET= ACGT

MOTIF chr2:68686128-68686138

letter-probability matrix: alength= 4 w= 10
	0.0	0.5	0.0	0.5
	0.0	0.0	0.0	1.0
	0.75	0.25	0.0	0.0
	0.75	0.0	0.0	0.25
	0.0	0.0	0.25	0.75
	0.25	0.0	0.25	0.5
	1.0	0.0	0.0	0.0
	0.75	0.0	0.0	0.25
	1.0	0.0	0.0	0.0
	1.0	0.0	0.0	0.0

MEME version 4

ALPHABET= ACGT

MOTIF chr2:68715694-68715719

letter-probability matrix: alength= 4 w= 25
	0.0	1.0	0.0	0.0
	0.0	1.0	0.0	0.0
	0.0	0.0	0.0	1.0
	0.5	0.0	0.5	0.0
	0.0	0.0	1.0	0.0
	0.0	0.0	1.0	0.0
	0.0	1.0	0.0	0.0
	0.0	0.0	0.0	1.0
	0.0	1.0	0.0	0.0
	1.0	0.0	0.0	0.0
	1.0	0.0	0.0	0.0
	0.0	0.0	1.0	0.0
	0.0	1.0	0.0	0.0
	0.5	0.5	0.0	0.0
	1.0	0.0	0.0	0.0
	0.0	0.0	0.0	1.0
	0.0	1.0	0.0	0.0
	0.0	1.0	0.0	0.0
	0.0	0.0	0.0	1.0
	0.5	0.5	0.0	0.0
	0.0	1.0	0.0	0.0
	0.0	1.0	0.0	0.0
	0.0	0.0	1.0	0.0
	0.0	1.0	0.0	0.0
	0.0	1.0	0.0	0.0

MEME version 4

ALPHABET= ACGT

MOTIF chr12:105563150-105563160

letter-probability matrix: alength= 4 w= 10
	0.0	0.5	0.0	0.5
	0.0	0.0	0.0	1.0
	0.75	0.25	0.0	0.0
	0.75	0.0	0.0	0.25
	0.0	0.0	0.25	0.75
	0.25	0.0	0.25	0.5
	1.0	0.0	0.0	0.0
	0.75	0.0	0.0	0.25
	1.0	0.0	0.0	0.0
	1.0	0.0	0.0	0.0

MEME version 4

ALPHABET= ACGT

MOTIF chr12:105494353-105494378

letter-probability matrix: alength= 4 w= 25
	0.0	1.0	0.0	0.0
	0.0	1.0	0.0	0.0
	0.0	0.0	0.0	1.0
	0.5	0.0	0.5	0.0
	0.0	0.0	1.0	0.0
	0.0	0.0	1.0	0.0
	0.0	1.0	0.0	0.0
	0.0	0.0	0.0	1.0
	0.0	1.0	0.0	0.0
	1.0	0.0	0.0	0.0
	1.0	0.0	0.0	0.0
	0.0	0.0	1.0	0.0
	0.0	1.0	0.0	0.0
	0.5	0.5	0.0	0.0
	1.0	0.0	0.0	0.0
	0.0	0.0	0.0	1.0
	0.0	1.0	0.0	0.0
	0.0	1.0	0.0	0.0
	0.0	0.0	0.0	1.0
	0.5	0.5	0.0	0.0
	0.0	1.0	0.0	0.0
	0.0	1.0	0.0	0.0
	0.0	0.0	1.0	0.0
	0.0	1.0	0.0	0.0
	0.0	1.0	0.0	0.0

MEME version 4

ALPHABET= ACGT

MOTIF chr3:15468395-15468405

letter-probability matrix: alength= 4 w= 10
	0.0	0.5	0.0	0.5
	0.0	0.0	0.0	1.0
	0.75	0.25	0.0	0.0
	0.75	0.0	0.0	0.25
	0.0	0.0	0.25	0.75
	0.25	0.0	0.25	0.5
	1.0	0.0	0.0	0.0
	0.75	0.0	0.0	0.25
	1.0	0.0	0.0	0.0
	1.0	0.0	0.0	0.0

MEME version 4

ALPHABET= ACGT

MOTIF chr3:15500577-15500602

letter-probability matrix: alength= 4 w= 25
	0.0	1.0	0.0	0.0
	0.0	1.0	0.0	0.0
	0.0	0.0	0.0	1.0
	0.5	0.0	0.5	0.0
	0.0	0.0	1.0	0.0
	0.0	0.0	1.0	0.0
	0.0	1.0	0.0	0.0
	0.0	0.0	0.0	1.0
	0.0	1.0	0.0	0.0
	1.0	0.0	0.0	0.0
	1.0	0.0	0.0	0.0
	0.0	0.0	1.0	0.0
	0.0	1.0	0.0	0.0
	0.5	0.5	0.0	0.0
	1.0	0.0	0.0	0.0
	0.0	0.0	0.0	1.0
	0.0	1.0	0.0	0.0
	0.0	1.0	0.0	0.0
	0.0	0.0	0.0	1.0
	0.5	0.5	0.0	0.0
	0.0	1.0	0.0	0.0
	0.0	1.0	0.0	0.0
	0.0	0.0	1.0	0.0
	0.0	1.0	0.0	0.0
	0.0	1.0	0.0	0.0

MEME version 4

ALPHABET= ACGT

MOTIF chr4:103790684-103790694

letter-probability matrix: alength= 4 w= 10
	0.0	0.5	0.0	0.5
	0.0	0.0	0.0	1.0
	0.75	0.25	0.0	0.0
	0.75	0.0	0.0	0.25
	0.0	0.0	0.25	0.75
	0.25	0.0	0.25	0.5
	1.0	0.0	0.0	0.0
	0.75	0.0	0.0	0.25
	1.0	0.0	0.0	0.0
	1.0	0.0	0.0	0.0

MEME version 4

ALPHABET= ACGT

MOTIF chr4:103776207-103776232

letter-probability matrix: alength= 4 w= 25
	0.0	1.0	0.0	0.0
	0.0	1.0	0.0	0.0
	0.0	0.0	0.0	1.0
	0.5	0.0	0.5	0.0
	0.0	0.0	1.0	0.0
	0.0	0.0	1.0	0.0
	0.0	1.0	0.0	0.0
	0.0	0.0	0.0	1.0
	0.0	1.0	0.0	0.0
	1.0	0.0	0.0	0.0
	1.0	0.0	0.0	0.0
	0.0	0.0	1.0	0.0
	0.0	1.0	0.0	0.0
	0.5	0.5	0.0	0.0
	1.0	0.0	0.0	0.0
	0.0	0.0	0.0	1.0
	0.0	1.0	0.0	0.0
	0.0	1.0	0.0	0.0
	0.0	0.0	0.0	1.0
	0.5	0.5	0.0	0.0
	0.0	1.0	0.0	0.0
	0.0	1.0	0.0	0.0
	0.0	0.0	1.0	0.0
	0.0	1.0	0.0	0.0
	0.0	1.0	0.0	0.0

MEME version 4

ALPHABET= ACGT

MOTIF chr16:20817018-20817028

letter-probability matrix: alength= 4 w= 10
	0.0	0.5	0.0	0.5
	0.0	0.0	0.0	1.0
	0.75	0.25	0.0	0.0
	0.75	0.0	0.0	0.25
	0.0	0.0	0.25	0.75
	0.25	0.0	0.25	0.5
	1.0	0.0	0.0	0.0
	0.75	0.0	0.0	0.25
	1.0	0.0	0.0	0.0
	1.0	0.0	0.0	0.0

MEME version 4

ALPHABET= ACGT

MOTIF chr16:20849315-20849340

letter-probability matrix: alength= 4 w= 25
	0.0	1.0	0.0	0.0
	0.0	1.0	0.0	0.0
	0.0	0.0	0.0	1.0
	0.5	0.0	0.5	0.0
	0.0	0.0	1.0	0.0
	0.0	0.0	1.0	0.0
	0.0	1.0	0.0	0.0
	0.0	0.0	0.0	1.0
	0.0	1.0	0.0	0.0
	1.0	0.0	0.0	0.0
	1.0	0.0	0.0	0.0
	0.0	0.0	1.0	0.0
	0.0	1.0	0.0	0.0
	0.5	0.5	0.0	0.0
	1.0	0.0	0.0	0.0
	0.0	0.0	0.0	1.0
	0.0	1.0	0.0	0.0
	0.0	1.0	0.0	0.0
	0.0	0.0	0.0	1.0
	0.5	0.5	0.0	0.0
	0.0	1.0	0.0	0.0
	0.0	1.0	0.0	0.0
	0.0	0.0	1.0	0.0
	0.0	1.0	0.0	0.0
	0.0	1.0	0.0	0.0

MEME version 4

ALPHABET= ACGT

MOTIF chr16:67243954-67243964

letter-probability matrix: alength= 4 w= 10
	0.0	0.5	0.0	0.5
	0.0	0.0	0.0	1.0
	0.75	0.25	0.0	0.0
	0.75	0.0	0.0	0.25
	0.0	0.0	0.25	0.75
	0.25	0.0	0.25	0.5
	1.0	0.0	0.0	0.0
	0.75	0.0	0.0	0.25
	1.0	0.0	0.0	0.0
	1.0	0.0	0.0	0.0

MEME version 4

ALPHABET= ACGT

MOTIF chr16:67254281-67254306

letter-probability matrix: alength= 4 w= 25
	0.0	1.0	0.0	0.0
	0.0	1.0	0.0	0.0
	0.0	0.0	0.0	1.0
	0.5	0.0	0.5	0.0
	0.0	0.0	1.0	0.0
	0.0	0.0	1.0	0.0
	0.0	1.0	0.0	0.0
	0.0	0.0	0.0	1.0
	0.0	1.0	0.0	0.0
	1.0	0.0	0.0	0.0
	1.0	0.0	0.0	0.0
	0.0	0.0	1.0	0.0
	0.0	1.0	0.0	0.0
	0.5	0.5	0.0	0.0
	1.0	0.0	0.0	0.0
	0.0	0.0	0.0	1.0
	0.0	1.0	0.0	0.0
	0.0	1.0	0.0	0.0
	0.0	0.0	0.0	1.0
	0.5	0.5	0.0	0.0
	0.0	1.0	0.0	0.0
	0.0	1.0	0.0	0.0
	0.0	0.0	1.0	0.0
	0.0	1.0	0.0	0.0
	0.0	1.0	0.0	0.0

MEME version 4

ALPHABET= ACGT

MOTIF chr4:103789684-103789694

letter-probability matrix: alength= 4 w= 10
	0.0	0.5	0.0	0.5
	0.0	0.0	0.0	1.0
	0.75	0.25	0.0	0.0
	0.75	0.0	0.0	0.25
	0.0	0.0	0.25	0.75
	0.25	0.0	0.25	0.5
	1.0	0.0	0.0	0.0
	0.75	0.0	0.0	0.25
	1.0	0.0	0.0	0.0
	1.0	0.0	0.0	0.0

MEME version 4

ALPHABET= ACGT

MOTIF chr4:103776207-103776232

letter-probability matrix: alength= 4 w= 25
	0.0	1.0	0.0	0.0
	0.0	1.0	0.0	0.0
	0.0	0.0	0.0	1.0
	0.5	0.0	0.5	0.0
	0.0	0.0	1.0	0.0
	0.0	0.0	1.0	0.0
	0.0	1.0	0.0	0.0
	0.0	0.0	0.0	1.0
	0.0	1.0	0.0	0.0
	1.0	0.0	0.0	0.0
	1.0	0.0	0.0	0.0
	0.0	0.0	1.0	0.0
	0.0	1.0	0.0	0.0
	0.5	0.5	0.0	0.0
	1.0	0.0	0.0	0.0
	0.0	0.0	0.0	1.0
	0.0	1.0	0.0	0.0
	0.0	1.0	0.0	0.0
	0.0	0.0	0.0	1.0
	0.5	0.5	0.0	0.0
	0.0	1.0	0.0	0.0
	0.0	1.0	0.0	0.0
	0.0	0.0	1.0	0.0
	0.0	1.0	0.0	0.0
	0.0	1.0	0.0	0.0

MEME version 4

ALPHABET= ACGT

MOTIF chr17:56769564-56769574

letter-probability matrix: alength= 4 w= 10
	0.0	0.5	0.0	0.5
	0.0	0.0	0.0	1.0
	0.75	0.25	0.0	0.0
	0.75	0.0	0.0	0.25
	0.0	0.0	0.25	0.75
	0.25	0.0	0.25	0.5
	1.0	0.0	0.0	0.0
	0.75	0.0	0.0	0.25
	1.0	0.0	0.0	0.0
	1.0	0.0	0.0	0.0

MEME version 4

ALPHABET= ACGT

MOTIF chr17:56774151-56774176

letter-probability matrix: alength= 4 w= 25
	0.0	1.0	0.0	0.0
	0.0	1.0	0.0	0.0
	0.0	0.0	0.0	1.0
	0.5	0.0	0.5	0.0
	0.0	0.0	1.0	0.0
	0.0	0.0	1.0	0.0
	0.0	1.0	0.0	0.0
	0.0	0.0	0.0	1.0
	0.0	1.0	0.0	0.0
	1.0	0.0	0.0	0.0
	1.0	0.0	0.0	0.0
	0.0	0.0	1.0	0.0
	0.0	1.0	0.0	0.0
	0.5	0.5	0.0	0.0
	1.0	0.0	0.0	0.0
	0.0	0.0	0.0	1.0
	0.0	1.0	0.0	0.0
	0.0	1.0	0.0	0.0
	0.0	0.0	0.0	1.0
	0.5	0.5	0.0	0.0
	0.0	1.0	0.0	0.0
	0.0	1.0	0.0	0.0
	0.0	0.0	1.0	0.0
	0.0	1.0	0.0	0.0
	0.0	1.0	0.0	0.0

