MEME version 4

ALPHABET= ACGT

MOTIF chr2:69665494-69665504

letter-probability matrix: alength= 4 w= 10
	0.0	1.0	0.0	0.0
	0.0	0.0	0.0	1.0
	0.0	0.25	0.75	0.0
	0.0	1.0	0.0	0.0
	0.5	0.5	0.0	0.0
	1.0	0.0	0.0	0.0
	0.0	0.75	0.25	0.0
	0.0	1.0	0.0	0.0
	0.0	0.0	0.0	1.0
	0.0	1.0	0.0	0.0

MEME version 4

ALPHABET= ACGT

MOTIF chr2:69684372-69684397

letter-probability matrix: alength= 4 w= 25
	0.0	0.0	1.0	0.0
	1.0	0.0	0.0	0.0
	0.0	0.0	1.0	0.0
	0.0	1.0	0.0	0.0
	0.0	1.0	0.0	0.0
	0.0	0.0	0.0	1.0
	0.0	0.0	1.0	0.0
	0.0	0.0	1.0	0.0
	0.0	1.0	0.0	0.0
	0.0	0.0	0.0	1.0
	0.0	0.0	1.0	0.0
	0.0	0.0	1.0	0.0
	0.0	1.0	0.0	0.0
	0.0	0.0	0.0	1.0
	1.0	0.0	0.0	0.0
	0.0	1.0	0.0	0.0
	0.0	1.0	0.0	0.0
	0.0	0.0	0.0	1.0
	0.0	0.0	1.0	0.0
	0.0	0.0	1.0	0.0
	0.0	0.0	1.0	0.0
	0.0	1.0	0.0	0.0
	0.0	0.0	1.0	0.0
	0.0	1.0	0.0	0.0
	0.0	1.0	0.0	0.0

MEME version 4

ALPHABET= ACGT

MOTIF chr7:66461549-66461559

letter-probability matrix: alength= 4 w= 10
	0.0	1.0	0.0	0.0
	0.0	0.0	0.0	1.0
	0.0	0.25	0.75	0.0
	0.0	1.0	0.0	0.0
	0.5	0.5	0.0	0.0
	1.0	0.0	0.0	0.0
	0.0	0.75	0.25	0.0
	0.0	1.0	0.0	0.0
	0.0	0.0	0.0	1.0
	0.0	1.0	0.0	0.0

MEME version 4

ALPHABET= ACGT

MOTIF chr7:66429862-66429887

letter-probability matrix: alength= 4 w= 25
	0.0	0.0	1.0	0.0
	1.0	0.0	0.0	0.0
	0.0	0.0	1.0	0.0
	0.0	1.0	0.0	0.0
	0.0	1.0	0.0	0.0
	0.0	0.0	0.0	1.0
	0.0	0.0	1.0	0.0
	0.0	0.0	1.0	0.0
	0.0	1.0	0.0	0.0
	0.0	0.0	0.0	1.0
	0.0	0.0	1.0	0.0
	0.0	0.0	1.0	0.0
	0.0	1.0	0.0	0.0
	0.0	0.0	0.0	1.0
	1.0	0.0	0.0	0.0
	0.0	1.0	0.0	0.0
	0.0	1.0	0.0	0.0
	0.0	0.0	0.0	1.0
	0.0	0.0	1.0	0.0
	0.0	0.0	1.0	0.0
	0.0	0.0	1.0	0.0
	0.0	1.0	0.0	0.0
	0.0	0.0	1.0	0.0
	0.0	1.0	0.0	0.0
	0.0	1.0	0.0	0.0

MEME version 4

ALPHABET= ACGT

MOTIF chr17:59942584-59942594

letter-probability matrix: alength= 4 w= 10
	0.0	1.0	0.0	0.0
	0.0	0.0	0.0	1.0
	0.0	0.25	0.75	0.0
	0.0	1.0	0.0	0.0
	0.5	0.5	0.0	0.0
	1.0	0.0	0.0	0.0
	0.0	0.75	0.25	0.0
	0.0	1.0	0.0	0.0
	0.0	0.0	0.0	1.0
	0.0	1.0	0.0	0.0

MEME version 4

ALPHABET= ACGT

MOTIF chr17:60018421-60018446

letter-probability matrix: alength= 4 w= 25
	0.0	0.0	1.0	0.0
	1.0	0.0	0.0	0.0
	0.0	0.0	1.0	0.0
	0.0	1.0	0.0	0.0
	0.0	1.0	0.0	0.0
	0.0	0.0	0.0	1.0
	0.0	0.0	1.0	0.0
	0.0	0.0	1.0	0.0
	0.0	1.0	0.0	0.0
	0.0	0.0	0.0	1.0
	0.0	0.0	1.0	0.0
	0.0	0.0	1.0	0.0
	0.0	1.0	0.0	0.0
	0.0	0.0	0.0	1.0
	1.0	0.0	0.0	0.0
	0.0	1.0	0.0	0.0
	0.0	1.0	0.0	0.0
	0.0	0.0	0.0	1.0
	0.0	0.0	1.0	0.0
	0.0	0.0	1.0	0.0
	0.0	0.0	1.0	0.0
	0.0	1.0	0.0	0.0
	0.0	0.0	1.0	0.0
	0.0	1.0	0.0	0.0
	0.0	1.0	0.0	0.0

MEME version 4

ALPHABET= ACGT

MOTIF chr14:24612271-24612281

letter-probability matrix: alength= 4 w= 10
	0.0	1.0	0.0	0.0
	0.0	0.0	0.0	1.0
	0.0	0.25	0.75	0.0
	0.0	1.0	0.0	0.0
	0.5	0.5	0.0	0.0
	1.0	0.0	0.0	0.0
	0.0	0.75	0.25	0.0
	0.0	1.0	0.0	0.0
	0.0	0.0	0.0	1.0
	0.0	1.0	0.0	0.0

MEME version 4

ALPHABET= ACGT

MOTIF chr14:24630529-24630554

letter-probability matrix: alength= 4 w= 25
	0.0	0.0	1.0	0.0
	1.0	0.0	0.0	0.0
	0.0	0.0	1.0	0.0
	0.0	1.0	0.0	0.0
	0.0	1.0	0.0	0.0
	0.0	0.0	0.0	1.0
	0.0	0.0	1.0	0.0
	0.0	0.0	1.0	0.0
	0.0	1.0	0.0	0.0
	0.0	0.0	0.0	1.0
	0.0	0.0	1.0	0.0
	0.0	0.0	1.0	0.0
	0.0	1.0	0.0	0.0
	0.0	0.0	0.0	1.0
	1.0	0.0	0.0	0.0
	0.0	1.0	0.0	0.0
	0.0	1.0	0.0	0.0
	0.0	0.0	0.0	1.0
	0.0	0.0	1.0	0.0
	0.0	0.0	1.0	0.0
	0.0	0.0	1.0	0.0
	0.0	1.0	0.0	0.0
	0.0	0.0	1.0	0.0
	0.0	1.0	0.0	0.0
	0.0	1.0	0.0	0.0

MEME version 4

ALPHABET= ACGT

MOTIF chr2:209130708-209130718

letter-probability matrix: alength= 4 w= 10
	0.0	1.0	0.0	0.0
	0.0	0.0	0.0	1.0
	0.0	0.25	0.75	0.0
	0.0	1.0	0.0	0.0
	0.5	0.5	0.0	0.0
	1.0	0.0	0.0	0.0
	0.0	0.75	0.25	0.0
	0.0	1.0	0.0	0.0
	0.0	0.0	0.0	1.0
	0.0	1.0	0.0	0.0

MEME version 4

ALPHABET= ACGT

MOTIF chr2:209149695-209149720

letter-probability matrix: alength= 4 w= 25
	0.0	0.0	1.0	0.0
	1.0	0.0	0.0	0.0
	0.0	0.0	1.0	0.0
	0.0	1.0	0.0	0.0
	0.0	1.0	0.0	0.0
	0.0	0.0	0.0	1.0
	0.0	0.0	1.0	0.0
	0.0	0.0	1.0	0.0
	0.0	1.0	0.0	0.0
	0.0	0.0	0.0	1.0
	0.0	0.0	1.0	0.0
	0.0	0.0	1.0	0.0
	0.0	1.0	0.0	0.0
	0.0	0.0	0.0	1.0
	1.0	0.0	0.0	0.0
	0.0	1.0	0.0	0.0
	0.0	1.0	0.0	0.0
	0.0	0.0	0.0	1.0
	0.0	0.0	1.0	0.0
	0.0	0.0	1.0	0.0
	0.0	0.0	1.0	0.0
	0.0	1.0	0.0	0.0
	0.0	0.0	1.0	0.0
	0.0	1.0	0.0	0.0
	0.0	1.0	0.0	0.0

MEME version 4

ALPHABET= ACGT

MOTIF chr15:64656962-64656972

letter-probability matrix: alength= 4 w= 10
	0.0	1.0	0.0	0.0
	0.0	0.0	0.0	1.0
	0.0	0.25	0.75	0.0
	0.0	1.0	0.0	0.0
	0.5	0.5	0.0	0.0
	1.0	0.0	0.0	0.0
	0.0	0.75	0.25	0.0
	0.0	1.0	0.0	0.0
	0.0	0.0	0.0	1.0
	0.0	1.0	0.0	0.0

MEME version 4

ALPHABET= ACGT

MOTIF chr15:64697506-64697531

letter-probability matrix: alength= 4 w= 25
	0.0	0.0	1.0	0.0
	1.0	0.0	0.0	0.0
	0.0	0.0	1.0	0.0
	0.0	1.0	0.0	0.0
	0.0	1.0	0.0	0.0
	0.0	0.0	0.0	1.0
	0.0	0.0	1.0	0.0
	0.0	0.0	1.0	0.0
	0.0	1.0	0.0	0.0
	0.0	0.0	0.0	1.0
	0.0	0.0	1.0	0.0
	0.0	0.0	1.0	0.0
	0.0	1.0	0.0	0.0
	0.0	0.0	0.0	1.0
	1.0	0.0	0.0	0.0
	0.0	1.0	0.0	0.0
	0.0	1.0	0.0	0.0
	0.0	0.0	0.0	1.0
	0.0	0.0	1.0	0.0
	0.0	0.0	1.0	0.0
	0.0	0.0	1.0	0.0
	0.0	1.0	0.0	0.0
	0.0	0.0	1.0	0.0
	0.0	1.0	0.0	0.0
	0.0	1.0	0.0	0.0

MEME version 4

ALPHABET= ACGT

MOTIF chr19:12792909-12792919

letter-probability matrix: alength= 4 w= 10
	0.0	1.0	0.0	0.0
	0.0	0.0	0.0	1.0
	0.0	0.25	0.75	0.0
	0.0	1.0	0.0	0.0
	0.5	0.5	0.0	0.0
	1.0	0.0	0.0	0.0
	0.0	0.75	0.25	0.0
	0.0	1.0	0.0	0.0
	0.0	0.0	0.0	1.0
	0.0	1.0	0.0	0.0

MEME version 4

ALPHABET= ACGT

MOTIF chr19:12801968-12801993

letter-probability matrix: alength= 4 w= 25
	0.0	0.0	1.0	0.0
	1.0	0.0	0.0	0.0
	0.0	0.0	1.0	0.0
	0.0	1.0	0.0	0.0
	0.0	1.0	0.0	0.0
	0.0	0.0	0.0	1.0
	0.0	0.0	1.0	0.0
	0.0	0.0	1.0	0.0
	0.0	1.0	0.0	0.0
	0.0	0.0	0.0	1.0
	0.0	0.0	1.0	0.0
	0.0	0.0	1.0	0.0
	0.0	1.0	0.0	0.0
	0.0	0.0	0.0	1.0
	1.0	0.0	0.0	0.0
	0.0	1.0	0.0	0.0
	0.0	1.0	0.0	0.0
	0.0	0.0	0.0	1.0
	0.0	0.0	1.0	0.0
	0.0	0.0	1.0	0.0
	0.0	0.0	1.0	0.0
	0.0	1.0	0.0	0.0
	0.0	0.0	1.0	0.0
	0.0	1.0	0.0	0.0
	0.0	1.0	0.0	0.0

MEME version 4

ALPHABET= ACGT

MOTIF chrX:129304897-129304907

letter-probability matrix: alength= 4 w= 10
	0.0	1.0	0.0	0.0
	0.0	0.0	0.0	1.0
	0.0	0.25	0.75	0.0
	0.0	1.0	0.0	0.0
	0.5	0.5	0.0	0.0
	1.0	0.0	0.0	0.0
	0.0	0.75	0.25	0.0
	0.0	1.0	0.0	0.0
	0.0	0.0	0.0	1.0
	0.0	1.0	0.0	0.0

MEME version 4

ALPHABET= ACGT

MOTIF chrX:129273252-129273277

letter-probability matrix: alength= 4 w= 25
	0.0	0.0	1.0	0.0
	1.0	0.0	0.0	0.0
	0.0	0.0	1.0	0.0
	0.0	1.0	0.0	0.0
	0.0	1.0	0.0	0.0
	0.0	0.0	0.0	1.0
	0.0	0.0	1.0	0.0
	0.0	0.0	1.0	0.0
	0.0	1.0	0.0	0.0
	0.0	0.0	0.0	1.0
	0.0	0.0	1.0	0.0
	0.0	0.0	1.0	0.0
	0.0	1.0	0.0	0.0
	0.0	0.0	0.0	1.0
	1.0	0.0	0.0	0.0
	0.0	1.0	0.0	0.0
	0.0	1.0	0.0	0.0
	0.0	0.0	0.0	1.0
	0.0	0.0	1.0	0.0
	0.0	0.0	1.0	0.0
	0.0	0.0	1.0	0.0
	0.0	1.0	0.0	0.0
	0.0	0.0	1.0	0.0
	0.0	1.0	0.0	0.0
	0.0	1.0	0.0	0.0

MEME version 4

ALPHABET= ACGT

MOTIF chr19:40854204-40854214

letter-probability matrix: alength= 4 w= 10
	0.0	1.0	0.0	0.0
	0.0	0.0	0.0	1.0
	0.0	0.25	0.75	0.0
	0.0	1.0	0.0	0.0
	0.5	0.5	0.0	0.0
	1.0	0.0	0.0	0.0
	0.0	0.75	0.25	0.0
	0.0	1.0	0.0	0.0
	0.0	0.0	0.0	1.0
	0.0	1.0	0.0	0.0

MEME version 4

ALPHABET= ACGT

MOTIF chr19:40880346-40880371

letter-probability matrix: alength= 4 w= 25
	0.0	0.0	1.0	0.0
	1.0	0.0	0.0	0.0
	0.0	0.0	1.0	0.0
	0.0	1.0	0.0	0.0
	0.0	1.0	0.0	0.0
	0.0	0.0	0.0	1.0
	0.0	0.0	1.0	0.0
	0.0	0.0	1.0	0.0
	0.0	1.0	0.0	0.0
	0.0	0.0	0.0	1.0
	0.0	0.0	1.0	0.0
	0.0	0.0	1.0	0.0
	0.0	1.0	0.0	0.0
	0.0	0.0	0.0	1.0
	1.0	0.0	0.0	0.0
	0.0	1.0	0.0	0.0
	0.0	1.0	0.0	0.0
	0.0	0.0	0.0	1.0
	0.0	0.0	1.0	0.0
	0.0	0.0	1.0	0.0
	0.0	0.0	1.0	0.0
	0.0	1.0	0.0	0.0
	0.0	0.0	1.0	0.0
	0.0	1.0	0.0	0.0
	0.0	1.0	0.0	0.0

MEME version 4

ALPHABET= ACGT

MOTIF chr7:108194268-108194278

letter-probability matrix: alength= 4 w= 10
	0.0	1.0	0.0	0.0
	0.0	0.0	0.0	1.0
	0.0	0.25	0.75	0.0
	0.0	1.0	0.0	0.0
	0.5	0.5	0.0	0.0
	1.0	0.0	0.0	0.0
	0.0	0.75	0.25	0.0
	0.0	1.0	0.0	0.0
	0.0	0.0	0.0	1.0
	0.0	1.0	0.0	0.0

MEME version 4

ALPHABET= ACGT

MOTIF chr7:108191712-108191737

letter-probability matrix: alength= 4 w= 25
	0.0	0.0	1.0	0.0
	1.0	0.0	0.0	0.0
	0.0	0.0	1.0	0.0
	0.0	1.0	0.0	0.0
	0.0	1.0	0.0	0.0
	0.0	0.0	0.0	1.0
	0.0	0.0	1.0	0.0
	0.0	0.0	1.0	0.0
	0.0	1.0	0.0	0.0
	0.0	0.0	0.0	1.0
	0.0	0.0	1.0	0.0
	0.0	0.0	1.0	0.0
	0.0	1.0	0.0	0.0
	0.0	0.0	0.0	1.0
	1.0	0.0	0.0	0.0
	0.0	1.0	0.0	0.0
	0.0	1.0	0.0	0.0
	0.0	0.0	0.0	1.0
	0.0	0.0	1.0	0.0
	0.0	0.0	1.0	0.0
	0.0	0.0	1.0	0.0
	0.0	1.0	0.0	0.0
	0.0	0.0	1.0	0.0
	0.0	1.0	0.0	0.0
	0.0	1.0	0.0	0.0

MEME version 4

ALPHABET= ACGT

MOTIF chr12:58164908-58164918

letter-probability matrix: alength= 4 w= 10
	0.0	1.0	0.0	0.0
	0.0	0.0	0.0	1.0
	0.0	0.25	0.75	0.0
	0.0	1.0	0.0	0.0
	0.5	0.5	0.0	0.0
	1.0	0.0	0.0	0.0
	0.0	0.75	0.25	0.0
	0.0	1.0	0.0	0.0
	0.0	0.0	0.0	1.0
	0.0	1.0	0.0	0.0

MEME version 4

ALPHABET= ACGT

MOTIF chr12:58151374-58151399

letter-probability matrix: alength= 4 w= 25
	0.0	0.0	1.0	0.0
	1.0	0.0	0.0	0.0
	0.0	0.0	1.0	0.0
	0.0	1.0	0.0	0.0
	0.0	1.0	0.0	0.0
	0.0	0.0	0.0	1.0
	0.0	0.0	1.0	0.0
	0.0	0.0	1.0	0.0
	0.0	1.0	0.0	0.0
	0.0	0.0	0.0	1.0
	0.0	0.0	1.0	0.0
	0.0	0.0	1.0	0.0
	0.0	1.0	0.0	0.0
	0.0	0.0	0.0	1.0
	1.0	0.0	0.0	0.0
	0.0	1.0	0.0	0.0
	0.0	1.0	0.0	0.0
	0.0	0.0	0.0	1.0
	0.0	0.0	1.0	0.0
	0.0	0.0	1.0	0.0
	0.0	0.0	1.0	0.0
	0.0	1.0	0.0	0.0
	0.0	0.0	1.0	0.0
	0.0	1.0	0.0	0.0
	0.0	1.0	0.0	0.0

MEME version 4

ALPHABET= ACGT

MOTIF chr6:4066042-4066052

letter-probability matrix: alength= 4 w= 10
	0.0	1.0	0.0	0.0
	0.0	0.0	0.0	1.0
	0.0	0.25	0.75	0.0
	0.0	1.0	0.0	0.0
	0.5	0.5	0.0	0.0
	1.0	0.0	0.0	0.0
	0.0	0.75	0.25	0.0
	0.0	1.0	0.0	0.0
	0.0	0.0	0.0	1.0
	0.0	1.0	0.0	0.0

MEME version 4

ALPHABET= ACGT

MOTIF chr6:4002465-4002490

letter-probability matrix: alength= 4 w= 25
	0.0	0.0	1.0	0.0
	1.0	0.0	0.0	0.0
	0.0	0.0	1.0	0.0
	0.0	1.0	0.0	0.0
	0.0	1.0	0.0	0.0
	0.0	0.0	0.0	1.0
	0.0	0.0	1.0	0.0
	0.0	0.0	1.0	0.0
	0.0	1.0	0.0	0.0
	0.0	0.0	0.0	1.0
	0.0	0.0	1.0	0.0
	0.0	0.0	1.0	0.0
	0.0	1.0	0.0	0.0
	0.0	0.0	0.0	1.0
	1.0	0.0	0.0	0.0
	0.0	1.0	0.0	0.0
	0.0	1.0	0.0	0.0
	0.0	0.0	0.0	1.0
	0.0	0.0	1.0	0.0
	0.0	0.0	1.0	0.0
	0.0	0.0	1.0	0.0
	0.0	1.0	0.0	0.0
	0.0	0.0	1.0	0.0
	0.0	1.0	0.0	0.0
	0.0	1.0	0.0	0.0

MEME version 4

ALPHABET= ACGT

MOTIF chr17:41836879-41836889

letter-probability matrix: alength= 4 w= 10
	0.0	1.0	0.0	0.0
	0.0	0.0	0.0	1.0
	0.0	0.25	0.75	0.0
	0.0	1.0	0.0	0.0
	0.5	0.5	0.0	0.0
	1.0	0.0	0.0	0.0
	0.0	0.75	0.25	0.0
	0.0	1.0	0.0	0.0
	0.0	0.0	0.0	1.0
	0.0	1.0	0.0	0.0

MEME version 4

ALPHABET= ACGT

MOTIF chr17:41840058-41840083

letter-probability matrix: alength= 4 w= 25
	0.0	0.0	1.0	0.0
	1.0	0.0	0.0	0.0
	0.0	0.0	1.0	0.0
	0.0	1.0	0.0	0.0
	0.0	1.0	0.0	0.0
	0.0	0.0	0.0	1.0
	0.0	0.0	1.0	0.0
	0.0	0.0	1.0	0.0
	0.0	1.0	0.0	0.0
	0.0	0.0	0.0	1.0
	0.0	0.0	1.0	0.0
	0.0	0.0	1.0	0.0
	0.0	1.0	0.0	0.0
	0.0	0.0	0.0	1.0
	1.0	0.0	0.0	0.0
	0.0	1.0	0.0	0.0
	0.0	1.0	0.0	0.0
	0.0	0.0	0.0	1.0
	0.0	0.0	1.0	0.0
	0.0	0.0	1.0	0.0
	0.0	0.0	1.0	0.0
	0.0	1.0	0.0	0.0
	0.0	0.0	1.0	0.0
	0.0	1.0	0.0	0.0
	0.0	1.0	0.0	0.0

MEME version 4

ALPHABET= ACGT

MOTIF chr22:21142463-21142473

letter-probability matrix: alength= 4 w= 10
	0.0	1.0	0.0	0.0
	0.0	0.0	0.0	1.0
	0.0	0.25	0.75	0.0
	0.0	1.0	0.0	0.0
	0.5	0.5	0.0	0.0
	1.0	0.0	0.0	0.0
	0.0	0.75	0.25	0.0
	0.0	1.0	0.0	0.0
	0.0	0.0	0.0	1.0
	0.0	1.0	0.0	0.0

MEME version 4

ALPHABET= ACGT

MOTIF chr22:21123902-21123927

letter-probability matrix: alength= 4 w= 25
	0.0	0.0	1.0	0.0
	1.0	0.0	0.0	0.0
	0.0	0.0	1.0	0.0
	0.0	1.0	0.0	0.0
	0.0	1.0	0.0	0.0
	0.0	0.0	0.0	1.0
	0.0	0.0	1.0	0.0
	0.0	0.0	1.0	0.0
	0.0	1.0	0.0	0.0
	0.0	0.0	0.0	1.0
	0.0	0.0	1.0	0.0
	0.0	0.0	1.0	0.0
	0.0	1.0	0.0	0.0
	0.0	0.0	0.0	1.0
	1.0	0.0	0.0	0.0
	0.0	1.0	0.0	0.0
	0.0	1.0	0.0	0.0
	0.0	0.0	0.0	1.0
	0.0	0.0	1.0	0.0
	0.0	0.0	1.0	0.0
	0.0	0.0	1.0	0.0
	0.0	1.0	0.0	0.0
	0.0	0.0	1.0	0.0
	0.0	1.0	0.0	0.0
	0.0	1.0	0.0	0.0

MEME version 4

ALPHABET= ACGT

MOTIF chr10:126436455-126436465

letter-probability matrix: alength= 4 w= 10
	0.0	1.0	0.0	0.0
	0.0	0.0	0.0	1.0
	0.0	0.25	0.75	0.0
	0.0	1.0	0.0	0.0
	0.5	0.5	0.0	0.0
	1.0	0.0	0.0	0.0
	0.0	0.75	0.25	0.0
	0.0	1.0	0.0	0.0
	0.0	0.0	0.0	1.0
	0.0	1.0	0.0	0.0

MEME version 4

ALPHABET= ACGT

MOTIF chr10:126503803-126503828

letter-probability matrix: alength= 4 w= 25
	0.0	0.0	1.0	0.0
	1.0	0.0	0.0	0.0
	0.0	0.0	1.0	0.0
	0.0	1.0	0.0	0.0
	0.0	1.0	0.0	0.0
	0.0	0.0	0.0	1.0
	0.0	0.0	1.0	0.0
	0.0	0.0	1.0	0.0
	0.0	1.0	0.0	0.0
	0.0	0.0	0.0	1.0
	0.0	0.0	1.0	0.0
	0.0	0.0	1.0	0.0
	0.0	1.0	0.0	0.0
	0.0	0.0	0.0	1.0
	1.0	0.0	0.0	0.0
	0.0	1.0	0.0	0.0
	0.0	1.0	0.0	0.0
	0.0	0.0	0.0	1.0
	0.0	0.0	1.0	0.0
	0.0	0.0	1.0	0.0
	0.0	0.0	1.0	0.0
	0.0	1.0	0.0	0.0
	0.0	0.0	1.0	0.0
	0.0	1.0	0.0	0.0
	0.0	1.0	0.0	0.0

MEME version 4

ALPHABET= ACGT

MOTIF chr6:31547536-31547546

letter-probability matrix: alength= 4 w= 10
	0.0	1.0	0.0	0.0
	0.0	0.0	0.0	1.0
	0.0	0.25	0.75	0.0
	0.0	1.0	0.0	0.0
	0.5	0.5	0.0	0.0
	1.0	0.0	0.0	0.0
	0.0	0.75	0.25	0.0
	0.0	1.0	0.0	0.0
	0.0	0.0	0.0	1.0
	0.0	1.0	0.0	0.0

MEME version 4

ALPHABET= ACGT

MOTIF chr6:31567509-31567534

letter-probability matrix: alength= 4 w= 25
	0.0	0.0	1.0	0.0
	1.0	0.0	0.0	0.0
	0.0	0.0	1.0	0.0
	0.0	1.0	0.0	0.0
	0.0	1.0	0.0	0.0
	0.0	0.0	0.0	1.0
	0.0	0.0	1.0	0.0
	0.0	0.0	1.0	0.0
	0.0	1.0	0.0	0.0
	0.0	0.0	0.0	1.0
	0.0	0.0	1.0	0.0
	0.0	0.0	1.0	0.0
	0.0	1.0	0.0	0.0
	0.0	0.0	0.0	1.0
	1.0	0.0	0.0	0.0
	0.0	1.0	0.0	0.0
	0.0	1.0	0.0	0.0
	0.0	0.0	0.0	1.0
	0.0	0.0	1.0	0.0
	0.0	0.0	1.0	0.0
	0.0	0.0	1.0	0.0
	0.0	1.0	0.0	0.0
	0.0	0.0	1.0	0.0
	0.0	1.0	0.0	0.0
	0.0	1.0	0.0	0.0

MEME version 4

ALPHABET= ACGT

MOTIF chr15:91260270-91260280

letter-probability matrix: alength= 4 w= 10
	0.0	1.0	0.0	0.0
	0.0	0.0	0.0	1.0
	0.0	0.25	0.75	0.0
	0.0	1.0	0.0	0.0
	0.5	0.5	0.0	0.0
	1.0	0.0	0.0	0.0
	0.0	0.75	0.25	0.0
	0.0	1.0	0.0	0.0
	0.0	0.0	0.0	1.0
	0.0	1.0	0.0	0.0

MEME version 4

ALPHABET= ACGT

MOTIF chr15:91240132-91240157

letter-probability matrix: alength= 4 w= 25
	0.0	0.0	1.0	0.0
	1.0	0.0	0.0	0.0
	0.0	0.0	1.0	0.0
	0.0	1.0	0.0	0.0
	0.0	1.0	0.0	0.0
	0.0	0.0	0.0	1.0
	0.0	0.0	1.0	0.0
	0.0	0.0	1.0	0.0
	0.0	1.0	0.0	0.0
	0.0	0.0	0.0	1.0
	0.0	0.0	1.0	0.0
	0.0	0.0	1.0	0.0
	0.0	1.0	0.0	0.0
	0.0	0.0	0.0	1.0
	1.0	0.0	0.0	0.0
	0.0	1.0	0.0	0.0
	0.0	1.0	0.0	0.0
	0.0	0.0	0.0	1.0
	0.0	0.0	1.0	0.0
	0.0	0.0	1.0	0.0
	0.0	0.0	1.0	0.0
	0.0	1.0	0.0	0.0
	0.0	0.0	1.0	0.0
	0.0	1.0	0.0	0.0
	0.0	1.0	0.0	0.0

MEME version 4

ALPHABET= ACGT

MOTIF chr2:136289392-136289402

letter-probability matrix: alength= 4 w= 10
	0.0	1.0	0.0	0.0
	0.0	0.0	0.0	1.0
	0.0	0.25	0.75	0.0
	0.0	1.0	0.0	0.0
	0.5	0.5	0.0	0.0
	1.0	0.0	0.0	0.0
	0.0	0.75	0.25	0.0
	0.0	1.0	0.0	0.0
	0.0	0.0	0.0	1.0
	0.0	1.0	0.0	0.0

MEME version 4

ALPHABET= ACGT

MOTIF chr2:136303315-136303340

letter-probability matrix: alength= 4 w= 25
	0.0	0.0	1.0	0.0
	1.0	0.0	0.0	0.0
	0.0	0.0	1.0	0.0
	0.0	1.0	0.0	0.0
	0.0	1.0	0.0	0.0
	0.0	0.0	0.0	1.0
	0.0	0.0	1.0	0.0
	0.0	0.0	1.0	0.0
	0.0	1.0	0.0	0.0
	0.0	0.0	0.0	1.0
	0.0	0.0	1.0	0.0
	0.0	0.0	1.0	0.0
	0.0	1.0	0.0	0.0
	0.0	0.0	0.0	1.0
	1.0	0.0	0.0	0.0
	0.0	1.0	0.0	0.0
	0.0	1.0	0.0	0.0
	0.0	0.0	0.0	1.0
	0.0	0.0	1.0	0.0
	0.0	0.0	1.0	0.0
	0.0	0.0	1.0	0.0
	0.0	1.0	0.0	0.0
	0.0	0.0	1.0	0.0
	0.0	1.0	0.0	0.0
	0.0	1.0	0.0	0.0

MEME version 4

ALPHABET= ACGT

MOTIF chr19:36316377-36316387

letter-probability matrix: alength= 4 w= 10
	0.0	1.0	0.0	0.0
	0.0	0.0	0.0	1.0
	0.0	0.25	0.75	0.0
	0.0	1.0	0.0	0.0
	0.5	0.5	0.0	0.0
	1.0	0.0	0.0	0.0
	0.0	0.75	0.25	0.0
	0.0	1.0	0.0	0.0
	0.0	0.0	0.0	1.0
	0.0	1.0	0.0	0.0

MEME version 4

ALPHABET= ACGT

MOTIF chr19:36370821-36370846

letter-probability matrix: alength= 4 w= 25
	0.0	0.0	1.0	0.0
	1.0	0.0	0.0	0.0
	0.0	0.0	1.0	0.0
	0.0	1.0	0.0	0.0
	0.0	1.0	0.0	0.0
	0.0	0.0	0.0	1.0
	0.0	0.0	1.0	0.0
	0.0	0.0	1.0	0.0
	0.0	1.0	0.0	0.0
	0.0	0.0	0.0	1.0
	0.0	0.0	1.0	0.0
	0.0	0.0	1.0	0.0
	0.0	1.0	0.0	0.0
	0.0	0.0	0.0	1.0
	1.0	0.0	0.0	0.0
	0.0	1.0	0.0	0.0
	0.0	1.0	0.0	0.0
	0.0	0.0	0.0	1.0
	0.0	0.0	1.0	0.0
	0.0	0.0	1.0	0.0
	0.0	0.0	1.0	0.0
	0.0	1.0	0.0	0.0
	0.0	0.0	1.0	0.0
	0.0	1.0	0.0	0.0
	0.0	1.0	0.0	0.0

MEME version 4

ALPHABET= ACGT

MOTIF chr12:58027481-58027491

letter-probability matrix: alength= 4 w= 10
	0.0	1.0	0.0	0.0
	0.0	0.0	0.0	1.0
	0.0	0.25	0.75	0.0
	0.0	1.0	0.0	0.0
	0.5	0.5	0.0	0.0
	1.0	0.0	0.0	0.0
	0.0	0.75	0.25	0.0
	0.0	1.0	0.0	0.0
	0.0	0.0	0.0	1.0
	0.0	1.0	0.0	0.0

MEME version 4

ALPHABET= ACGT

MOTIF chr12:58017646-58017671

letter-probability matrix: alength= 4 w= 25
	0.0	0.0	1.0	0.0
	1.0	0.0	0.0	0.0
	0.0	0.0	1.0	0.0
	0.0	1.0	0.0	0.0
	0.0	1.0	0.0	0.0
	0.0	0.0	0.0	1.0
	0.0	0.0	1.0	0.0
	0.0	0.0	1.0	0.0
	0.0	1.0	0.0	0.0
	0.0	0.0	0.0	1.0
	0.0	0.0	1.0	0.0
	0.0	0.0	1.0	0.0
	0.0	1.0	0.0	0.0
	0.0	0.0	0.0	1.0
	1.0	0.0	0.0	0.0
	0.0	1.0	0.0	0.0
	0.0	1.0	0.0	0.0
	0.0	0.0	0.0	1.0
	0.0	0.0	1.0	0.0
	0.0	0.0	1.0	0.0
	0.0	0.0	1.0	0.0
	0.0	1.0	0.0	0.0
	0.0	0.0	1.0	0.0
	0.0	1.0	0.0	0.0
	0.0	1.0	0.0	0.0

MEME version 4

ALPHABET= ACGT

MOTIF chr4:108642084-108642094

letter-probability matrix: alength= 4 w= 10
	0.0	1.0	0.0	0.0
	0.0	0.0	0.0	1.0
	0.0	0.25	0.75	0.0
	0.0	1.0	0.0	0.0
	0.5	0.5	0.0	0.0
	1.0	0.0	0.0	0.0
	0.0	0.75	0.25	0.0
	0.0	1.0	0.0	0.0
	0.0	0.0	0.0	1.0
	0.0	1.0	0.0	0.0

MEME version 4

ALPHABET= ACGT

MOTIF chr4:108615262-108615287

letter-probability matrix: alength= 4 w= 25
	0.0	0.0	1.0	0.0
	1.0	0.0	0.0	0.0
	0.0	0.0	1.0	0.0
	0.0	1.0	0.0	0.0
	0.0	1.0	0.0	0.0
	0.0	0.0	0.0	1.0
	0.0	0.0	1.0	0.0
	0.0	0.0	1.0	0.0
	0.0	1.0	0.0	0.0
	0.0	0.0	0.0	1.0
	0.0	0.0	1.0	0.0
	0.0	0.0	1.0	0.0
	0.0	1.0	0.0	0.0
	0.0	0.0	0.0	1.0
	1.0	0.0	0.0	0.0
	0.0	1.0	0.0	0.0
	0.0	1.0	0.0	0.0
	0.0	0.0	0.0	1.0
	0.0	0.0	1.0	0.0
	0.0	0.0	1.0	0.0
	0.0	0.0	1.0	0.0
	0.0	1.0	0.0	0.0
	0.0	0.0	1.0	0.0
	0.0	1.0	0.0	0.0
	0.0	1.0	0.0	0.0

MEME version 4

ALPHABET= ACGT

MOTIF chr19:39876148-39876158

letter-probability matrix: alength= 4 w= 10
	0.0	1.0	0.0	0.0
	0.0	0.0	0.0	1.0
	0.0	0.25	0.75	0.0
	0.0	1.0	0.0	0.0
	0.5	0.5	0.0	0.0
	1.0	0.0	0.0	0.0
	0.0	0.75	0.25	0.0
	0.0	1.0	0.0	0.0
	0.0	0.0	0.0	1.0
	0.0	1.0	0.0	0.0

MEME version 4

ALPHABET= ACGT

MOTIF chr19:39875389-39875414

letter-probability matrix: alength= 4 w= 25
	0.0	0.0	1.0	0.0
	1.0	0.0	0.0	0.0
	0.0	0.0	1.0	0.0
	0.0	1.0	0.0	0.0
	0.0	1.0	0.0	0.0
	0.0	0.0	0.0	1.0
	0.0	0.0	1.0	0.0
	0.0	0.0	1.0	0.0
	0.0	1.0	0.0	0.0
	0.0	0.0	0.0	1.0
	0.0	0.0	1.0	0.0
	0.0	0.0	1.0	0.0
	0.0	1.0	0.0	0.0
	0.0	0.0	0.0	1.0
	1.0	0.0	0.0	0.0
	0.0	1.0	0.0	0.0
	0.0	1.0	0.0	0.0
	0.0	0.0	0.0	1.0
	0.0	0.0	1.0	0.0
	0.0	0.0	1.0	0.0
	0.0	0.0	1.0	0.0
	0.0	1.0	0.0	0.0
	0.0	0.0	1.0	0.0
	0.0	1.0	0.0	0.0
	0.0	1.0	0.0	0.0

MEME version 4

ALPHABET= ACGT

MOTIF chr20:43934520-43934530

letter-probability matrix: alength= 4 w= 10
	0.0	1.0	0.0	0.0
	0.0	0.0	0.0	1.0
	0.0	0.25	0.75	0.0
	0.0	1.0	0.0	0.0
	0.5	0.5	0.0	0.0
	1.0	0.0	0.0	0.0
	0.0	0.75	0.25	0.0
	0.0	1.0	0.0	0.0
	0.0	0.0	0.0	1.0
	0.0	1.0	0.0	0.0

MEME version 4

ALPHABET= ACGT

MOTIF chr20:43945612-43945637

letter-probability matrix: alength= 4 w= 25
	0.0	0.0	1.0	0.0
	1.0	0.0	0.0	0.0
	0.0	0.0	1.0	0.0
	0.0	1.0	0.0	0.0
	0.0	1.0	0.0	0.0
	0.0	0.0	0.0	1.0
	0.0	0.0	1.0	0.0
	0.0	0.0	1.0	0.0
	0.0	1.0	0.0	0.0
	0.0	0.0	0.0	1.0
	0.0	0.0	1.0	0.0
	0.0	0.0	1.0	0.0
	0.0	1.0	0.0	0.0
	0.0	0.0	0.0	1.0
	1.0	0.0	0.0	0.0
	0.0	1.0	0.0	0.0
	0.0	1.0	0.0	0.0
	0.0	0.0	0.0	1.0
	0.0	0.0	1.0	0.0
	0.0	0.0	1.0	0.0
	0.0	0.0	1.0	0.0
	0.0	1.0	0.0	0.0
	0.0	0.0	1.0	0.0
	0.0	1.0	0.0	0.0
	0.0	1.0	0.0	0.0

MEME version 4

ALPHABET= ACGT

MOTIF chr7:2393488-2393498

letter-probability matrix: alength= 4 w= 10
	0.0	1.0	0.0	0.0
	0.0	0.0	0.0	1.0
	0.0	0.25	0.75	0.0
	0.0	1.0	0.0	0.0
	0.5	0.5	0.0	0.0
	1.0	0.0	0.0	0.0
	0.0	0.75	0.25	0.0
	0.0	1.0	0.0	0.0
	0.0	0.0	0.0	1.0
	0.0	1.0	0.0	0.0

MEME version 4

ALPHABET= ACGT

MOTIF chr7:2423738-2423763

letter-probability matrix: alength= 4 w= 25
	0.0	0.0	1.0	0.0
	1.0	0.0	0.0	0.0
	0.0	0.0	1.0	0.0
	0.0	1.0	0.0	0.0
	0.0	1.0	0.0	0.0
	0.0	0.0	0.0	1.0
	0.0	0.0	1.0	0.0
	0.0	0.0	1.0	0.0
	0.0	1.0	0.0	0.0
	0.0	0.0	0.0	1.0
	0.0	0.0	1.0	0.0
	0.0	0.0	1.0	0.0
	0.0	1.0	0.0	0.0
	0.0	0.0	0.0	1.0
	1.0	0.0	0.0	0.0
	0.0	1.0	0.0	0.0
	0.0	1.0	0.0	0.0
	0.0	0.0	0.0	1.0
	0.0	0.0	1.0	0.0
	0.0	0.0	1.0	0.0
	0.0	0.0	1.0	0.0
	0.0	1.0	0.0	0.0
	0.0	0.0	1.0	0.0
	0.0	1.0	0.0	0.0
	0.0	1.0	0.0	0.0

MEME version 4

ALPHABET= ACGT

MOTIF chr2:68694883-68694893

letter-probability matrix: alength= 4 w= 10
	0.0	1.0	0.0	0.0
	0.0	0.0	0.0	1.0
	0.0	0.25	0.75	0.0
	0.0	1.0	0.0	0.0
	0.5	0.5	0.0	0.0
	1.0	0.0	0.0	0.0
	0.0	0.75	0.25	0.0
	0.0	1.0	0.0	0.0
	0.0	0.0	0.0	1.0
	0.0	1.0	0.0	0.0

MEME version 4

ALPHABET= ACGT

MOTIF chr2:68715502-68715527

letter-probability matrix: alength= 4 w= 25
	0.0	0.0	1.0	0.0
	1.0	0.0	0.0	0.0
	0.0	0.0	1.0	0.0
	0.0	1.0	0.0	0.0
	0.0	1.0	0.0	0.0
	0.0	0.0	0.0	1.0
	0.0	0.0	1.0	0.0
	0.0	0.0	1.0	0.0
	0.0	1.0	0.0	0.0
	0.0	0.0	0.0	1.0
	0.0	0.0	1.0	0.0
	0.0	0.0	1.0	0.0
	0.0	1.0	0.0	0.0
	0.0	0.0	0.0	1.0
	1.0	0.0	0.0	0.0
	0.0	1.0	0.0	0.0
	0.0	1.0	0.0	0.0
	0.0	0.0	0.0	1.0
	0.0	0.0	1.0	0.0
	0.0	0.0	1.0	0.0
	0.0	0.0	1.0	0.0
	0.0	1.0	0.0	0.0
	0.0	0.0	1.0	0.0
	0.0	1.0	0.0	0.0
	0.0	1.0	0.0	0.0

MEME version 4

ALPHABET= ACGT

MOTIF chr7:75697487-75697497

letter-probability matrix: alength= 4 w= 10
	0.0	1.0	0.0	0.0
	0.0	0.0	0.0	1.0
	0.0	0.25	0.75	0.0
	0.0	1.0	0.0	0.0
	0.5	0.5	0.0	0.0
	1.0	0.0	0.0	0.0
	0.0	0.75	0.25	0.0
	0.0	1.0	0.0	0.0
	0.0	0.0	0.0	1.0
	0.0	1.0	0.0	0.0

MEME version 4

ALPHABET= ACGT

MOTIF chr7:75648909-75648934

letter-probability matrix: alength= 4 w= 25
	0.0	0.0	1.0	0.0
	1.0	0.0	0.0	0.0
	0.0	0.0	1.0	0.0
	0.0	1.0	0.0	0.0
	0.0	1.0	0.0	0.0
	0.0	0.0	0.0	1.0
	0.0	0.0	1.0	0.0
	0.0	0.0	1.0	0.0
	0.0	1.0	0.0	0.0
	0.0	0.0	0.0	1.0
	0.0	0.0	1.0	0.0
	0.0	0.0	1.0	0.0
	0.0	1.0	0.0	0.0
	0.0	0.0	0.0	1.0
	1.0	0.0	0.0	0.0
	0.0	1.0	0.0	0.0
	0.0	1.0	0.0	0.0
	0.0	0.0	0.0	1.0
	0.0	0.0	1.0	0.0
	0.0	0.0	1.0	0.0
	0.0	0.0	1.0	0.0
	0.0	1.0	0.0	0.0
	0.0	0.0	1.0	0.0
	0.0	1.0	0.0	0.0
	0.0	1.0	0.0	0.0

MEME version 4

ALPHABET= ACGT

MOTIF chr7:5109579-5109589

letter-probability matrix: alength= 4 w= 10
	0.0	1.0	0.0	0.0
	0.0	0.0	0.0	1.0
	0.0	0.25	0.75	0.0
	0.0	1.0	0.0	0.0
	0.5	0.5	0.0	0.0
	1.0	0.0	0.0	0.0
	0.0	0.75	0.25	0.0
	0.0	1.0	0.0	0.0
	0.0	0.0	0.0	1.0
	0.0	1.0	0.0	0.0

MEME version 4

ALPHABET= ACGT

MOTIF chr7:5080041-5080066

letter-probability matrix: alength= 4 w= 25
	0.0	0.0	1.0	0.0
	1.0	0.0	0.0	0.0
	0.0	0.0	1.0	0.0
	0.0	1.0	0.0	0.0
	0.0	1.0	0.0	0.0
	0.0	0.0	0.0	1.0
	0.0	0.0	1.0	0.0
	0.0	0.0	1.0	0.0
	0.0	1.0	0.0	0.0
	0.0	0.0	0.0	1.0
	0.0	0.0	1.0	0.0
	0.0	0.0	1.0	0.0
	0.0	1.0	0.0	0.0
	0.0	0.0	0.0	1.0
	1.0	0.0	0.0	0.0
	0.0	1.0	0.0	0.0
	0.0	1.0	0.0	0.0
	0.0	0.0	0.0	1.0
	0.0	0.0	1.0	0.0
	0.0	0.0	1.0	0.0
	0.0	0.0	1.0	0.0
	0.0	1.0	0.0	0.0
	0.0	0.0	1.0	0.0
	0.0	1.0	0.0	0.0
	0.0	1.0	0.0	0.0

MEME version 4

ALPHABET= ACGT

MOTIF chr1:22004475-22004485

letter-probability matrix: alength= 4 w= 10
	0.0	1.0	0.0	0.0
	0.0	0.0	0.0	1.0
	0.0	0.25	0.75	0.0
	0.0	1.0	0.0	0.0
	0.5	0.5	0.0	0.0
	1.0	0.0	0.0	0.0
	0.0	0.75	0.25	0.0
	0.0	1.0	0.0	0.0
	0.0	0.0	0.0	1.0
	0.0	1.0	0.0	0.0

MEME version 4

ALPHABET= ACGT

MOTIF chr1:22138591-22138616

letter-probability matrix: alength= 4 w= 25
	0.0	0.0	1.0	0.0
	1.0	0.0	0.0	0.0
	0.0	0.0	1.0	0.0
	0.0	1.0	0.0	0.0
	0.0	1.0	0.0	0.0
	0.0	0.0	0.0	1.0
	0.0	0.0	1.0	0.0
	0.0	0.0	1.0	0.0
	0.0	1.0	0.0	0.0
	0.0	0.0	0.0	1.0
	0.0	0.0	1.0	0.0
	0.0	0.0	1.0	0.0
	0.0	1.0	0.0	0.0
	0.0	0.0	0.0	1.0
	1.0	0.0	0.0	0.0
	0.0	1.0	0.0	0.0
	0.0	1.0	0.0	0.0
	0.0	0.0	0.0	1.0
	0.0	0.0	1.0	0.0
	0.0	0.0	1.0	0.0
	0.0	0.0	1.0	0.0
	0.0	1.0	0.0	0.0
	0.0	0.0	1.0	0.0
	0.0	1.0	0.0	0.0
	0.0	1.0	0.0	0.0

MEME version 4

ALPHABET= ACGT

MOTIF chr16:4560808-4560818

letter-probability matrix: alength= 4 w= 10
	0.0	1.0	0.0	0.0
	0.0	0.0	0.0	1.0
	0.0	0.25	0.75	0.0
	0.0	1.0	0.0	0.0
	0.5	0.5	0.0	0.0
	1.0	0.0	0.0	0.0
	0.0	0.75	0.25	0.0
	0.0	1.0	0.0	0.0
	0.0	0.0	0.0	1.0
	0.0	1.0	0.0	0.0

MEME version 4

ALPHABET= ACGT

MOTIF chr16:4478311-4478336

letter-probability matrix: alength= 4 w= 25
	0.0	0.0	1.0	0.0
	1.0	0.0	0.0	0.0
	0.0	0.0	1.0	0.0
	0.0	1.0	0.0	0.0
	0.0	1.0	0.0	0.0
	0.0	0.0	0.0	1.0
	0.0	0.0	1.0	0.0
	0.0	0.0	1.0	0.0
	0.0	1.0	0.0	0.0
	0.0	0.0	0.0	1.0
	0.0	0.0	1.0	0.0
	0.0	0.0	1.0	0.0
	0.0	1.0	0.0	0.0
	0.0	0.0	0.0	1.0
	1.0	0.0	0.0	0.0
	0.0	1.0	0.0	0.0
	0.0	1.0	0.0	0.0
	0.0	0.0	0.0	1.0
	0.0	0.0	1.0	0.0
	0.0	0.0	1.0	0.0
	0.0	0.0	1.0	0.0
	0.0	1.0	0.0	0.0
	0.0	0.0	1.0	0.0
	0.0	1.0	0.0	0.0
	0.0	1.0	0.0	0.0

MEME version 4

ALPHABET= ACGT

MOTIF chr1:22110327-22110337

letter-probability matrix: alength= 4 w= 10
	0.0	1.0	0.0	0.0
	0.0	0.0	0.0	1.0
	0.0	0.25	0.75	0.0
	0.0	1.0	0.0	0.0
	0.5	0.5	0.0	0.0
	1.0	0.0	0.0	0.0
	0.0	0.75	0.25	0.0
	0.0	1.0	0.0	0.0
	0.0	0.0	0.0	1.0
	0.0	1.0	0.0	0.0

MEME version 4

ALPHABET= ACGT

MOTIF chr1:22138591-22138616

letter-probability matrix: alength= 4 w= 25
	0.0	0.0	1.0	0.0
	1.0	0.0	0.0	0.0
	0.0	0.0	1.0	0.0
	0.0	1.0	0.0	0.0
	0.0	1.0	0.0	0.0
	0.0	0.0	0.0	1.0
	0.0	0.0	1.0	0.0
	0.0	0.0	1.0	0.0
	0.0	1.0	0.0	0.0
	0.0	0.0	0.0	1.0
	0.0	0.0	1.0	0.0
	0.0	0.0	1.0	0.0
	0.0	1.0	0.0	0.0
	0.0	0.0	0.0	1.0
	1.0	0.0	0.0	0.0
	0.0	1.0	0.0	0.0
	0.0	1.0	0.0	0.0
	0.0	0.0	0.0	1.0
	0.0	0.0	1.0	0.0
	0.0	0.0	1.0	0.0
	0.0	0.0	1.0	0.0
	0.0	1.0	0.0	0.0
	0.0	0.0	1.0	0.0
	0.0	1.0	0.0	0.0
	0.0	1.0	0.0	0.0

MEME version 4

ALPHABET= ACGT

MOTIF chr20:30251266-30251276

letter-probability matrix: alength= 4 w= 10
	0.0	1.0	0.0	0.0
	0.0	0.0	0.0	1.0
	0.0	0.25	0.75	0.0
	0.0	1.0	0.0	0.0
	0.5	0.5	0.0	0.0
	1.0	0.0	0.0	0.0
	0.0	0.75	0.25	0.0
	0.0	1.0	0.0	0.0
	0.0	0.0	0.0	1.0
	0.0	1.0	0.0	0.0

MEME version 4

ALPHABET= ACGT

MOTIF chr20:30325892-30325917

letter-probability matrix: alength= 4 w= 25
	0.0	0.0	1.0	0.0
	1.0	0.0	0.0	0.0
	0.0	0.0	1.0	0.0
	0.0	1.0	0.0	0.0
	0.0	1.0	0.0	0.0
	0.0	0.0	0.0	1.0
	0.0	0.0	1.0	0.0
	0.0	0.0	1.0	0.0
	0.0	1.0	0.0	0.0
	0.0	0.0	0.0	1.0
	0.0	0.0	1.0	0.0
	0.0	0.0	1.0	0.0
	0.0	1.0	0.0	0.0
	0.0	0.0	0.0	1.0
	1.0	0.0	0.0	0.0
	0.0	1.0	0.0	0.0
	0.0	1.0	0.0	0.0
	0.0	0.0	0.0	1.0
	0.0	0.0	1.0	0.0
	0.0	0.0	1.0	0.0
	0.0	0.0	1.0	0.0
	0.0	1.0	0.0	0.0
	0.0	0.0	1.0	0.0
	0.0	1.0	0.0	0.0
	0.0	1.0	0.0	0.0

MEME version 4

ALPHABET= ACGT

MOTIF chr1:204543489-204543499

letter-probability matrix: alength= 4 w= 10
	0.0	1.0	0.0	0.0
	0.0	0.0	0.0	1.0
	0.0	0.25	0.75	0.0
	0.0	1.0	0.0	0.0
	0.5	0.5	0.0	0.0
	1.0	0.0	0.0	0.0
	0.0	0.75	0.25	0.0
	0.0	1.0	0.0	0.0
	0.0	0.0	0.0	1.0
	0.0	1.0	0.0	0.0

MEME version 4

ALPHABET= ACGT

MOTIF chr1:204478641-204478666

letter-probability matrix: alength= 4 w= 25
	0.0	0.0	1.0	0.0
	1.0	0.0	0.0	0.0
	0.0	0.0	1.0	0.0
	0.0	1.0	0.0	0.0
	0.0	1.0	0.0	0.0
	0.0	0.0	0.0	1.0
	0.0	0.0	1.0	0.0
	0.0	0.0	1.0	0.0
	0.0	1.0	0.0	0.0
	0.0	0.0	0.0	1.0
	0.0	0.0	1.0	0.0
	0.0	0.0	1.0	0.0
	0.0	1.0	0.0	0.0
	0.0	0.0	0.0	1.0
	1.0	0.0	0.0	0.0
	0.0	1.0	0.0	0.0
	0.0	1.0	0.0	0.0
	0.0	0.0	0.0	1.0
	0.0	0.0	1.0	0.0
	0.0	0.0	1.0	0.0
	0.0	0.0	1.0	0.0
	0.0	1.0	0.0	0.0
	0.0	0.0	1.0	0.0
	0.0	1.0	0.0	0.0
	0.0	1.0	0.0	0.0

MEME version 4

ALPHABET= ACGT

MOTIF chr22:41993513-41993523

letter-probability matrix: alength= 4 w= 10
	0.0	1.0	0.0	0.0
	0.0	0.0	0.0	1.0
	0.0	0.25	0.75	0.0
	0.0	1.0	0.0	0.0
	0.5	0.5	0.0	0.0
	1.0	0.0	0.0	0.0
	0.0	0.75	0.25	0.0
	0.0	1.0	0.0	0.0
	0.0	0.0	0.0	1.0
	0.0	1.0	0.0	0.0

MEME version 4

ALPHABET= ACGT

MOTIF chr22:42076156-42076181

letter-probability matrix: alength= 4 w= 25
	0.0	0.0	1.0	0.0
	1.0	0.0	0.0	0.0
	0.0	0.0	1.0	0.0
	0.0	1.0	0.0	0.0
	0.0	1.0	0.0	0.0
	0.0	0.0	0.0	1.0
	0.0	0.0	1.0	0.0
	0.0	0.0	1.0	0.0
	0.0	1.0	0.0	0.0
	0.0	0.0	0.0	1.0
	0.0	0.0	1.0	0.0
	0.0	0.0	1.0	0.0
	0.0	1.0	0.0	0.0
	0.0	0.0	0.0	1.0
	1.0	0.0	0.0	0.0
	0.0	1.0	0.0	0.0
	0.0	1.0	0.0	0.0
	0.0	0.0	0.0	1.0
	0.0	0.0	1.0	0.0
	0.0	0.0	1.0	0.0
	0.0	0.0	1.0	0.0
	0.0	1.0	0.0	0.0
	0.0	0.0	1.0	0.0
	0.0	1.0	0.0	0.0
	0.0	1.0	0.0	0.0

MEME version 4

ALPHABET= ACGT

MOTIF chr1:23694493-23694503

letter-probability matrix: alength= 4 w= 10
	0.0	1.0	0.0	0.0
	0.0	0.0	0.0	1.0
	0.0	0.25	0.75	0.0
	0.0	1.0	0.0	0.0
	0.5	0.5	0.0	0.0
	1.0	0.0	0.0	0.0
	0.0	0.75	0.25	0.0
	0.0	1.0	0.0	0.0
	0.0	0.0	0.0	1.0
	0.0	1.0	0.0	0.0

MEME version 4

ALPHABET= ACGT

MOTIF chr1:23706885-23706910

letter-probability matrix: alength= 4 w= 25
	0.0	0.0	1.0	0.0
	1.0	0.0	0.0	0.0
	0.0	0.0	1.0	0.0
	0.0	1.0	0.0	0.0
	0.0	1.0	0.0	0.0
	0.0	0.0	0.0	1.0
	0.0	0.0	1.0	0.0
	0.0	0.0	1.0	0.0
	0.0	1.0	0.0	0.0
	0.0	0.0	0.0	1.0
	0.0	0.0	1.0	0.0
	0.0	0.0	1.0	0.0
	0.0	1.0	0.0	0.0
	0.0	0.0	0.0	1.0
	1.0	0.0	0.0	0.0
	0.0	1.0	0.0	0.0
	0.0	1.0	0.0	0.0
	0.0	0.0	0.0	1.0
	0.0	0.0	1.0	0.0
	0.0	0.0	1.0	0.0
	0.0	0.0	1.0	0.0
	0.0	1.0	0.0	0.0
	0.0	0.0	1.0	0.0
	0.0	1.0	0.0	0.0
	0.0	1.0	0.0	0.0

MEME version 4

ALPHABET= ACGT

MOTIF chr20:44577130-44577140

letter-probability matrix: alength= 4 w= 10
	0.0	1.0	0.0	0.0
	0.0	0.0	0.0	1.0
	0.0	0.25	0.75	0.0
	0.0	1.0	0.0	0.0
	0.5	0.5	0.0	0.0
	1.0	0.0	0.0	0.0
	0.0	0.75	0.25	0.0
	0.0	1.0	0.0	0.0
	0.0	0.0	0.0	1.0
	0.0	1.0	0.0	0.0

MEME version 4

ALPHABET= ACGT

MOTIF chr20:44610897-44610922

letter-probability matrix: alength= 4 w= 25
	0.0	0.0	1.0	0.0
	1.0	0.0	0.0	0.0
	0.0	0.0	1.0	0.0
	0.0	1.0	0.0	0.0
	0.0	1.0	0.0	0.0
	0.0	0.0	0.0	1.0
	0.0	0.0	1.0	0.0
	0.0	0.0	1.0	0.0
	0.0	1.0	0.0	0.0
	0.0	0.0	0.0	1.0
	0.0	0.0	1.0	0.0
	0.0	0.0	1.0	0.0
	0.0	1.0	0.0	0.0
	0.0	0.0	0.0	1.0
	1.0	0.0	0.0	0.0
	0.0	1.0	0.0	0.0
	0.0	1.0	0.0	0.0
	0.0	0.0	0.0	1.0
	0.0	0.0	1.0	0.0
	0.0	0.0	1.0	0.0
	0.0	0.0	1.0	0.0
	0.0	1.0	0.0	0.0
	0.0	0.0	1.0	0.0
	0.0	1.0	0.0	0.0
	0.0	1.0	0.0	0.0

MEME version 4

ALPHABET= ACGT

MOTIF chr1:38146584-38146594

letter-probability matrix: alength= 4 w= 10
	0.0	1.0	0.0	0.0
	0.0	0.0	0.0	1.0
	0.0	0.25	0.75	0.0
	0.0	1.0	0.0	0.0
	0.5	0.5	0.0	0.0
	1.0	0.0	0.0	0.0
	0.0	0.75	0.25	0.0
	0.0	1.0	0.0	0.0
	0.0	0.0	0.0	1.0
	0.0	1.0	0.0	0.0

MEME version 4

ALPHABET= ACGT

MOTIF chr1:38147992-38148017

letter-probability matrix: alength= 4 w= 25
	0.0	0.0	1.0	0.0
	1.0	0.0	0.0	0.0
	0.0	0.0	1.0	0.0
	0.0	1.0	0.0	0.0
	0.0	1.0	0.0	0.0
	0.0	0.0	0.0	1.0
	0.0	0.0	1.0	0.0
	0.0	0.0	1.0	0.0
	0.0	1.0	0.0	0.0
	0.0	0.0	0.0	1.0
	0.0	0.0	1.0	0.0
	0.0	0.0	1.0	0.0
	0.0	1.0	0.0	0.0
	0.0	0.0	0.0	1.0
	1.0	0.0	0.0	0.0
	0.0	1.0	0.0	0.0
	0.0	1.0	0.0	0.0
	0.0	0.0	0.0	1.0
	0.0	0.0	1.0	0.0
	0.0	0.0	1.0	0.0
	0.0	0.0	1.0	0.0
	0.0	1.0	0.0	0.0
	0.0	0.0	1.0	0.0
	0.0	1.0	0.0	0.0
	0.0	1.0	0.0	0.0

MEME version 4

ALPHABET= ACGT

MOTIF chr17:40087223-40087233

letter-probability matrix: alength= 4 w= 10
	0.0	1.0	0.0	0.0
	0.0	0.0	0.0	1.0
	0.0	0.25	0.75	0.0
	0.0	1.0	0.0	0.0
	0.5	0.5	0.0	0.0
	1.0	0.0	0.0	0.0
	0.0	0.75	0.25	0.0
	0.0	1.0	0.0	0.0
	0.0	0.0	0.0	1.0
	0.0	1.0	0.0	0.0

MEME version 4

ALPHABET= ACGT

MOTIF chr17:40102301-40102326

letter-probability matrix: alength= 4 w= 25
	0.0	0.0	1.0	0.0
	1.0	0.0	0.0	0.0
	0.0	0.0	1.0	0.0
	0.0	1.0	0.0	0.0
	0.0	1.0	0.0	0.0
	0.0	0.0	0.0	1.0
	0.0	0.0	1.0	0.0
	0.0	0.0	1.0	0.0
	0.0	1.0	0.0	0.0
	0.0	0.0	0.0	1.0
	0.0	0.0	1.0	0.0
	0.0	0.0	1.0	0.0
	0.0	1.0	0.0	0.0
	0.0	0.0	0.0	1.0
	1.0	0.0	0.0	0.0
	0.0	1.0	0.0	0.0
	0.0	1.0	0.0	0.0
	0.0	0.0	0.0	1.0
	0.0	0.0	1.0	0.0
	0.0	0.0	1.0	0.0
	0.0	0.0	1.0	0.0
	0.0	1.0	0.0	0.0
	0.0	0.0	1.0	0.0
	0.0	1.0	0.0	0.0
	0.0	1.0	0.0	0.0

MEME version 4

ALPHABET= ACGT

MOTIF chr17:40022549-40022559

letter-probability matrix: alength= 4 w= 10
	0.0	1.0	0.0	0.0
	0.0	0.0	0.0	1.0
	0.0	0.25	0.75	0.0
	0.0	1.0	0.0	0.0
	0.5	0.5	0.0	0.0
	1.0	0.0	0.0	0.0
	0.0	0.75	0.25	0.0
	0.0	1.0	0.0	0.0
	0.0	0.0	0.0	1.0
	0.0	1.0	0.0	0.0

MEME version 4

ALPHABET= ACGT

MOTIF chr17:40102301-40102326

letter-probability matrix: alength= 4 w= 25
	0.0	0.0	1.0	0.0
	1.0	0.0	0.0	0.0
	0.0	0.0	1.0	0.0
	0.0	1.0	0.0	0.0
	0.0	1.0	0.0	0.0
	0.0	0.0	0.0	1.0
	0.0	0.0	1.0	0.0
	0.0	0.0	1.0	0.0
	0.0	1.0	0.0	0.0
	0.0	0.0	0.0	1.0
	0.0	0.0	1.0	0.0
	0.0	0.0	1.0	0.0
	0.0	1.0	0.0	0.0
	0.0	0.0	0.0	1.0
	1.0	0.0	0.0	0.0
	0.0	1.0	0.0	0.0
	0.0	1.0	0.0	0.0
	0.0	0.0	0.0	1.0
	0.0	0.0	1.0	0.0
	0.0	0.0	1.0	0.0
	0.0	0.0	1.0	0.0
	0.0	1.0	0.0	0.0
	0.0	0.0	1.0	0.0
	0.0	1.0	0.0	0.0
	0.0	1.0	0.0	0.0

MEME version 4

ALPHABET= ACGT

MOTIF chr9:140063856-140063866

letter-probability matrix: alength= 4 w= 10
	0.0	1.0	0.0	0.0
	0.0	0.0	0.0	1.0
	0.0	0.25	0.75	0.0
	0.0	1.0	0.0	0.0
	0.5	0.5	0.0	0.0
	1.0	0.0	0.0	0.0
	0.0	0.75	0.25	0.0
	0.0	1.0	0.0	0.0
	0.0	0.0	0.0	1.0
	0.0	1.0	0.0	0.0

MEME version 4

ALPHABET= ACGT

MOTIF chr9:140025933-140025958

letter-probability matrix: alength= 4 w= 25
	0.0	0.0	1.0	0.0
	1.0	0.0	0.0	0.0
	0.0	0.0	1.0	0.0
	0.0	1.0	0.0	0.0
	0.0	1.0	0.0	0.0
	0.0	0.0	0.0	1.0
	0.0	0.0	1.0	0.0
	0.0	0.0	1.0	0.0
	0.0	1.0	0.0	0.0
	0.0	0.0	0.0	1.0
	0.0	0.0	1.0	0.0
	0.0	0.0	1.0	0.0
	0.0	1.0	0.0	0.0
	0.0	0.0	0.0	1.0
	1.0	0.0	0.0	0.0
	0.0	1.0	0.0	0.0
	0.0	1.0	0.0	0.0
	0.0	0.0	0.0	1.0
	0.0	0.0	1.0	0.0
	0.0	0.0	1.0	0.0
	0.0	0.0	1.0	0.0
	0.0	1.0	0.0	0.0
	0.0	0.0	1.0	0.0
	0.0	1.0	0.0	0.0
	0.0	1.0	0.0	0.0

MEME version 4

ALPHABET= ACGT

MOTIF chr10:115594154-115594164

letter-probability matrix: alength= 4 w= 10
	0.0	1.0	0.0	0.0
	0.0	0.0	0.0	1.0
	0.0	0.25	0.75	0.0
	0.0	1.0	0.0	0.0
	0.5	0.5	0.0	0.0
	1.0	0.0	0.0	0.0
	0.0	0.75	0.25	0.0
	0.0	1.0	0.0	0.0
	0.0	0.0	0.0	1.0
	0.0	1.0	0.0	0.0

MEME version 4

ALPHABET= ACGT

MOTIF chr10:115627787-115627812

letter-probability matrix: alength= 4 w= 25
	0.0	0.0	1.0	0.0
	1.0	0.0	0.0	0.0
	0.0	0.0	1.0	0.0
	0.0	1.0	0.0	0.0
	0.0	1.0	0.0	0.0
	0.0	0.0	0.0	1.0
	0.0	0.0	1.0	0.0
	0.0	0.0	1.0	0.0
	0.0	1.0	0.0	0.0
	0.0	0.0	0.0	1.0
	0.0	0.0	1.0	0.0
	0.0	0.0	1.0	0.0
	0.0	1.0	0.0	0.0
	0.0	0.0	0.0	1.0
	1.0	0.0	0.0	0.0
	0.0	1.0	0.0	0.0
	0.0	1.0	0.0	0.0
	0.0	0.0	0.0	1.0
	0.0	0.0	1.0	0.0
	0.0	0.0	1.0	0.0
	0.0	0.0	1.0	0.0
	0.0	1.0	0.0	0.0
	0.0	0.0	1.0	0.0
	0.0	1.0	0.0	0.0
	0.0	1.0	0.0	0.0

MEME version 4

ALPHABET= ACGT

MOTIF chr3:42589247-42589257

letter-probability matrix: alength= 4 w= 10
	0.0	1.0	0.0	0.0
	0.0	0.0	0.0	1.0
	0.0	0.25	0.75	0.0
	0.0	1.0	0.0	0.0
	0.5	0.5	0.0	0.0
	1.0	0.0	0.0	0.0
	0.0	0.75	0.25	0.0
	0.0	1.0	0.0	0.0
	0.0	0.0	0.0	1.0
	0.0	1.0	0.0	0.0

MEME version 4

ALPHABET= ACGT

MOTIF chr3:42630706-42630731

letter-probability matrix: alength= 4 w= 25
	0.0	0.0	1.0	0.0
	1.0	0.0	0.0	0.0
	0.0	0.0	1.0	0.0
	0.0	1.0	0.0	0.0
	0.0	1.0	0.0	0.0
	0.0	0.0	0.0	1.0
	0.0	0.0	1.0	0.0
	0.0	0.0	1.0	0.0
	0.0	1.0	0.0	0.0
	0.0	0.0	0.0	1.0
	0.0	0.0	1.0	0.0
	0.0	0.0	1.0	0.0
	0.0	1.0	0.0	0.0
	0.0	0.0	0.0	1.0
	1.0	0.0	0.0	0.0
	0.0	1.0	0.0	0.0
	0.0	1.0	0.0	0.0
	0.0	0.0	0.0	1.0
	0.0	0.0	1.0	0.0
	0.0	0.0	1.0	0.0
	0.0	0.0	1.0	0.0
	0.0	1.0	0.0	0.0
	0.0	0.0	1.0	0.0
	0.0	1.0	0.0	0.0
	0.0	1.0	0.0	0.0

MEME version 4

ALPHABET= ACGT

MOTIF chr17:79201924-79201934

letter-probability matrix: alength= 4 w= 10
	0.0	1.0	0.0	0.0
	0.0	0.0	0.0	1.0
	0.0	0.25	0.75	0.0
	0.0	1.0	0.0	0.0
	0.5	0.5	0.0	0.0
	1.0	0.0	0.0	0.0
	0.0	0.75	0.25	0.0
	0.0	1.0	0.0	0.0
	0.0	0.0	0.0	1.0
	0.0	1.0	0.0	0.0

MEME version 4

ALPHABET= ACGT

MOTIF chr17:79184315-79184340

letter-probability matrix: alength= 4 w= 25
	0.0	0.0	1.0	0.0
	1.0	0.0	0.0	0.0
	0.0	0.0	1.0	0.0
	0.0	1.0	0.0	0.0
	0.0	1.0	0.0	0.0
	0.0	0.0	0.0	1.0
	0.0	0.0	1.0	0.0
	0.0	0.0	1.0	0.0
	0.0	1.0	0.0	0.0
	0.0	0.0	0.0	1.0
	0.0	0.0	1.0	0.0
	0.0	0.0	1.0	0.0
	0.0	1.0	0.0	0.0
	0.0	0.0	0.0	1.0
	1.0	0.0	0.0	0.0
	0.0	1.0	0.0	0.0
	0.0	1.0	0.0	0.0
	0.0	0.0	0.0	1.0
	0.0	0.0	1.0	0.0
	0.0	0.0	1.0	0.0
	0.0	0.0	1.0	0.0
	0.0	1.0	0.0	0.0
	0.0	0.0	1.0	0.0
	0.0	1.0	0.0	0.0
	0.0	1.0	0.0	0.0

MEME version 4

ALPHABET= ACGT

MOTIF chr7:66452221-66452231

letter-probability matrix: alength= 4 w= 10
	0.0	1.0	0.0	0.0
	0.0	0.0	0.0	1.0
	0.0	0.25	0.75	0.0
	0.0	1.0	0.0	0.0
	0.5	0.5	0.0	0.0
	1.0	0.0	0.0	0.0
	0.0	0.75	0.25	0.0
	0.0	1.0	0.0	0.0
	0.0	0.0	0.0	1.0
	0.0	1.0	0.0	0.0

MEME version 4

ALPHABET= ACGT

MOTIF chr7:66429862-66429887

letter-probability matrix: alength= 4 w= 25
	0.0	0.0	1.0	0.0
	1.0	0.0	0.0	0.0
	0.0	0.0	1.0	0.0
	0.0	1.0	0.0	0.0
	0.0	1.0	0.0	0.0
	0.0	0.0	0.0	1.0
	0.0	0.0	1.0	0.0
	0.0	0.0	1.0	0.0
	0.0	1.0	0.0	0.0
	0.0	0.0	0.0	1.0
	0.0	0.0	1.0	0.0
	0.0	0.0	1.0	0.0
	0.0	1.0	0.0	0.0
	0.0	0.0	0.0	1.0
	1.0	0.0	0.0	0.0
	0.0	1.0	0.0	0.0
	0.0	1.0	0.0	0.0
	0.0	0.0	0.0	1.0
	0.0	0.0	1.0	0.0
	0.0	0.0	1.0	0.0
	0.0	0.0	1.0	0.0
	0.0	1.0	0.0	0.0
	0.0	0.0	1.0	0.0
	0.0	1.0	0.0	0.0
	0.0	1.0	0.0	0.0

MEME version 4

ALPHABET= ACGT

MOTIF chr20:44601284-44601294

letter-probability matrix: alength= 4 w= 10
	0.0	1.0	0.0	0.0
	0.0	0.0	0.0	1.0
	0.0	0.25	0.75	0.0
	0.0	1.0	0.0	0.0
	0.5	0.5	0.0	0.0
	1.0	0.0	0.0	0.0
	0.0	0.75	0.25	0.0
	0.0	1.0	0.0	0.0
	0.0	0.0	0.0	1.0
	0.0	1.0	0.0	0.0

MEME version 4

ALPHABET= ACGT

MOTIF chr20:44610897-44610922

letter-probability matrix: alength= 4 w= 25
	0.0	0.0	1.0	0.0
	1.0	0.0	0.0	0.0
	0.0	0.0	1.0	0.0
	0.0	1.0	0.0	0.0
	0.0	1.0	0.0	0.0
	0.0	0.0	0.0	1.0
	0.0	0.0	1.0	0.0
	0.0	0.0	1.0	0.0
	0.0	1.0	0.0	0.0
	0.0	0.0	0.0	1.0
	0.0	0.0	1.0	0.0
	0.0	0.0	1.0	0.0
	0.0	1.0	0.0	0.0
	0.0	0.0	0.0	1.0
	1.0	0.0	0.0	0.0
	0.0	1.0	0.0	0.0
	0.0	1.0	0.0	0.0
	0.0	0.0	0.0	1.0
	0.0	0.0	1.0	0.0
	0.0	0.0	1.0	0.0
	0.0	0.0	1.0	0.0
	0.0	1.0	0.0	0.0
	0.0	0.0	1.0	0.0
	0.0	1.0	0.0	0.0
	0.0	1.0	0.0	0.0

MEME version 4

ALPHABET= ACGT

MOTIF chr20:32238280-32238290

letter-probability matrix: alength= 4 w= 10
	0.0	1.0	0.0	0.0
	0.0	0.0	0.0	1.0
	0.0	0.25	0.75	0.0
	0.0	1.0	0.0	0.0
	0.5	0.5	0.0	0.0
	1.0	0.0	0.0	0.0
	0.0	0.75	0.25	0.0
	0.0	1.0	0.0	0.0
	0.0	0.0	0.0	1.0
	0.0	1.0	0.0	0.0

MEME version 4

ALPHABET= ACGT

MOTIF chr20:32114637-32114662

letter-probability matrix: alength= 4 w= 25
	0.0	0.0	1.0	0.0
	1.0	0.0	0.0	0.0
	0.0	0.0	1.0	0.0
	0.0	1.0	0.0	0.0
	0.0	1.0	0.0	0.0
	0.0	0.0	0.0	1.0
	0.0	0.0	1.0	0.0
	0.0	0.0	1.0	0.0
	0.0	1.0	0.0	0.0
	0.0	0.0	0.0	1.0
	0.0	0.0	1.0	0.0
	0.0	0.0	1.0	0.0
	0.0	1.0	0.0	0.0
	0.0	0.0	0.0	1.0
	1.0	0.0	0.0	0.0
	0.0	1.0	0.0	0.0
	0.0	1.0	0.0	0.0
	0.0	0.0	0.0	1.0
	0.0	0.0	1.0	0.0
	0.0	0.0	1.0	0.0
	0.0	0.0	1.0	0.0
	0.0	1.0	0.0	0.0
	0.0	0.0	1.0	0.0
	0.0	1.0	0.0	0.0
	0.0	1.0	0.0	0.0

MEME version 4

ALPHABET= ACGT

MOTIF chr2:69622657-69622667

letter-probability matrix: alength= 4 w= 10
	0.0	1.0	0.0	0.0
	0.0	0.0	0.0	1.0
	0.0	0.25	0.75	0.0
	0.0	1.0	0.0	0.0
	0.5	0.5	0.0	0.0
	1.0	0.0	0.0	0.0
	0.0	0.75	0.25	0.0
	0.0	1.0	0.0	0.0
	0.0	0.0	0.0	1.0
	0.0	1.0	0.0	0.0

MEME version 4

ALPHABET= ACGT

MOTIF chr2:69684372-69684397

letter-probability matrix: alength= 4 w= 25
	0.0	0.0	1.0	0.0
	1.0	0.0	0.0	0.0
	0.0	0.0	1.0	0.0
	0.0	1.0	0.0	0.0
	0.0	1.0	0.0	0.0
	0.0	0.0	0.0	1.0
	0.0	0.0	1.0	0.0
	0.0	0.0	1.0	0.0
	0.0	1.0	0.0	0.0
	0.0	0.0	0.0	1.0
	0.0	0.0	1.0	0.0
	0.0	0.0	1.0	0.0
	0.0	1.0	0.0	0.0
	0.0	0.0	0.0	1.0
	1.0	0.0	0.0	0.0
	0.0	1.0	0.0	0.0
	0.0	1.0	0.0	0.0
	0.0	0.0	0.0	1.0
	0.0	0.0	1.0	0.0
	0.0	0.0	1.0	0.0
	0.0	0.0	1.0	0.0
	0.0	1.0	0.0	0.0
	0.0	0.0	1.0	0.0
	0.0	1.0	0.0	0.0
	0.0	1.0	0.0	0.0

MEME version 4

ALPHABET= ACGT

MOTIF chr7:143049698-143049708

letter-probability matrix: alength= 4 w= 10
	0.0	1.0	0.0	0.0
	0.0	0.0	0.0	1.0
	0.0	0.25	0.75	0.0
	0.0	1.0	0.0	0.0
	0.5	0.5	0.0	0.0
	1.0	0.0	0.0	0.0
	0.0	0.75	0.25	0.0
	0.0	1.0	0.0	0.0
	0.0	0.0	0.0	1.0
	0.0	1.0	0.0	0.0

MEME version 4

ALPHABET= ACGT

MOTIF chr7:143004052-143004077

letter-probability matrix: alength= 4 w= 25
	0.0	0.0	1.0	0.0
	1.0	0.0	0.0	0.0
	0.0	0.0	1.0	0.0
	0.0	1.0	0.0	0.0
	0.0	1.0	0.0	0.0
	0.0	0.0	0.0	1.0
	0.0	0.0	1.0	0.0
	0.0	0.0	1.0	0.0
	0.0	1.0	0.0	0.0
	0.0	0.0	0.0	1.0
	0.0	0.0	1.0	0.0
	0.0	0.0	1.0	0.0
	0.0	1.0	0.0	0.0
	0.0	0.0	0.0	1.0
	1.0	0.0	0.0	0.0
	0.0	1.0	0.0	0.0
	0.0	1.0	0.0	0.0
	0.0	0.0	0.0	1.0
	0.0	0.0	1.0	0.0
	0.0	0.0	1.0	0.0
	0.0	0.0	1.0	0.0
	0.0	1.0	0.0	0.0
	0.0	0.0	1.0	0.0
	0.0	1.0	0.0	0.0
	0.0	1.0	0.0	0.0

MEME version 4

ALPHABET= ACGT

MOTIF chr14:31568714-31568724

letter-probability matrix: alength= 4 w= 10
	0.0	1.0	0.0	0.0
	0.0	0.0	0.0	1.0
	0.0	0.25	0.75	0.0
	0.0	1.0	0.0	0.0
	0.5	0.5	0.0	0.0
	1.0	0.0	0.0	0.0
	0.0	0.75	0.25	0.0
	0.0	1.0	0.0	0.0
	0.0	0.0	0.0	1.0
	0.0	1.0	0.0	0.0

MEME version 4

ALPHABET= ACGT

MOTIF chr14:31682468-31682493

letter-probability matrix: alength= 4 w= 25
	0.0	0.0	1.0	0.0
	1.0	0.0	0.0	0.0
	0.0	0.0	1.0	0.0
	0.0	1.0	0.0	0.0
	0.0	1.0	0.0	0.0
	0.0	0.0	0.0	1.0
	0.0	0.0	1.0	0.0
	0.0	0.0	1.0	0.0
	0.0	1.0	0.0	0.0
	0.0	0.0	0.0	1.0
	0.0	0.0	1.0	0.0
	0.0	0.0	1.0	0.0
	0.0	1.0	0.0	0.0
	0.0	0.0	0.0	1.0
	1.0	0.0	0.0	0.0
	0.0	1.0	0.0	0.0
	0.0	1.0	0.0	0.0
	0.0	0.0	0.0	1.0
	0.0	0.0	1.0	0.0
	0.0	0.0	1.0	0.0
	0.0	0.0	1.0	0.0
	0.0	1.0	0.0	0.0
	0.0	0.0	1.0	0.0
	0.0	1.0	0.0	0.0
	0.0	1.0	0.0	0.0

MEME version 4

ALPHABET= ACGT

MOTIF chr12:133298251-133298261

letter-probability matrix: alength= 4 w= 10
	0.0	1.0	0.0	0.0
	0.0	0.0	0.0	1.0
	0.0	0.25	0.75	0.0
	0.0	1.0	0.0	0.0
	0.5	0.5	0.0	0.0
	1.0	0.0	0.0	0.0
	0.0	0.75	0.25	0.0
	0.0	1.0	0.0	0.0
	0.0	0.0	0.0	1.0
	0.0	1.0	0.0	0.0

MEME version 4

ALPHABET= ACGT

MOTIF chr12:133218318-133218343

letter-probability matrix: alength= 4 w= 25
	0.0	0.0	1.0	0.0
	1.0	0.0	0.0	0.0
	0.0	0.0	1.0	0.0
	0.0	1.0	0.0	0.0
	0.0	1.0	0.0	0.0
	0.0	0.0	0.0	1.0
	0.0	0.0	1.0	0.0
	0.0	0.0	1.0	0.0
	0.0	1.0	0.0	0.0
	0.0	0.0	0.0	1.0
	0.0	0.0	1.0	0.0
	0.0	0.0	1.0	0.0
	0.0	1.0	0.0	0.0
	0.0	0.0	0.0	1.0
	1.0	0.0	0.0	0.0
	0.0	1.0	0.0	0.0
	0.0	1.0	0.0	0.0
	0.0	0.0	0.0	1.0
	0.0	0.0	1.0	0.0
	0.0	0.0	1.0	0.0
	0.0	0.0	1.0	0.0
	0.0	1.0	0.0	0.0
	0.0	0.0	1.0	0.0
	0.0	1.0	0.0	0.0
	0.0	1.0	0.0	0.0

MEME version 4

ALPHABET= ACGT

MOTIF chr3:15484500-15484510

letter-probability matrix: alength= 4 w= 10
	0.0	1.0	0.0	0.0
	0.0	0.0	0.0	1.0
	0.0	0.25	0.75	0.0
	0.0	1.0	0.0	0.0
	0.5	0.5	0.0	0.0
	1.0	0.0	0.0	0.0
	0.0	0.75	0.25	0.0
	0.0	1.0	0.0	0.0
	0.0	0.0	0.0	1.0
	0.0	1.0	0.0	0.0

MEME version 4

ALPHABET= ACGT

MOTIF chr3:15500158-15500183

letter-probability matrix: alength= 4 w= 25
	0.0	0.0	1.0	0.0
	1.0	0.0	0.0	0.0
	0.0	0.0	1.0	0.0
	0.0	1.0	0.0	0.0
	0.0	1.0	0.0	0.0
	0.0	0.0	0.0	1.0
	0.0	0.0	1.0	0.0
	0.0	0.0	1.0	0.0
	0.0	1.0	0.0	0.0
	0.0	0.0	0.0	1.0
	0.0	0.0	1.0	0.0
	0.0	0.0	1.0	0.0
	0.0	1.0	0.0	0.0
	0.0	0.0	0.0	1.0
	1.0	0.0	0.0	0.0
	0.0	1.0	0.0	0.0
	0.0	1.0	0.0	0.0
	0.0	0.0	0.0	1.0
	0.0	0.0	1.0	0.0
	0.0	0.0	1.0	0.0
	0.0	0.0	1.0	0.0
	0.0	1.0	0.0	0.0
	0.0	0.0	1.0	0.0
	0.0	1.0	0.0	0.0
	0.0	1.0	0.0	0.0

MEME version 4

ALPHABET= ACGT

MOTIF chr20:32076925-32076935

letter-probability matrix: alength= 4 w= 10
	0.0	1.0	0.0	0.0
	0.0	0.0	0.0	1.0
	0.0	0.25	0.75	0.0
	0.0	1.0	0.0	0.0
	0.5	0.5	0.0	0.0
	1.0	0.0	0.0	0.0
	0.0	0.75	0.25	0.0
	0.0	1.0	0.0	0.0
	0.0	0.0	0.0	1.0
	0.0	1.0	0.0	0.0

MEME version 4

ALPHABET= ACGT

MOTIF chr20:32114637-32114662

letter-probability matrix: alength= 4 w= 25
	0.0	0.0	1.0	0.0
	1.0	0.0	0.0	0.0
	0.0	0.0	1.0	0.0
	0.0	1.0	0.0	0.0
	0.0	1.0	0.0	0.0
	0.0	0.0	0.0	1.0
	0.0	0.0	1.0	0.0
	0.0	0.0	1.0	0.0
	0.0	1.0	0.0	0.0
	0.0	0.0	0.0	1.0
	0.0	0.0	1.0	0.0
	0.0	0.0	1.0	0.0
	0.0	1.0	0.0	0.0
	0.0	0.0	0.0	1.0
	1.0	0.0	0.0	0.0
	0.0	1.0	0.0	0.0
	0.0	1.0	0.0	0.0
	0.0	0.0	0.0	1.0
	0.0	0.0	1.0	0.0
	0.0	0.0	1.0	0.0
	0.0	0.0	1.0	0.0
	0.0	1.0	0.0	0.0
	0.0	0.0	1.0	0.0
	0.0	1.0	0.0	0.0
	0.0	1.0	0.0	0.0

MEME version 4

ALPHABET= ACGT

MOTIF chr2:209223531-209223541

letter-probability matrix: alength= 4 w= 10
	0.0	1.0	0.0	0.0
	0.0	0.0	0.0	1.0
	0.0	0.25	0.75	0.0
	0.0	1.0	0.0	0.0
	0.5	0.5	0.0	0.0
	1.0	0.0	0.0	0.0
	0.0	0.75	0.25	0.0
	0.0	1.0	0.0	0.0
	0.0	0.0	0.0	1.0
	0.0	1.0	0.0	0.0

MEME version 4

ALPHABET= ACGT

MOTIF chr2:209149695-209149720

letter-probability matrix: alength= 4 w= 25
	0.0	0.0	1.0	0.0
	1.0	0.0	0.0	0.0
	0.0	0.0	1.0	0.0
	0.0	1.0	0.0	0.0
	0.0	1.0	0.0	0.0
	0.0	0.0	0.0	1.0
	0.0	0.0	1.0	0.0
	0.0	0.0	1.0	0.0
	0.0	1.0	0.0	0.0
	0.0	0.0	0.0	1.0
	0.0	0.0	1.0	0.0
	0.0	0.0	1.0	0.0
	0.0	1.0	0.0	0.0
	0.0	0.0	0.0	1.0
	1.0	0.0	0.0	0.0
	0.0	1.0	0.0	0.0
	0.0	1.0	0.0	0.0
	0.0	0.0	0.0	1.0
	0.0	0.0	1.0	0.0
	0.0	0.0	1.0	0.0
	0.0	0.0	1.0	0.0
	0.0	1.0	0.0	0.0
	0.0	0.0	1.0	0.0
	0.0	1.0	0.0	0.0
	0.0	1.0	0.0	0.0

MEME version 4

ALPHABET= ACGT

MOTIF chr2:24286805-24286815

letter-probability matrix: alength= 4 w= 10
	0.0	1.0	0.0	0.0
	0.0	0.0	0.0	1.0
	0.0	0.25	0.75	0.0
	0.0	1.0	0.0	0.0
	0.5	0.5	0.0	0.0
	1.0	0.0	0.0	0.0
	0.0	0.75	0.25	0.0
	0.0	1.0	0.0	0.0
	0.0	0.0	0.0	1.0
	0.0	1.0	0.0	0.0

MEME version 4

ALPHABET= ACGT

MOTIF chr2:24281887-24281912

letter-probability matrix: alength= 4 w= 25
	0.0	0.0	1.0	0.0
	1.0	0.0	0.0	0.0
	0.0	0.0	1.0	0.0
	0.0	1.0	0.0	0.0
	0.0	1.0	0.0	0.0
	0.0	0.0	0.0	1.0
	0.0	0.0	1.0	0.0
	0.0	0.0	1.0	0.0
	0.0	1.0	0.0	0.0
	0.0	0.0	0.0	1.0
	0.0	0.0	1.0	0.0
	0.0	0.0	1.0	0.0
	0.0	1.0	0.0	0.0
	0.0	0.0	0.0	1.0
	1.0	0.0	0.0	0.0
	0.0	1.0	0.0	0.0
	0.0	1.0	0.0	0.0
	0.0	0.0	0.0	1.0
	0.0	0.0	1.0	0.0
	0.0	0.0	1.0	0.0
	0.0	0.0	1.0	0.0
	0.0	1.0	0.0	0.0
	0.0	0.0	1.0	0.0
	0.0	1.0	0.0	0.0
	0.0	1.0	0.0	0.0

MEME version 4

ALPHABET= ACGT

MOTIF chr19:55692062-55692072

letter-probability matrix: alength= 4 w= 10
	0.0	1.0	0.0	0.0
	0.0	0.0	0.0	1.0
	0.0	0.25	0.75	0.0
	0.0	1.0	0.0	0.0
	0.5	0.5	0.0	0.0
	1.0	0.0	0.0	0.0
	0.0	0.75	0.25	0.0
	0.0	1.0	0.0	0.0
	0.0	0.0	0.0	1.0
	0.0	1.0	0.0	0.0

MEME version 4

ALPHABET= ACGT

MOTIF chr19:55696402-55696427

letter-probability matrix: alength= 4 w= 25
	0.0	0.0	1.0	0.0
	1.0	0.0	0.0	0.0
	0.0	0.0	1.0	0.0
	0.0	1.0	0.0	0.0
	0.0	1.0	0.0	0.0
	0.0	0.0	0.0	1.0
	0.0	0.0	1.0	0.0
	0.0	0.0	1.0	0.0
	0.0	1.0	0.0	0.0
	0.0	0.0	0.0	1.0
	0.0	0.0	1.0	0.0
	0.0	0.0	1.0	0.0
	0.0	1.0	0.0	0.0
	0.0	0.0	0.0	1.0
	1.0	0.0	0.0	0.0
	0.0	1.0	0.0	0.0
	0.0	1.0	0.0	0.0
	0.0	0.0	0.0	1.0
	0.0	0.0	1.0	0.0
	0.0	0.0	1.0	0.0
	0.0	0.0	1.0	0.0
	0.0	1.0	0.0	0.0
	0.0	0.0	1.0	0.0
	0.0	1.0	0.0	0.0
	0.0	1.0	0.0	0.0

MEME version 4

ALPHABET= ACGT

MOTIF chr1:29138276-29138286

letter-probability matrix: alength= 4 w= 10
	0.0	1.0	0.0	0.0
	0.0	0.0	0.0	1.0
	0.0	0.25	0.75	0.0
	0.0	1.0	0.0	0.0
	0.5	0.5	0.0	0.0
	1.0	0.0	0.0	0.0
	0.0	0.75	0.25	0.0
	0.0	1.0	0.0	0.0
	0.0	0.0	0.0	1.0
	0.0	1.0	0.0	0.0

MEME version 4

ALPHABET= ACGT

MOTIF chr1:29112157-29112182

letter-probability matrix: alength= 4 w= 25
	0.0	0.0	1.0	0.0
	1.0	0.0	0.0	0.0
	0.0	0.0	1.0	0.0
	0.0	1.0	0.0	0.0
	0.0	1.0	0.0	0.0
	0.0	0.0	0.0	1.0
	0.0	0.0	1.0	0.0
	0.0	0.0	1.0	0.0
	0.0	1.0	0.0	0.0
	0.0	0.0	0.0	1.0
	0.0	0.0	1.0	0.0
	0.0	0.0	1.0	0.0
	0.0	1.0	0.0	0.0
	0.0	0.0	0.0	1.0
	1.0	0.0	0.0	0.0
	0.0	1.0	0.0	0.0
	0.0	1.0	0.0	0.0
	0.0	0.0	0.0	1.0
	0.0	0.0	1.0	0.0
	0.0	0.0	1.0	0.0
	0.0	0.0	1.0	0.0
	0.0	1.0	0.0	0.0
	0.0	0.0	1.0	0.0
	0.0	1.0	0.0	0.0
	0.0	1.0	0.0	0.0

MEME version 4

ALPHABET= ACGT

MOTIF chr16:67263483-67263493

letter-probability matrix: alength= 4 w= 10
	0.0	1.0	0.0	0.0
	0.0	0.0	0.0	1.0
	0.0	0.25	0.75	0.0
	0.0	1.0	0.0	0.0
	0.5	0.5	0.0	0.0
	1.0	0.0	0.0	0.0
	0.0	0.75	0.25	0.0
	0.0	1.0	0.0	0.0
	0.0	0.0	0.0	1.0
	0.0	1.0	0.0	0.0

MEME version 4

ALPHABET= ACGT

MOTIF chr16:67254229-67254254

letter-probability matrix: alength= 4 w= 25
	0.0	0.0	1.0	0.0
	1.0	0.0	0.0	0.0
	0.0	0.0	1.0	0.0
	0.0	1.0	0.0	0.0
	0.0	1.0	0.0	0.0
	0.0	0.0	0.0	1.0
	0.0	0.0	1.0	0.0
	0.0	0.0	1.0	0.0
	0.0	1.0	0.0	0.0
	0.0	0.0	0.0	1.0
	0.0	0.0	1.0	0.0
	0.0	0.0	1.0	0.0
	0.0	1.0	0.0	0.0
	0.0	0.0	0.0	1.0
	1.0	0.0	0.0	0.0
	0.0	1.0	0.0	0.0
	0.0	1.0	0.0	0.0
	0.0	0.0	0.0	1.0
	0.0	0.0	1.0	0.0
	0.0	0.0	1.0	0.0
	0.0	0.0	1.0	0.0
	0.0	1.0	0.0	0.0
	0.0	0.0	1.0	0.0
	0.0	1.0	0.0	0.0
	0.0	1.0	0.0	0.0

MEME version 4

ALPHABET= ACGT

MOTIF chr12:58016458-58016468

letter-probability matrix: alength= 4 w= 10
	0.0	1.0	0.0	0.0
	0.0	0.0	0.0	1.0
	0.0	0.25	0.75	0.0
	0.0	1.0	0.0	0.0
	0.5	0.5	0.0	0.0
	1.0	0.0	0.0	0.0
	0.0	0.75	0.25	0.0
	0.0	1.0	0.0	0.0
	0.0	0.0	0.0	1.0
	0.0	1.0	0.0	0.0

MEME version 4

ALPHABET= ACGT

MOTIF chr12:58017646-58017671

letter-probability matrix: alength= 4 w= 25
	0.0	0.0	1.0	0.0
	1.0	0.0	0.0	0.0
	0.0	0.0	1.0	0.0
	0.0	1.0	0.0	0.0
	0.0	1.0	0.0	0.0
	0.0	0.0	0.0	1.0
	0.0	0.0	1.0	0.0
	0.0	0.0	1.0	0.0
	0.0	1.0	0.0	0.0
	0.0	0.0	0.0	1.0
	0.0	0.0	1.0	0.0
	0.0	0.0	1.0	0.0
	0.0	1.0	0.0	0.0
	0.0	0.0	0.0	1.0
	1.0	0.0	0.0	0.0
	0.0	1.0	0.0	0.0
	0.0	1.0	0.0	0.0
	0.0	0.0	0.0	1.0
	0.0	0.0	1.0	0.0
	0.0	0.0	1.0	0.0
	0.0	0.0	1.0	0.0
	0.0	1.0	0.0	0.0
	0.0	0.0	1.0	0.0
	0.0	1.0	0.0	0.0
	0.0	1.0	0.0	0.0

MEME version 4

ALPHABET= ACGT

MOTIF chr16:19533592-19533602

letter-probability matrix: alength= 4 w= 10
	0.0	1.0	0.0	0.0
	0.0	0.0	0.0	1.0
	0.0	0.25	0.75	0.0
	0.0	1.0	0.0	0.0
	0.5	0.5	0.0	0.0
	1.0	0.0	0.0	0.0
	0.0	0.75	0.25	0.0
	0.0	1.0	0.0	0.0
	0.0	0.0	0.0	1.0
	0.0	1.0	0.0	0.0

MEME version 4

ALPHABET= ACGT

MOTIF chr16:19565016-19565041

letter-probability matrix: alength= 4 w= 25
	0.0	0.0	1.0	0.0
	1.0	0.0	0.0	0.0
	0.0	0.0	1.0	0.0
	0.0	1.0	0.0	0.0
	0.0	1.0	0.0	0.0
	0.0	0.0	0.0	1.0
	0.0	0.0	1.0	0.0
	0.0	0.0	1.0	0.0
	0.0	1.0	0.0	0.0
	0.0	0.0	0.0	1.0
	0.0	0.0	1.0	0.0
	0.0	0.0	1.0	0.0
	0.0	1.0	0.0	0.0
	0.0	0.0	0.0	1.0
	1.0	0.0	0.0	0.0
	0.0	1.0	0.0	0.0
	0.0	1.0	0.0	0.0
	0.0	0.0	0.0	1.0
	0.0	0.0	1.0	0.0
	0.0	0.0	1.0	0.0
	0.0	0.0	1.0	0.0
	0.0	1.0	0.0	0.0
	0.0	0.0	1.0	0.0
	0.0	1.0	0.0	0.0
	0.0	1.0	0.0	0.0

MEME version 4

ALPHABET= ACGT

MOTIF chr16:18802250-18802260

letter-probability matrix: alength= 4 w= 10
	0.0	1.0	0.0	0.0
	0.0	0.0	0.0	1.0
	0.0	0.25	0.75	0.0
	0.0	1.0	0.0	0.0
	0.5	0.5	0.0	0.0
	1.0	0.0	0.0	0.0
	0.0	0.75	0.25	0.0
	0.0	1.0	0.0	0.0
	0.0	0.0	0.0	1.0
	0.0	1.0	0.0	0.0

MEME version 4

ALPHABET= ACGT

MOTIF chr16:18827325-18827350

letter-probability matrix: alength= 4 w= 25
	0.0	0.0	1.0	0.0
	1.0	0.0	0.0	0.0
	0.0	0.0	1.0	0.0
	0.0	1.0	0.0	0.0
	0.0	1.0	0.0	0.0
	0.0	0.0	0.0	1.0
	0.0	0.0	1.0	0.0
	0.0	0.0	1.0	0.0
	0.0	1.0	0.0	0.0
	0.0	0.0	0.0	1.0
	0.0	0.0	1.0	0.0
	0.0	0.0	1.0	0.0
	0.0	1.0	0.0	0.0
	0.0	0.0	0.0	1.0
	1.0	0.0	0.0	0.0
	0.0	1.0	0.0	0.0
	0.0	1.0	0.0	0.0
	0.0	0.0	0.0	1.0
	0.0	0.0	1.0	0.0
	0.0	0.0	1.0	0.0
	0.0	0.0	1.0	0.0
	0.0	1.0	0.0	0.0
	0.0	0.0	1.0	0.0
	0.0	1.0	0.0	0.0
	0.0	1.0	0.0	0.0

MEME version 4

ALPHABET= ACGT

MOTIF chr4:103714862-103714872

letter-probability matrix: alength= 4 w= 10
	0.0	1.0	0.0	0.0
	0.0	0.0	0.0	1.0
	0.0	0.25	0.75	0.0
	0.0	1.0	0.0	0.0
	0.5	0.5	0.0	0.0
	1.0	0.0	0.0	0.0
	0.0	0.75	0.25	0.0
	0.0	1.0	0.0	0.0
	0.0	0.0	0.0	1.0
	0.0	1.0	0.0	0.0

MEME version 4

ALPHABET= ACGT

MOTIF chr4:103776168-103776193

letter-probability matrix: alength= 4 w= 25
	0.0	0.0	1.0	0.0
	1.0	0.0	0.0	0.0
	0.0	0.0	1.0	0.0
	0.0	1.0	0.0	0.0
	0.0	1.0	0.0	0.0
	0.0	0.0	0.0	1.0
	0.0	0.0	1.0	0.0
	0.0	0.0	1.0	0.0
	0.0	1.0	0.0	0.0
	0.0	0.0	0.0	1.0
	0.0	0.0	1.0	0.0
	0.0	0.0	1.0	0.0
	0.0	1.0	0.0	0.0
	0.0	0.0	0.0	1.0
	1.0	0.0	0.0	0.0
	0.0	1.0	0.0	0.0
	0.0	1.0	0.0	0.0
	0.0	0.0	0.0	1.0
	0.0	0.0	1.0	0.0
	0.0	0.0	1.0	0.0
	0.0	0.0	1.0	0.0
	0.0	1.0	0.0	0.0
	0.0	0.0	1.0	0.0
	0.0	1.0	0.0	0.0
	0.0	1.0	0.0	0.0

MEME version 4

ALPHABET= ACGT

MOTIF chr19:14170592-14170602

letter-probability matrix: alength= 4 w= 10
	0.0	1.0	0.0	0.0
	0.0	0.0	0.0	1.0
	0.0	0.25	0.75	0.0
	0.0	1.0	0.0	0.0
	0.5	0.5	0.0	0.0
	1.0	0.0	0.0	0.0
	0.0	0.75	0.25	0.0
	0.0	1.0	0.0	0.0
	0.0	0.0	0.0	1.0
	0.0	1.0	0.0	0.0

MEME version 4

ALPHABET= ACGT

MOTIF chr19:14177476-14177501

letter-probability matrix: alength= 4 w= 25
	0.0	0.0	1.0	0.0
	1.0	0.0	0.0	0.0
	0.0	0.0	1.0	0.0
	0.0	1.0	0.0	0.0
	0.0	1.0	0.0	0.0
	0.0	0.0	0.0	1.0
	0.0	0.0	1.0	0.0
	0.0	0.0	1.0	0.0
	0.0	1.0	0.0	0.0
	0.0	0.0	0.0	1.0
	0.0	0.0	1.0	0.0
	0.0	0.0	1.0	0.0
	0.0	1.0	0.0	0.0
	0.0	0.0	0.0	1.0
	1.0	0.0	0.0	0.0
	0.0	1.0	0.0	0.0
	0.0	1.0	0.0	0.0
	0.0	0.0	0.0	1.0
	0.0	0.0	1.0	0.0
	0.0	0.0	1.0	0.0
	0.0	0.0	1.0	0.0
	0.0	1.0	0.0	0.0
	0.0	0.0	1.0	0.0
	0.0	1.0	0.0	0.0
	0.0	1.0	0.0	0.0

MEME version 4

ALPHABET= ACGT

MOTIF chr1:161148542-161148552

letter-probability matrix: alength= 4 w= 10
	0.0	1.0	0.0	0.0
	0.0	0.0	0.0	1.0
	0.0	0.25	0.75	0.0
	0.0	1.0	0.0	0.0
	0.5	0.5	0.0	0.0
	1.0	0.0	0.0	0.0
	0.0	0.75	0.25	0.0
	0.0	1.0	0.0	0.0
	0.0	0.0	0.0	1.0
	0.0	1.0	0.0	0.0

MEME version 4

ALPHABET= ACGT

MOTIF chr1:161125772-161125797

letter-probability matrix: alength= 4 w= 25
	0.0	0.0	1.0	0.0
	1.0	0.0	0.0	0.0
	0.0	0.0	1.0	0.0
	0.0	1.0	0.0	0.0
	0.0	1.0	0.0	0.0
	0.0	0.0	0.0	1.0
	0.0	0.0	1.0	0.0
	0.0	0.0	1.0	0.0
	0.0	1.0	0.0	0.0
	0.0	0.0	0.0	1.0
	0.0	0.0	1.0	0.0
	0.0	0.0	1.0	0.0
	0.0	1.0	0.0	0.0
	0.0	0.0	0.0	1.0
	1.0	0.0	0.0	0.0
	0.0	1.0	0.0	0.0
	0.0	1.0	0.0	0.0
	0.0	0.0	0.0	1.0
	0.0	0.0	1.0	0.0
	0.0	0.0	1.0	0.0
	0.0	0.0	1.0	0.0
	0.0	1.0	0.0	0.0
	0.0	0.0	1.0	0.0
	0.0	1.0	0.0	0.0
	0.0	1.0	0.0	0.0

MEME version 4

ALPHABET= ACGT

MOTIF chr7:75677178-75677188

letter-probability matrix: alength= 4 w= 10
	0.0	1.0	0.0	0.0
	0.0	0.0	0.0	1.0
	0.0	0.25	0.75	0.0
	0.0	1.0	0.0	0.0
	0.5	0.5	0.0	0.0
	1.0	0.0	0.0	0.0
	0.0	0.75	0.25	0.0
	0.0	1.0	0.0	0.0
	0.0	0.0	0.0	1.0
	0.0	1.0	0.0	0.0

MEME version 4

ALPHABET= ACGT

MOTIF chr7:75648909-75648934

letter-probability matrix: alength= 4 w= 25
	0.0	0.0	1.0	0.0
	1.0	0.0	0.0	0.0
	0.0	0.0	1.0	0.0
	0.0	1.0	0.0	0.0
	0.0	1.0	0.0	0.0
	0.0	0.0	0.0	1.0
	0.0	0.0	1.0	0.0
	0.0	0.0	1.0	0.0
	0.0	1.0	0.0	0.0
	0.0	0.0	0.0	1.0
	0.0	0.0	1.0	0.0
	0.0	0.0	1.0	0.0
	0.0	1.0	0.0	0.0
	0.0	0.0	0.0	1.0
	1.0	0.0	0.0	0.0
	0.0	1.0	0.0	0.0
	0.0	1.0	0.0	0.0
	0.0	0.0	0.0	1.0
	0.0	0.0	1.0	0.0
	0.0	0.0	1.0	0.0
	0.0	0.0	1.0	0.0
	0.0	1.0	0.0	0.0
	0.0	0.0	1.0	0.0
	0.0	1.0	0.0	0.0
	0.0	1.0	0.0	0.0

MEME version 4

ALPHABET= ACGT

MOTIF chr5:112211171-112211181

letter-probability matrix: alength= 4 w= 10
	0.0	1.0	0.0	0.0
	0.0	0.0	0.0	1.0
	0.0	0.25	0.75	0.0
	0.0	1.0	0.0	0.0
	0.5	0.5	0.0	0.0
	1.0	0.0	0.0	0.0
	0.0	0.75	0.25	0.0
	0.0	1.0	0.0	0.0
	0.0	0.0	0.0	1.0
	0.0	1.0	0.0	0.0

MEME version 4

ALPHABET= ACGT

MOTIF chr5:112276528-112276553

letter-probability matrix: alength= 4 w= 25
	0.0	0.0	1.0	0.0
	1.0	0.0	0.0	0.0
	0.0	0.0	1.0	0.0
	0.0	1.0	0.0	0.0
	0.0	1.0	0.0	0.0
	0.0	0.0	0.0	1.0
	0.0	0.0	1.0	0.0
	0.0	0.0	1.0	0.0
	0.0	1.0	0.0	0.0
	0.0	0.0	0.0	1.0
	0.0	0.0	1.0	0.0
	0.0	0.0	1.0	0.0
	0.0	1.0	0.0	0.0
	0.0	0.0	0.0	1.0
	1.0	0.0	0.0	0.0
	0.0	1.0	0.0	0.0
	0.0	1.0	0.0	0.0
	0.0	0.0	0.0	1.0
	0.0	0.0	1.0	0.0
	0.0	0.0	1.0	0.0
	0.0	0.0	1.0	0.0
	0.0	1.0	0.0	0.0
	0.0	0.0	1.0	0.0
	0.0	1.0	0.0	0.0
	0.0	1.0	0.0	0.0

MEME version 4

ALPHABET= ACGT

MOTIF chr12:82752124-82752134

letter-probability matrix: alength= 4 w= 10
	0.0	1.0	0.0	0.0
	0.0	0.0	0.0	1.0
	0.0	0.25	0.75	0.0
	0.0	1.0	0.0	0.0
	0.5	0.5	0.0	0.0
	1.0	0.0	0.0	0.0
	0.0	0.75	0.25	0.0
	0.0	1.0	0.0	0.0
	0.0	0.0	0.0	1.0
	0.0	1.0	0.0	0.0

MEME version 4

ALPHABET= ACGT

MOTIF chr12:82743255-82743280

letter-probability matrix: alength= 4 w= 25
	0.0	0.0	1.0	0.0
	1.0	0.0	0.0	0.0
	0.0	0.0	1.0	0.0
	0.0	1.0	0.0	0.0
	0.0	1.0	0.0	0.0
	0.0	0.0	0.0	1.0
	0.0	0.0	1.0	0.0
	0.0	0.0	1.0	0.0
	0.0	1.0	0.0	0.0
	0.0	0.0	0.0	1.0
	0.0	0.0	1.0	0.0
	0.0	0.0	1.0	0.0
	0.0	1.0	0.0	0.0
	0.0	0.0	0.0	1.0
	1.0	0.0	0.0	0.0
	0.0	1.0	0.0	0.0
	0.0	1.0	0.0	0.0
	0.0	0.0	0.0	1.0
	0.0	0.0	1.0	0.0
	0.0	0.0	1.0	0.0
	0.0	0.0	1.0	0.0
	0.0	1.0	0.0	0.0
	0.0	0.0	1.0	0.0
	0.0	1.0	0.0	0.0
	0.0	1.0	0.0	0.0

MEME version 4

ALPHABET= ACGT

MOTIF chr13:31736959-31736969

letter-probability matrix: alength= 4 w= 10
	0.0	1.0	0.0	0.0
	0.0	0.0	0.0	1.0
	0.0	0.25	0.75	0.0
	0.0	1.0	0.0	0.0
	0.5	0.5	0.0	0.0
	1.0	0.0	0.0	0.0
	0.0	0.75	0.25	0.0
	0.0	1.0	0.0	0.0
	0.0	0.0	0.0	1.0
	0.0	1.0	0.0	0.0

MEME version 4

ALPHABET= ACGT

MOTIF chr13:31754126-31754151

letter-probability matrix: alength= 4 w= 25
	0.0	0.0	1.0	0.0
	1.0	0.0	0.0	0.0
	0.0	0.0	1.0	0.0
	0.0	1.0	0.0	0.0
	0.0	1.0	0.0	0.0
	0.0	0.0	0.0	1.0
	0.0	0.0	1.0	0.0
	0.0	0.0	1.0	0.0
	0.0	1.0	0.0	0.0
	0.0	0.0	0.0	1.0
	0.0	0.0	1.0	0.0
	0.0	0.0	1.0	0.0
	0.0	1.0	0.0	0.0
	0.0	0.0	0.0	1.0
	1.0	0.0	0.0	0.0
	0.0	1.0	0.0	0.0
	0.0	1.0	0.0	0.0
	0.0	0.0	0.0	1.0
	0.0	0.0	1.0	0.0
	0.0	0.0	1.0	0.0
	0.0	0.0	1.0	0.0
	0.0	1.0	0.0	0.0
	0.0	0.0	1.0	0.0
	0.0	1.0	0.0	0.0
	0.0	1.0	0.0	0.0

MEME version 4

ALPHABET= ACGT

MOTIF chr19:17434953-17434963

letter-probability matrix: alength= 4 w= 10
	0.0	1.0	0.0	0.0
	0.0	0.0	0.0	1.0
	0.0	0.25	0.75	0.0
	0.0	1.0	0.0	0.0
	0.5	0.5	0.0	0.0
	1.0	0.0	0.0	0.0
	0.0	0.75	0.25	0.0
	0.0	1.0	0.0	0.0
	0.0	0.0	0.0	1.0
	0.0	1.0	0.0	0.0

MEME version 4

ALPHABET= ACGT

MOTIF chr19:17444484-17444509

letter-probability matrix: alength= 4 w= 25
	0.0	0.0	1.0	0.0
	1.0	0.0	0.0	0.0
	0.0	0.0	1.0	0.0
	0.0	1.0	0.0	0.0
	0.0	1.0	0.0	0.0
	0.0	0.0	0.0	1.0
	0.0	0.0	1.0	0.0
	0.0	0.0	1.0	0.0
	0.0	1.0	0.0	0.0
	0.0	0.0	0.0	1.0
	0.0	0.0	1.0	0.0
	0.0	0.0	1.0	0.0
	0.0	1.0	0.0	0.0
	0.0	0.0	0.0	1.0
	1.0	0.0	0.0	0.0
	0.0	1.0	0.0	0.0
	0.0	1.0	0.0	0.0
	0.0	0.0	0.0	1.0
	0.0	0.0	1.0	0.0
	0.0	0.0	1.0	0.0
	0.0	0.0	1.0	0.0
	0.0	1.0	0.0	0.0
	0.0	0.0	1.0	0.0
	0.0	1.0	0.0	0.0
	0.0	1.0	0.0	0.0

MEME version 4

ALPHABET= ACGT

MOTIF chr2:24271911-24271921

letter-probability matrix: alength= 4 w= 10
	0.0	1.0	0.0	0.0
	0.0	0.0	0.0	1.0
	0.0	0.25	0.75	0.0
	0.0	1.0	0.0	0.0
	0.5	0.5	0.0	0.0
	1.0	0.0	0.0	0.0
	0.0	0.75	0.25	0.0
	0.0	1.0	0.0	0.0
	0.0	0.0	0.0	1.0
	0.0	1.0	0.0	0.0

MEME version 4

ALPHABET= ACGT

MOTIF chr2:24281887-24281912

letter-probability matrix: alength= 4 w= 25
	0.0	0.0	1.0	0.0
	1.0	0.0	0.0	0.0
	0.0	0.0	1.0	0.0
	0.0	1.0	0.0	0.0
	0.0	1.0	0.0	0.0
	0.0	0.0	0.0	1.0
	0.0	0.0	1.0	0.0
	0.0	0.0	1.0	0.0
	0.0	1.0	0.0	0.0
	0.0	0.0	0.0	1.0
	0.0	0.0	1.0	0.0
	0.0	0.0	1.0	0.0
	0.0	1.0	0.0	0.0
	0.0	0.0	0.0	1.0
	1.0	0.0	0.0	0.0
	0.0	1.0	0.0	0.0
	0.0	1.0	0.0	0.0
	0.0	0.0	0.0	1.0
	0.0	0.0	1.0	0.0
	0.0	0.0	1.0	0.0
	0.0	0.0	1.0	0.0
	0.0	1.0	0.0	0.0
	0.0	0.0	1.0	0.0
	0.0	1.0	0.0	0.0
	0.0	1.0	0.0	0.0

MEME version 4

ALPHABET= ACGT

MOTIF chr5:112259090-112259100

letter-probability matrix: alength= 4 w= 10
	0.0	1.0	0.0	0.0
	0.0	0.0	0.0	1.0
	0.0	0.25	0.75	0.0
	0.0	1.0	0.0	0.0
	0.5	0.5	0.0	0.0
	1.0	0.0	0.0	0.0
	0.0	0.75	0.25	0.0
	0.0	1.0	0.0	0.0
	0.0	0.0	0.0	1.0
	0.0	1.0	0.0	0.0

MEME version 4

ALPHABET= ACGT

MOTIF chr5:112276528-112276553

letter-probability matrix: alength= 4 w= 25
	0.0	0.0	1.0	0.0
	1.0	0.0	0.0	0.0
	0.0	0.0	1.0	0.0
	0.0	1.0	0.0	0.0
	0.0	1.0	0.0	0.0
	0.0	0.0	0.0	1.0
	0.0	0.0	1.0	0.0
	0.0	0.0	1.0	0.0
	0.0	1.0	0.0	0.0
	0.0	0.0	0.0	1.0
	0.0	0.0	1.0	0.0
	0.0	0.0	1.0	0.0
	0.0	1.0	0.0	0.0
	0.0	0.0	0.0	1.0
	1.0	0.0	0.0	0.0
	0.0	1.0	0.0	0.0
	0.0	1.0	0.0	0.0
	0.0	0.0	0.0	1.0
	0.0	0.0	1.0	0.0
	0.0	0.0	1.0	0.0
	0.0	0.0	1.0	0.0
	0.0	1.0	0.0	0.0
	0.0	0.0	1.0	0.0
	0.0	1.0	0.0	0.0
	0.0	1.0	0.0	0.0

MEME version 4

ALPHABET= ACGT

MOTIF chr9:103063625-103063635

letter-probability matrix: alength= 4 w= 10
	0.0	1.0	0.0	0.0
	0.0	0.0	0.0	1.0
	0.0	0.25	0.75	0.0
	0.0	1.0	0.0	0.0
	0.5	0.5	0.0	0.0
	1.0	0.0	0.0	0.0
	0.0	0.75	0.25	0.0
	0.0	1.0	0.0	0.0
	0.0	0.0	0.0	1.0
	0.0	1.0	0.0	0.0

MEME version 4

ALPHABET= ACGT

MOTIF chr9:103139575-103139600

letter-probability matrix: alength= 4 w= 25
	0.0	0.0	1.0	0.0
	1.0	0.0	0.0	0.0
	0.0	0.0	1.0	0.0
	0.0	1.0	0.0	0.0
	0.0	1.0	0.0	0.0
	0.0	0.0	0.0	1.0
	0.0	0.0	1.0	0.0
	0.0	0.0	1.0	0.0
	0.0	1.0	0.0	0.0
	0.0	0.0	0.0	1.0
	0.0	0.0	1.0	0.0
	0.0	0.0	1.0	0.0
	0.0	1.0	0.0	0.0
	0.0	0.0	0.0	1.0
	1.0	0.0	0.0	0.0
	0.0	1.0	0.0	0.0
	0.0	1.0	0.0	0.0
	0.0	0.0	0.0	1.0
	0.0	0.0	1.0	0.0
	0.0	0.0	1.0	0.0
	0.0	0.0	1.0	0.0
	0.0	1.0	0.0	0.0
	0.0	0.0	1.0	0.0
	0.0	1.0	0.0	0.0
	0.0	1.0	0.0	0.0

MEME version 4

ALPHABET= ACGT

MOTIF chr4:103810798-103810808

letter-probability matrix: alength= 4 w= 10
	0.0	1.0	0.0	0.0
	0.0	0.0	0.0	1.0
	0.0	0.25	0.75	0.0
	0.0	1.0	0.0	0.0
	0.5	0.5	0.0	0.0
	1.0	0.0	0.0	0.0
	0.0	0.75	0.25	0.0
	0.0	1.0	0.0	0.0
	0.0	0.0	0.0	1.0
	0.0	1.0	0.0	0.0

MEME version 4

ALPHABET= ACGT

MOTIF chr4:103776168-103776193

letter-probability matrix: alength= 4 w= 25
	0.0	0.0	1.0	0.0
	1.0	0.0	0.0	0.0
	0.0	0.0	1.0	0.0
	0.0	1.0	0.0	0.0
	0.0	1.0	0.0	0.0
	0.0	0.0	0.0	1.0
	0.0	0.0	1.0	0.0
	0.0	0.0	1.0	0.0
	0.0	1.0	0.0	0.0
	0.0	0.0	0.0	1.0
	0.0	0.0	1.0	0.0
	0.0	0.0	1.0	0.0
	0.0	1.0	0.0	0.0
	0.0	0.0	0.0	1.0
	1.0	0.0	0.0	0.0
	0.0	1.0	0.0	0.0
	0.0	1.0	0.0	0.0
	0.0	0.0	0.0	1.0
	0.0	0.0	1.0	0.0
	0.0	0.0	1.0	0.0
	0.0	0.0	1.0	0.0
	0.0	1.0	0.0	0.0
	0.0	0.0	1.0	0.0
	0.0	1.0	0.0	0.0
	0.0	1.0	0.0	0.0

MEME version 4

ALPHABET= ACGT

MOTIF chr10:43880427-43880437

letter-probability matrix: alength= 4 w= 10
	0.0	1.0	0.0	0.0
	0.0	0.0	0.0	1.0
	0.0	0.25	0.75	0.0
	0.0	1.0	0.0	0.0
	0.5	0.5	0.0	0.0
	1.0	0.0	0.0	0.0
	0.0	0.75	0.25	0.0
	0.0	1.0	0.0	0.0
	0.0	0.0	0.0	1.0
	0.0	1.0	0.0	0.0

MEME version 4

ALPHABET= ACGT

MOTIF chr10:43908822-43908847

letter-probability matrix: alength= 4 w= 25
	0.0	0.0	1.0	0.0
	1.0	0.0	0.0	0.0
	0.0	0.0	1.0	0.0
	0.0	1.0	0.0	0.0
	0.0	1.0	0.0	0.0
	0.0	0.0	0.0	1.0
	0.0	0.0	1.0	0.0
	0.0	0.0	1.0	0.0
	0.0	1.0	0.0	0.0
	0.0	0.0	0.0	1.0
	0.0	0.0	1.0	0.0
	0.0	0.0	1.0	0.0
	0.0	1.0	0.0	0.0
	0.0	0.0	0.0	1.0
	1.0	0.0	0.0	0.0
	0.0	1.0	0.0	0.0
	0.0	1.0	0.0	0.0
	0.0	0.0	0.0	1.0
	0.0	0.0	1.0	0.0
	0.0	0.0	1.0	0.0
	0.0	0.0	1.0	0.0
	0.0	1.0	0.0	0.0
	0.0	0.0	1.0	0.0
	0.0	1.0	0.0	0.0
	0.0	1.0	0.0	0.0

MEME version 4

ALPHABET= ACGT

MOTIF chr2:68685784-68685794

letter-probability matrix: alength= 4 w= 10
	0.0	1.0	0.0	0.0
	0.0	0.0	0.0	1.0
	0.0	0.25	0.75	0.0
	0.0	1.0	0.0	0.0
	0.5	0.5	0.0	0.0
	1.0	0.0	0.0	0.0
	0.0	0.75	0.25	0.0
	0.0	1.0	0.0	0.0
	0.0	0.0	0.0	1.0
	0.0	1.0	0.0	0.0

MEME version 4

ALPHABET= ACGT

MOTIF chr2:68710503-68710528

letter-probability matrix: alength= 4 w= 25
	0.0	0.0	1.0	0.0
	1.0	0.0	0.0	0.0
	0.0	0.0	1.0	0.0
	0.0	1.0	0.0	0.0
	0.0	1.0	0.0	0.0
	0.0	0.0	0.0	1.0
	0.0	0.0	1.0	0.0
	0.0	0.0	1.0	0.0
	0.0	1.0	0.0	0.0
	0.0	0.0	0.0	1.0
	0.0	0.0	1.0	0.0
	0.0	0.0	1.0	0.0
	0.0	1.0	0.0	0.0
	0.0	0.0	0.0	1.0
	1.0	0.0	0.0	0.0
	0.0	1.0	0.0	0.0
	0.0	1.0	0.0	0.0
	0.0	0.0	0.0	1.0
	0.0	0.0	1.0	0.0
	0.0	0.0	1.0	0.0
	0.0	0.0	1.0	0.0
	0.0	1.0	0.0	0.0
	0.0	0.0	1.0	0.0
	0.0	1.0	0.0	0.0
	0.0	1.0	0.0	0.0

MEME version 4

ALPHABET= ACGT

MOTIF chr1:23698567-23698577

letter-probability matrix: alength= 4 w= 10
	0.0	1.0	0.0	0.0
	0.0	0.0	0.0	1.0
	0.0	0.25	0.75	0.0
	0.0	1.0	0.0	0.0
	0.5	0.5	0.0	0.0
	1.0	0.0	0.0	0.0
	0.0	0.75	0.25	0.0
	0.0	1.0	0.0	0.0
	0.0	0.0	0.0	1.0
	0.0	1.0	0.0	0.0

MEME version 4

ALPHABET= ACGT

MOTIF chr1:23706885-23706910

letter-probability matrix: alength= 4 w= 25
	0.0	0.0	1.0	0.0
	1.0	0.0	0.0	0.0
	0.0	0.0	1.0	0.0
	0.0	1.0	0.0	0.0
	0.0	1.0	0.0	0.0
	0.0	0.0	0.0	1.0
	0.0	0.0	1.0	0.0
	0.0	0.0	1.0	0.0
	0.0	1.0	0.0	0.0
	0.0	0.0	0.0	1.0
	0.0	0.0	1.0	0.0
	0.0	0.0	1.0	0.0
	0.0	1.0	0.0	0.0
	0.0	0.0	0.0	1.0
	1.0	0.0	0.0	0.0
	0.0	1.0	0.0	0.0
	0.0	1.0	0.0	0.0
	0.0	0.0	0.0	1.0
	0.0	0.0	1.0	0.0
	0.0	0.0	1.0	0.0
	0.0	0.0	1.0	0.0
	0.0	1.0	0.0	0.0
	0.0	0.0	1.0	0.0
	0.0	1.0	0.0	0.0
	0.0	1.0	0.0	0.0

MEME version 4

ALPHABET= ACGT

MOTIF chr7:25158972-25158982

letter-probability matrix: alength= 4 w= 10
	0.0	1.0	0.0	0.0
	0.0	0.0	0.0	1.0
	0.0	0.25	0.75	0.0
	0.0	1.0	0.0	0.0
	0.5	0.5	0.0	0.0
	1.0	0.0	0.0	0.0
	0.0	0.75	0.25	0.0
	0.0	1.0	0.0	0.0
	0.0	0.0	0.0	1.0
	0.0	1.0	0.0	0.0

MEME version 4

ALPHABET= ACGT

MOTIF chr7:25113200-25113225

letter-probability matrix: alength= 4 w= 25
	0.0	0.0	1.0	0.0
	1.0	0.0	0.0	0.0
	0.0	0.0	1.0	0.0
	0.0	1.0	0.0	0.0
	0.0	1.0	0.0	0.0
	0.0	0.0	0.0	1.0
	0.0	0.0	1.0	0.0
	0.0	0.0	1.0	0.0
	0.0	1.0	0.0	0.0
	0.0	0.0	0.0	1.0
	0.0	0.0	1.0	0.0
	0.0	0.0	1.0	0.0
	0.0	1.0	0.0	0.0
	0.0	0.0	0.0	1.0
	1.0	0.0	0.0	0.0
	0.0	1.0	0.0	0.0
	0.0	1.0	0.0	0.0
	0.0	0.0	0.0	1.0
	0.0	0.0	1.0	0.0
	0.0	0.0	1.0	0.0
	0.0	0.0	1.0	0.0
	0.0	1.0	0.0	0.0
	0.0	0.0	1.0	0.0
	0.0	1.0	0.0	0.0
	0.0	1.0	0.0	0.0

MEME version 4

ALPHABET= ACGT

MOTIF chr20:43945889-43945899

letter-probability matrix: alength= 4 w= 10
	0.0	1.0	0.0	0.0
	0.0	0.0	0.0	1.0
	0.0	0.25	0.75	0.0
	0.0	1.0	0.0	0.0
	0.5	0.5	0.0	0.0
	1.0	0.0	0.0	0.0
	0.0	0.75	0.25	0.0
	0.0	1.0	0.0	0.0
	0.0	0.0	0.0	1.0
	0.0	1.0	0.0	0.0

MEME version 4

ALPHABET= ACGT

MOTIF chr20:43945612-43945637

letter-probability matrix: alength= 4 w= 25
	0.0	0.0	1.0	0.0
	1.0	0.0	0.0	0.0
	0.0	0.0	1.0	0.0
	0.0	1.0	0.0	0.0
	0.0	1.0	0.0	0.0
	0.0	0.0	0.0	1.0
	0.0	0.0	1.0	0.0
	0.0	0.0	1.0	0.0
	0.0	1.0	0.0	0.0
	0.0	0.0	0.0	1.0
	0.0	0.0	1.0	0.0
	0.0	0.0	1.0	0.0
	0.0	1.0	0.0	0.0
	0.0	0.0	0.0	1.0
	1.0	0.0	0.0	0.0
	0.0	1.0	0.0	0.0
	0.0	1.0	0.0	0.0
	0.0	0.0	0.0	1.0
	0.0	0.0	1.0	0.0
	0.0	0.0	1.0	0.0
	0.0	0.0	1.0	0.0
	0.0	1.0	0.0	0.0
	0.0	0.0	1.0	0.0
	0.0	1.0	0.0	0.0
	0.0	1.0	0.0	0.0

MEME version 4

ALPHABET= ACGT

MOTIF chrX:129318954-129318964

letter-probability matrix: alength= 4 w= 10
	0.0	1.0	0.0	0.0
	0.0	0.0	0.0	1.0
	0.0	0.25	0.75	0.0
	0.0	1.0	0.0	0.0
	0.5	0.5	0.0	0.0
	1.0	0.0	0.0	0.0
	0.0	0.75	0.25	0.0
	0.0	1.0	0.0	0.0
	0.0	0.0	0.0	1.0
	0.0	1.0	0.0	0.0

MEME version 4

ALPHABET= ACGT

MOTIF chrX:129273252-129273277

letter-probability matrix: alength= 4 w= 25
	0.0	0.0	1.0	0.0
	1.0	0.0	0.0	0.0
	0.0	0.0	1.0	0.0
	0.0	1.0	0.0	0.0
	0.0	1.0	0.0	0.0
	0.0	0.0	0.0	1.0
	0.0	0.0	1.0	0.0
	0.0	0.0	1.0	0.0
	0.0	1.0	0.0	0.0
	0.0	0.0	0.0	1.0
	0.0	0.0	1.0	0.0
	0.0	0.0	1.0	0.0
	0.0	1.0	0.0	0.0
	0.0	0.0	0.0	1.0
	1.0	0.0	0.0	0.0
	0.0	1.0	0.0	0.0
	0.0	1.0	0.0	0.0
	0.0	0.0	0.0	1.0
	0.0	0.0	1.0	0.0
	0.0	0.0	1.0	0.0
	0.0	0.0	1.0	0.0
	0.0	1.0	0.0	0.0
	0.0	0.0	1.0	0.0
	0.0	1.0	0.0	0.0
	0.0	1.0	0.0	0.0

MEME version 4

ALPHABET= ACGT

MOTIF chr15:91359703-91359713

letter-probability matrix: alength= 4 w= 10
	0.0	1.0	0.0	0.0
	0.0	0.0	0.0	1.0
	0.0	0.25	0.75	0.0
	0.0	1.0	0.0	0.0
	0.5	0.5	0.0	0.0
	1.0	0.0	0.0	0.0
	0.0	0.75	0.25	0.0
	0.0	1.0	0.0	0.0
	0.0	0.0	0.0	1.0
	0.0	1.0	0.0	0.0

MEME version 4

ALPHABET= ACGT

MOTIF chr15:91240132-91240157

letter-probability matrix: alength= 4 w= 25
	0.0	0.0	1.0	0.0
	1.0	0.0	0.0	0.0
	0.0	0.0	1.0	0.0
	0.0	1.0	0.0	0.0
	0.0	1.0	0.0	0.0
	0.0	0.0	0.0	1.0
	0.0	0.0	1.0	0.0
	0.0	0.0	1.0	0.0
	0.0	1.0	0.0	0.0
	0.0	0.0	0.0	1.0
	0.0	0.0	1.0	0.0
	0.0	0.0	1.0	0.0
	0.0	1.0	0.0	0.0
	0.0	0.0	0.0	1.0
	1.0	0.0	0.0	0.0
	0.0	1.0	0.0	0.0
	0.0	1.0	0.0	0.0
	0.0	0.0	0.0	1.0
	0.0	0.0	1.0	0.0
	0.0	0.0	1.0	0.0
	0.0	0.0	1.0	0.0
	0.0	1.0	0.0	0.0
	0.0	0.0	1.0	0.0
	0.0	1.0	0.0	0.0
	0.0	1.0	0.0	0.0

MEME version 4

ALPHABET= ACGT

MOTIF chr20:43151115-43151125

letter-probability matrix: alength= 4 w= 10
	0.0	1.0	0.0	0.0
	0.0	0.0	0.0	1.0
	0.0	0.25	0.75	0.0
	0.0	1.0	0.0	0.0
	0.5	0.5	0.0	0.0
	1.0	0.0	0.0	0.0
	0.0	0.75	0.25	0.0
	0.0	1.0	0.0	0.0
	0.0	0.0	0.0	1.0
	0.0	1.0	0.0	0.0

MEME version 4

ALPHABET= ACGT

MOTIF chr20:43165261-43165286

letter-probability matrix: alength= 4 w= 25
	0.0	0.0	1.0	0.0
	1.0	0.0	0.0	0.0
	0.0	0.0	1.0	0.0
	0.0	1.0	0.0	0.0
	0.0	1.0	0.0	0.0
	0.0	0.0	0.0	1.0
	0.0	0.0	1.0	0.0
	0.0	0.0	1.0	0.0
	0.0	1.0	0.0	0.0
	0.0	0.0	0.0	1.0
	0.0	0.0	1.0	0.0
	0.0	0.0	1.0	0.0
	0.0	1.0	0.0	0.0
	0.0	0.0	0.0	1.0
	1.0	0.0	0.0	0.0
	0.0	1.0	0.0	0.0
	0.0	1.0	0.0	0.0
	0.0	0.0	0.0	1.0
	0.0	0.0	1.0	0.0
	0.0	0.0	1.0	0.0
	0.0	0.0	1.0	0.0
	0.0	1.0	0.0	0.0
	0.0	0.0	1.0	0.0
	0.0	1.0	0.0	0.0
	0.0	1.0	0.0	0.0

MEME version 4

ALPHABET= ACGT

MOTIF chr7:2393488-2393498

letter-probability matrix: alength= 4 w= 10
	0.0	1.0	0.0	0.0
	0.0	0.0	0.0	1.0
	0.0	0.25	0.75	0.0
	0.0	1.0	0.0	0.0
	0.5	0.5	0.0	0.0
	1.0	0.0	0.0	0.0
	0.0	0.75	0.25	0.0
	0.0	1.0	0.0	0.0
	0.0	0.0	0.0	1.0
	0.0	1.0	0.0	0.0

MEME version 4

ALPHABET= ACGT

MOTIF chr7:2370212-2370237

letter-probability matrix: alength= 4 w= 25
	0.0	0.0	1.0	0.0
	1.0	0.0	0.0	0.0
	0.0	0.0	1.0	0.0
	0.0	1.0	0.0	0.0
	0.0	1.0	0.0	0.0
	0.0	0.0	0.0	1.0
	0.0	0.0	1.0	0.0
	0.0	0.0	1.0	0.0
	0.0	1.0	0.0	0.0
	0.0	0.0	0.0	1.0
	0.0	0.0	1.0	0.0
	0.0	0.0	1.0	0.0
	0.0	1.0	0.0	0.0
	0.0	0.0	0.0	1.0
	1.0	0.0	0.0	0.0
	0.0	1.0	0.0	0.0
	0.0	1.0	0.0	0.0
	0.0	0.0	0.0	1.0
	0.0	0.0	1.0	0.0
	0.0	0.0	1.0	0.0
	0.0	0.0	1.0	0.0
	0.0	1.0	0.0	0.0
	0.0	0.0	1.0	0.0
	0.0	1.0	0.0	0.0
	0.0	1.0	0.0	0.0

MEME version 4

ALPHABET= ACGT

MOTIF chr19:33167523-33167533

letter-probability matrix: alength= 4 w= 10
	0.0	1.0	0.0	0.0
	0.0	0.0	0.0	1.0
	0.0	0.25	0.75	0.0
	0.0	1.0	0.0	0.0
	0.5	0.5	0.0	0.0
	1.0	0.0	0.0	0.0
	0.0	0.75	0.25	0.0
	0.0	1.0	0.0	0.0
	0.0	0.0	0.0	1.0
	0.0	1.0	0.0	0.0

MEME version 4

ALPHABET= ACGT

MOTIF chr19:33179499-33179524

letter-probability matrix: alength= 4 w= 25
	0.0	0.0	1.0	0.0
	1.0	0.0	0.0	0.0
	0.0	0.0	1.0	0.0
	0.0	1.0	0.0	0.0
	0.0	1.0	0.0	0.0
	0.0	0.0	0.0	1.0
	0.0	0.0	1.0	0.0
	0.0	0.0	1.0	0.0
	0.0	1.0	0.0	0.0
	0.0	0.0	0.0	1.0
	0.0	0.0	1.0	0.0
	0.0	0.0	1.0	0.0
	0.0	1.0	0.0	0.0
	0.0	0.0	0.0	1.0
	1.0	0.0	0.0	0.0
	0.0	1.0	0.0	0.0
	0.0	1.0	0.0	0.0
	0.0	0.0	0.0	1.0
	0.0	0.0	1.0	0.0
	0.0	0.0	1.0	0.0
	0.0	0.0	1.0	0.0
	0.0	1.0	0.0	0.0
	0.0	0.0	1.0	0.0
	0.0	1.0	0.0	0.0
	0.0	1.0	0.0	0.0

MEME version 4

ALPHABET= ACGT

MOTIF chr16:19512706-19512716

letter-probability matrix: alength= 4 w= 10
	0.0	1.0	0.0	0.0
	0.0	0.0	0.0	1.0
	0.0	0.25	0.75	0.0
	0.0	1.0	0.0	0.0
	0.5	0.5	0.0	0.0
	1.0	0.0	0.0	0.0
	0.0	0.75	0.25	0.0
	0.0	1.0	0.0	0.0
	0.0	0.0	0.0	1.0
	0.0	1.0	0.0	0.0

MEME version 4

ALPHABET= ACGT

MOTIF chr16:19565016-19565041

letter-probability matrix: alength= 4 w= 25
	0.0	0.0	1.0	0.0
	1.0	0.0	0.0	0.0
	0.0	0.0	1.0	0.0
	0.0	1.0	0.0	0.0
	0.0	1.0	0.0	0.0
	0.0	0.0	0.0	1.0
	0.0	0.0	1.0	0.0
	0.0	0.0	1.0	0.0
	0.0	1.0	0.0	0.0
	0.0	0.0	0.0	1.0
	0.0	0.0	1.0	0.0
	0.0	0.0	1.0	0.0
	0.0	1.0	0.0	0.0
	0.0	0.0	0.0	1.0
	1.0	0.0	0.0	0.0
	0.0	1.0	0.0	0.0
	0.0	1.0	0.0	0.0
	0.0	0.0	0.0	1.0
	0.0	0.0	1.0	0.0
	0.0	0.0	1.0	0.0
	0.0	0.0	1.0	0.0
	0.0	1.0	0.0	0.0
	0.0	0.0	1.0	0.0
	0.0	1.0	0.0	0.0
	0.0	1.0	0.0	0.0

MEME version 4

ALPHABET= ACGT

MOTIF chr9:103115341-103115351

letter-probability matrix: alength= 4 w= 10
	0.0	1.0	0.0	0.0
	0.0	0.0	0.0	1.0
	0.0	0.25	0.75	0.0
	0.0	1.0	0.0	0.0
	0.5	0.5	0.0	0.0
	1.0	0.0	0.0	0.0
	0.0	0.75	0.25	0.0
	0.0	1.0	0.0	0.0
	0.0	0.0	0.0	1.0
	0.0	1.0	0.0	0.0

MEME version 4

ALPHABET= ACGT

MOTIF chr9:103139575-103139600

letter-probability matrix: alength= 4 w= 25
	0.0	0.0	1.0	0.0
	1.0	0.0	0.0	0.0
	0.0	0.0	1.0	0.0
	0.0	1.0	0.0	0.0
	0.0	1.0	0.0	0.0
	0.0	0.0	0.0	1.0
	0.0	0.0	1.0	0.0
	0.0	0.0	1.0	0.0
	0.0	1.0	0.0	0.0
	0.0	0.0	0.0	1.0
	0.0	0.0	1.0	0.0
	0.0	0.0	1.0	0.0
	0.0	1.0	0.0	0.0
	0.0	0.0	0.0	1.0
	1.0	0.0	0.0	0.0
	0.0	1.0	0.0	0.0
	0.0	1.0	0.0	0.0
	0.0	0.0	0.0	1.0
	0.0	0.0	1.0	0.0
	0.0	0.0	1.0	0.0
	0.0	0.0	1.0	0.0
	0.0	1.0	0.0	0.0
	0.0	0.0	1.0	0.0
	0.0	1.0	0.0	0.0
	0.0	1.0	0.0	0.0

MEME version 4

ALPHABET= ACGT

MOTIF chr9:79009509-79009519

letter-probability matrix: alength= 4 w= 10
	0.0	1.0	0.0	0.0
	0.0	0.0	0.0	1.0
	0.0	0.25	0.75	0.0
	0.0	1.0	0.0	0.0
	0.5	0.5	0.0	0.0
	1.0	0.0	0.0	0.0
	0.0	0.75	0.25	0.0
	0.0	1.0	0.0	0.0
	0.0	0.0	0.0	1.0
	0.0	1.0	0.0	0.0

MEME version 4

ALPHABET= ACGT

MOTIF chr9:79027971-79027996

letter-probability matrix: alength= 4 w= 25
	0.0	0.0	1.0	0.0
	1.0	0.0	0.0	0.0
	0.0	0.0	1.0	0.0
	0.0	1.0	0.0	0.0
	0.0	1.0	0.0	0.0
	0.0	0.0	0.0	1.0
	0.0	0.0	1.0	0.0
	0.0	0.0	1.0	0.0
	0.0	1.0	0.0	0.0
	0.0	0.0	0.0	1.0
	0.0	0.0	1.0	0.0
	0.0	0.0	1.0	0.0
	0.0	1.0	0.0	0.0
	0.0	0.0	0.0	1.0
	1.0	0.0	0.0	0.0
	0.0	1.0	0.0	0.0
	0.0	1.0	0.0	0.0
	0.0	0.0	0.0	1.0
	0.0	0.0	1.0	0.0
	0.0	0.0	1.0	0.0
	0.0	0.0	1.0	0.0
	0.0	1.0	0.0	0.0
	0.0	0.0	1.0	0.0
	0.0	1.0	0.0	0.0
	0.0	1.0	0.0	0.0

MEME version 4

ALPHABET= ACGT

MOTIF chr16:67260094-67260104

letter-probability matrix: alength= 4 w= 10
	0.0	1.0	0.0	0.0
	0.0	0.0	0.0	1.0
	0.0	0.25	0.75	0.0
	0.0	1.0	0.0	0.0
	0.5	0.5	0.0	0.0
	1.0	0.0	0.0	0.0
	0.0	0.75	0.25	0.0
	0.0	1.0	0.0	0.0
	0.0	0.0	0.0	1.0
	0.0	1.0	0.0	0.0

MEME version 4

ALPHABET= ACGT

MOTIF chr16:67254229-67254254

letter-probability matrix: alength= 4 w= 25
	0.0	0.0	1.0	0.0
	1.0	0.0	0.0	0.0
	0.0	0.0	1.0	0.0
	0.0	1.0	0.0	0.0
	0.0	1.0	0.0	0.0
	0.0	0.0	0.0	1.0
	0.0	0.0	1.0	0.0
	0.0	0.0	1.0	0.0
	0.0	1.0	0.0	0.0
	0.0	0.0	0.0	1.0
	0.0	0.0	1.0	0.0
	0.0	0.0	1.0	0.0
	0.0	1.0	0.0	0.0
	0.0	0.0	0.0	1.0
	1.0	0.0	0.0	0.0
	0.0	1.0	0.0	0.0
	0.0	1.0	0.0	0.0
	0.0	0.0	0.0	1.0
	0.0	0.0	1.0	0.0
	0.0	0.0	1.0	0.0
	0.0	0.0	1.0	0.0
	0.0	1.0	0.0	0.0
	0.0	0.0	1.0	0.0
	0.0	1.0	0.0	0.0
	0.0	1.0	0.0	0.0

MEME version 4

ALPHABET= ACGT

MOTIF chr4:74860420-74860430

letter-probability matrix: alength= 4 w= 10
	0.0	1.0	0.0	0.0
	0.0	0.0	0.0	1.0
	0.0	0.25	0.75	0.0
	0.0	1.0	0.0	0.0
	0.5	0.5	0.0	0.0
	1.0	0.0	0.0	0.0
	0.0	0.75	0.25	0.0
	0.0	1.0	0.0	0.0
	0.0	0.0	0.0	1.0
	0.0	1.0	0.0	0.0

MEME version 4

ALPHABET= ACGT

MOTIF chr4:74853873-74853898

letter-probability matrix: alength= 4 w= 25
	0.0	0.0	1.0	0.0
	1.0	0.0	0.0	0.0
	0.0	0.0	1.0	0.0
	0.0	1.0	0.0	0.0
	0.0	1.0	0.0	0.0
	0.0	0.0	0.0	1.0
	0.0	0.0	1.0	0.0
	0.0	0.0	1.0	0.0
	0.0	1.0	0.0	0.0
	0.0	0.0	0.0	1.0
	0.0	0.0	1.0	0.0
	0.0	0.0	1.0	0.0
	0.0	1.0	0.0	0.0
	0.0	0.0	0.0	1.0
	1.0	0.0	0.0	0.0
	0.0	1.0	0.0	0.0
	0.0	1.0	0.0	0.0
	0.0	0.0	0.0	1.0
	0.0	0.0	1.0	0.0
	0.0	0.0	1.0	0.0
	0.0	0.0	1.0	0.0
	0.0	1.0	0.0	0.0
	0.0	0.0	1.0	0.0
	0.0	1.0	0.0	0.0
	0.0	1.0	0.0	0.0

MEME version 4

ALPHABET= ACGT

MOTIF chr2:209100416-209100426

letter-probability matrix: alength= 4 w= 10
	0.0	1.0	0.0	0.0
	0.0	0.0	0.0	1.0
	0.0	0.25	0.75	0.0
	0.0	1.0	0.0	0.0
	0.5	0.5	0.0	0.0
	1.0	0.0	0.0	0.0
	0.0	0.75	0.25	0.0
	0.0	1.0	0.0	0.0
	0.0	0.0	0.0	1.0
	0.0	1.0	0.0	0.0

MEME version 4

ALPHABET= ACGT

MOTIF chr2:209149695-209149720

letter-probability matrix: alength= 4 w= 25
	0.0	0.0	1.0	0.0
	1.0	0.0	0.0	0.0
	0.0	0.0	1.0	0.0
	0.0	1.0	0.0	0.0
	0.0	1.0	0.0	0.0
	0.0	0.0	0.0	1.0
	0.0	0.0	1.0	0.0
	0.0	0.0	1.0	0.0
	0.0	1.0	0.0	0.0
	0.0	0.0	0.0	1.0
	0.0	0.0	1.0	0.0
	0.0	0.0	1.0	0.0
	0.0	1.0	0.0	0.0
	0.0	0.0	0.0	1.0
	1.0	0.0	0.0	0.0
	0.0	1.0	0.0	0.0
	0.0	1.0	0.0	0.0
	0.0	0.0	0.0	1.0
	0.0	0.0	1.0	0.0
	0.0	0.0	1.0	0.0
	0.0	0.0	1.0	0.0
	0.0	1.0	0.0	0.0
	0.0	0.0	1.0	0.0
	0.0	1.0	0.0	0.0
	0.0	1.0	0.0	0.0

MEME version 4

ALPHABET= ACGT

MOTIF chr16:20861813-20861823

letter-probability matrix: alength= 4 w= 10
	0.0	1.0	0.0	0.0
	0.0	0.0	0.0	1.0
	0.0	0.25	0.75	0.0
	0.0	1.0	0.0	0.0
	0.5	0.5	0.0	0.0
	1.0	0.0	0.0	0.0
	0.0	0.75	0.25	0.0
	0.0	1.0	0.0	0.0
	0.0	0.0	0.0	1.0
	0.0	1.0	0.0	0.0

MEME version 4

ALPHABET= ACGT

MOTIF chr16:20851523-20851548

letter-probability matrix: alength= 4 w= 25
	0.0	0.0	1.0	0.0
	1.0	0.0	0.0	0.0
	0.0	0.0	1.0	0.0
	0.0	1.0	0.0	0.0
	0.0	1.0	0.0	0.0
	0.0	0.0	0.0	1.0
	0.0	0.0	1.0	0.0
	0.0	0.0	1.0	0.0
	0.0	1.0	0.0	0.0
	0.0	0.0	0.0	1.0
	0.0	0.0	1.0	0.0
	0.0	0.0	1.0	0.0
	0.0	1.0	0.0	0.0
	0.0	0.0	0.0	1.0
	1.0	0.0	0.0	0.0
	0.0	1.0	0.0	0.0
	0.0	1.0	0.0	0.0
	0.0	0.0	0.0	1.0
	0.0	0.0	1.0	0.0
	0.0	0.0	1.0	0.0
	0.0	0.0	1.0	0.0
	0.0	1.0	0.0	0.0
	0.0	0.0	1.0	0.0
	0.0	1.0	0.0	0.0
	0.0	1.0	0.0	0.0

MEME version 4

ALPHABET= ACGT

MOTIF chr1:204484532-204484542

letter-probability matrix: alength= 4 w= 10
	0.0	1.0	0.0	0.0
	0.0	0.0	0.0	1.0
	0.0	0.25	0.75	0.0
	0.0	1.0	0.0	0.0
	0.5	0.5	0.0	0.0
	1.0	0.0	0.0	0.0
	0.0	0.75	0.25	0.0
	0.0	1.0	0.0	0.0
	0.0	0.0	0.0	1.0
	0.0	1.0	0.0	0.0

MEME version 4

ALPHABET= ACGT

MOTIF chr1:204478641-204478666

letter-probability matrix: alength= 4 w= 25
	0.0	0.0	1.0	0.0
	1.0	0.0	0.0	0.0
	0.0	0.0	1.0	0.0
	0.0	1.0	0.0	0.0
	0.0	1.0	0.0	0.0
	0.0	0.0	0.0	1.0
	0.0	0.0	1.0	0.0
	0.0	0.0	1.0	0.0
	0.0	1.0	0.0	0.0
	0.0	0.0	0.0	1.0
	0.0	0.0	1.0	0.0
	0.0	0.0	1.0	0.0
	0.0	1.0	0.0	0.0
	0.0	0.0	0.0	1.0
	1.0	0.0	0.0	0.0
	0.0	1.0	0.0	0.0
	0.0	1.0	0.0	0.0
	0.0	0.0	0.0	1.0
	0.0	0.0	1.0	0.0
	0.0	0.0	1.0	0.0
	0.0	0.0	1.0	0.0
	0.0	1.0	0.0	0.0
	0.0	0.0	1.0	0.0
	0.0	1.0	0.0	0.0
	0.0	1.0	0.0	0.0

MEME version 4

ALPHABET= ACGT

MOTIF chr17:79632560-79632570

letter-probability matrix: alength= 4 w= 10
	0.0	1.0	0.0	0.0
	0.0	0.0	0.0	1.0
	0.0	0.25	0.75	0.0
	0.0	1.0	0.0	0.0
	0.5	0.5	0.0	0.0
	1.0	0.0	0.0	0.0
	0.0	0.75	0.25	0.0
	0.0	1.0	0.0	0.0
	0.0	0.0	0.0	1.0
	0.0	1.0	0.0	0.0

MEME version 4

ALPHABET= ACGT

MOTIF chr17:79612384-79612409

letter-probability matrix: alength= 4 w= 25
	0.0	0.0	1.0	0.0
	1.0	0.0	0.0	0.0
	0.0	0.0	1.0	0.0
	0.0	1.0	0.0	0.0
	0.0	1.0	0.0	0.0
	0.0	0.0	0.0	1.0
	0.0	0.0	1.0	0.0
	0.0	0.0	1.0	0.0
	0.0	1.0	0.0	0.0
	0.0	0.0	0.0	1.0
	0.0	0.0	1.0	0.0
	0.0	0.0	1.0	0.0
	0.0	1.0	0.0	0.0
	0.0	0.0	0.0	1.0
	1.0	0.0	0.0	0.0
	0.0	1.0	0.0	0.0
	0.0	1.0	0.0	0.0
	0.0	0.0	0.0	1.0
	0.0	0.0	1.0	0.0
	0.0	0.0	1.0	0.0
	0.0	0.0	1.0	0.0
	0.0	1.0	0.0	0.0
	0.0	0.0	1.0	0.0
	0.0	1.0	0.0	0.0
	0.0	1.0	0.0	0.0

MEME version 4

ALPHABET= ACGT

MOTIF chr15:64679713-64679723

letter-probability matrix: alength= 4 w= 10
	0.0	1.0	0.0	0.0
	0.0	0.0	0.0	1.0
	0.0	0.25	0.75	0.0
	0.0	1.0	0.0	0.0
	0.5	0.5	0.0	0.0
	1.0	0.0	0.0	0.0
	0.0	0.75	0.25	0.0
	0.0	1.0	0.0	0.0
	0.0	0.0	0.0	1.0
	0.0	1.0	0.0	0.0

MEME version 4

ALPHABET= ACGT

MOTIF chr15:64697506-64697531

letter-probability matrix: alength= 4 w= 25
	0.0	0.0	1.0	0.0
	1.0	0.0	0.0	0.0
	0.0	0.0	1.0	0.0
	0.0	1.0	0.0	0.0
	0.0	1.0	0.0	0.0
	0.0	0.0	0.0	1.0
	0.0	0.0	1.0	0.0
	0.0	0.0	1.0	0.0
	0.0	1.0	0.0	0.0
	0.0	0.0	0.0	1.0
	0.0	0.0	1.0	0.0
	0.0	0.0	1.0	0.0
	0.0	1.0	0.0	0.0
	0.0	0.0	0.0	1.0
	1.0	0.0	0.0	0.0
	0.0	1.0	0.0	0.0
	0.0	1.0	0.0	0.0
	0.0	0.0	0.0	1.0
	0.0	0.0	1.0	0.0
	0.0	0.0	1.0	0.0
	0.0	0.0	1.0	0.0
	0.0	1.0	0.0	0.0
	0.0	0.0	1.0	0.0
	0.0	1.0	0.0	0.0
	0.0	1.0	0.0	0.0

MEME version 4

ALPHABET= ACGT

MOTIF chr3:138554045-138554055

letter-probability matrix: alength= 4 w= 10
	0.0	1.0	0.0	0.0
	0.0	0.0	0.0	1.0
	0.0	0.25	0.75	0.0
	0.0	1.0	0.0	0.0
	0.5	0.5	0.0	0.0
	1.0	0.0	0.0	0.0
	0.0	0.75	0.25	0.0
	0.0	1.0	0.0	0.0
	0.0	0.0	0.0	1.0
	0.0	1.0	0.0	0.0

MEME version 4

ALPHABET= ACGT

MOTIF chr3:138533927-138533952

letter-probability matrix: alength= 4 w= 25
	0.0	0.0	1.0	0.0
	1.0	0.0	0.0	0.0
	0.0	0.0	1.0	0.0
	0.0	1.0	0.0	0.0
	0.0	1.0	0.0	0.0
	0.0	0.0	0.0	1.0
	0.0	0.0	1.0	0.0
	0.0	0.0	1.0	0.0
	0.0	1.0	0.0	0.0
	0.0	0.0	0.0	1.0
	0.0	0.0	1.0	0.0
	0.0	0.0	1.0	0.0
	0.0	1.0	0.0	0.0
	0.0	0.0	0.0	1.0
	1.0	0.0	0.0	0.0
	0.0	1.0	0.0	0.0
	0.0	1.0	0.0	0.0
	0.0	0.0	0.0	1.0
	0.0	0.0	1.0	0.0
	0.0	0.0	1.0	0.0
	0.0	0.0	1.0	0.0
	0.0	1.0	0.0	0.0
	0.0	0.0	1.0	0.0
	0.0	1.0	0.0	0.0
	0.0	1.0	0.0	0.0

MEME version 4

ALPHABET= ACGT

MOTIF chr6:26016984-26016994

letter-probability matrix: alength= 4 w= 10
	0.0	1.0	0.0	0.0
	0.0	0.0	0.0	1.0
	0.0	0.25	0.75	0.0
	0.0	1.0	0.0	0.0
	0.5	0.5	0.0	0.0
	1.0	0.0	0.0	0.0
	0.0	0.75	0.25	0.0
	0.0	1.0	0.0	0.0
	0.0	0.0	0.0	1.0
	0.0	1.0	0.0	0.0

MEME version 4

ALPHABET= ACGT

MOTIF chr6:26007519-26007544

letter-probability matrix: alength= 4 w= 25
	0.0	0.0	1.0	0.0
	1.0	0.0	0.0	0.0
	0.0	0.0	1.0	0.0
	0.0	1.0	0.0	0.0
	0.0	1.0	0.0	0.0
	0.0	0.0	0.0	1.0
	0.0	0.0	1.0	0.0
	0.0	0.0	1.0	0.0
	0.0	1.0	0.0	0.0
	0.0	0.0	0.0	1.0
	0.0	0.0	1.0	0.0
	0.0	0.0	1.0	0.0
	0.0	1.0	0.0	0.0
	0.0	0.0	0.0	1.0
	1.0	0.0	0.0	0.0
	0.0	1.0	0.0	0.0
	0.0	1.0	0.0	0.0
	0.0	0.0	0.0	1.0
	0.0	0.0	1.0	0.0
	0.0	0.0	1.0	0.0
	0.0	0.0	1.0	0.0
	0.0	1.0	0.0	0.0
	0.0	0.0	1.0	0.0
	0.0	1.0	0.0	0.0
	0.0	1.0	0.0	0.0

MEME version 4

ALPHABET= ACGT

MOTIF chr8:105479895-105479905

letter-probability matrix: alength= 4 w= 10
	0.0	1.0	0.0	0.0
	0.0	0.0	0.0	1.0
	0.0	0.25	0.75	0.0
	0.0	1.0	0.0	0.0
	0.5	0.5	0.0	0.0
	1.0	0.0	0.0	0.0
	0.0	0.75	0.25	0.0
	0.0	1.0	0.0	0.0
	0.0	0.0	0.0	1.0
	0.0	1.0	0.0	0.0

MEME version 4

ALPHABET= ACGT

MOTIF chr8:105458218-105458243

letter-probability matrix: alength= 4 w= 25
	0.0	0.0	1.0	0.0
	1.0	0.0	0.0	0.0
	0.0	0.0	1.0	0.0
	0.0	1.0	0.0	0.0
	0.0	1.0	0.0	0.0
	0.0	0.0	0.0	1.0
	0.0	0.0	1.0	0.0
	0.0	0.0	1.0	0.0
	0.0	1.0	0.0	0.0
	0.0	0.0	0.0	1.0
	0.0	0.0	1.0	0.0
	0.0	0.0	1.0	0.0
	0.0	1.0	0.0	0.0
	0.0	0.0	0.0	1.0
	1.0	0.0	0.0	0.0
	0.0	1.0	0.0	0.0
	0.0	1.0	0.0	0.0
	0.0	0.0	0.0	1.0
	0.0	0.0	1.0	0.0
	0.0	0.0	1.0	0.0
	0.0	0.0	1.0	0.0
	0.0	1.0	0.0	0.0
	0.0	0.0	1.0	0.0
	0.0	1.0	0.0	0.0
	0.0	1.0	0.0	0.0

MEME version 4

ALPHABET= ACGT

MOTIF chr12:122326546-122326556

letter-probability matrix: alength= 4 w= 10
	0.0	1.0	0.0	0.0
	0.0	0.0	0.0	1.0
	0.0	0.25	0.75	0.0
	0.0	1.0	0.0	0.0
	0.5	0.5	0.0	0.0
	1.0	0.0	0.0	0.0
	0.0	0.75	0.25	0.0
	0.0	1.0	0.0	0.0
	0.0	0.0	0.0	1.0
	0.0	1.0	0.0	0.0

MEME version 4

ALPHABET= ACGT

MOTIF chr12:122319281-122319306

letter-probability matrix: alength= 4 w= 25
	0.0	0.0	1.0	0.0
	1.0	0.0	0.0	0.0
	0.0	0.0	1.0	0.0
	0.0	1.0	0.0	0.0
	0.0	1.0	0.0	0.0
	0.0	0.0	0.0	1.0
	0.0	0.0	1.0	0.0
	0.0	0.0	1.0	0.0
	0.0	1.0	0.0	0.0
	0.0	0.0	0.0	1.0
	0.0	0.0	1.0	0.0
	0.0	0.0	1.0	0.0
	0.0	1.0	0.0	0.0
	0.0	0.0	0.0	1.0
	1.0	0.0	0.0	0.0
	0.0	1.0	0.0	0.0
	0.0	1.0	0.0	0.0
	0.0	0.0	0.0	1.0
	0.0	0.0	1.0	0.0
	0.0	0.0	1.0	0.0
	0.0	0.0	1.0	0.0
	0.0	1.0	0.0	0.0
	0.0	0.0	1.0	0.0
	0.0	1.0	0.0	0.0
	0.0	1.0	0.0	0.0

MEME version 4

ALPHABET= ACGT

MOTIF chr11:63973366-63973376

letter-probability matrix: alength= 4 w= 10
	0.0	1.0	0.0	0.0
	0.0	0.0	0.0	1.0
	0.0	0.25	0.75	0.0
	0.0	1.0	0.0	0.0
	0.5	0.5	0.0	0.0
	1.0	0.0	0.0	0.0
	0.0	0.75	0.25	0.0
	0.0	1.0	0.0	0.0
	0.0	0.0	0.0	1.0
	0.0	1.0	0.0	0.0

MEME version 4

ALPHABET= ACGT

MOTIF chr11:63965968-63965993

letter-probability matrix: alength= 4 w= 25
	0.0	0.0	1.0	0.0
	1.0	0.0	0.0	0.0
	0.0	0.0	1.0	0.0
	0.0	1.0	0.0	0.0
	0.0	1.0	0.0	0.0
	0.0	0.0	0.0	1.0
	0.0	0.0	1.0	0.0
	0.0	0.0	1.0	0.0
	0.0	1.0	0.0	0.0
	0.0	0.0	0.0	1.0
	0.0	0.0	1.0	0.0
	0.0	0.0	1.0	0.0
	0.0	1.0	0.0	0.0
	0.0	0.0	0.0	1.0
	1.0	0.0	0.0	0.0
	0.0	1.0	0.0	0.0
	0.0	1.0	0.0	0.0
	0.0	0.0	0.0	1.0
	0.0	0.0	1.0	0.0
	0.0	0.0	1.0	0.0
	0.0	0.0	1.0	0.0
	0.0	1.0	0.0	0.0
	0.0	0.0	1.0	0.0
	0.0	1.0	0.0	0.0
	0.0	1.0	0.0	0.0

MEME version 4

ALPHABET= ACGT

MOTIF chr17:56633582-56633592

letter-probability matrix: alength= 4 w= 10
	0.0	1.0	0.0	0.0
	0.0	0.0	0.0	1.0
	0.0	0.25	0.75	0.0
	0.0	1.0	0.0	0.0
	0.5	0.5	0.0	0.0
	1.0	0.0	0.0	0.0
	0.0	0.75	0.25	0.0
	0.0	1.0	0.0	0.0
	0.0	0.0	0.0	1.0
	0.0	1.0	0.0	0.0

MEME version 4

ALPHABET= ACGT

MOTIF chr17:56774506-56774531

letter-probability matrix: alength= 4 w= 25
	0.0	0.0	1.0	0.0
	1.0	0.0	0.0	0.0
	0.0	0.0	1.0	0.0
	0.0	1.0	0.0	0.0
	0.0	1.0	0.0	0.0
	0.0	0.0	0.0	1.0
	0.0	0.0	1.0	0.0
	0.0	0.0	1.0	0.0
	0.0	1.0	0.0	0.0
	0.0	0.0	0.0	1.0
	0.0	0.0	1.0	0.0
	0.0	0.0	1.0	0.0
	0.0	1.0	0.0	0.0
	0.0	0.0	0.0	1.0
	1.0	0.0	0.0	0.0
	0.0	1.0	0.0	0.0
	0.0	1.0	0.0	0.0
	0.0	0.0	0.0	1.0
	0.0	0.0	1.0	0.0
	0.0	0.0	1.0	0.0
	0.0	0.0	1.0	0.0
	0.0	1.0	0.0	0.0
	0.0	0.0	1.0	0.0
	0.0	1.0	0.0	0.0
	0.0	1.0	0.0	0.0

MEME version 4

ALPHABET= ACGT

MOTIF chr1:247616211-247616221

letter-probability matrix: alength= 4 w= 10
	0.0	1.0	0.0	0.0
	0.0	0.0	0.0	1.0
	0.0	0.25	0.75	0.0
	0.0	1.0	0.0	0.0
	0.5	0.5	0.0	0.0
	1.0	0.0	0.0	0.0
	0.0	0.75	0.25	0.0
	0.0	1.0	0.0	0.0
	0.0	0.0	0.0	1.0
	0.0	1.0	0.0	0.0

MEME version 4

ALPHABET= ACGT

MOTIF chr1:247633090-247633115

letter-probability matrix: alength= 4 w= 25
	0.0	0.0	1.0	0.0
	1.0	0.0	0.0	0.0
	0.0	0.0	1.0	0.0
	0.0	1.0	0.0	0.0
	0.0	1.0	0.0	0.0
	0.0	0.0	0.0	1.0
	0.0	0.0	1.0	0.0
	0.0	0.0	1.0	0.0
	0.0	1.0	0.0	0.0
	0.0	0.0	0.0	1.0
	0.0	0.0	1.0	0.0
	0.0	0.0	1.0	0.0
	0.0	1.0	0.0	0.0
	0.0	0.0	0.0	1.0
	1.0	0.0	0.0	0.0
	0.0	1.0	0.0	0.0
	0.0	1.0	0.0	0.0
	0.0	0.0	0.0	1.0
	0.0	0.0	1.0	0.0
	0.0	0.0	1.0	0.0
	0.0	0.0	1.0	0.0
	0.0	1.0	0.0	0.0
	0.0	0.0	1.0	0.0
	0.0	1.0	0.0	0.0
	0.0	1.0	0.0	0.0

MEME version 4

ALPHABET= ACGT

MOTIF chr1:161136052-161136062

letter-probability matrix: alength= 4 w= 10
	0.0	1.0	0.0	0.0
	0.0	0.0	0.0	1.0
	0.0	0.25	0.75	0.0
	0.0	1.0	0.0	0.0
	0.5	0.5	0.0	0.0
	1.0	0.0	0.0	0.0
	0.0	0.75	0.25	0.0
	0.0	1.0	0.0	0.0
	0.0	0.0	0.0	1.0
	0.0	1.0	0.0	0.0

MEME version 4

ALPHABET= ACGT

MOTIF chr1:161125772-161125797

letter-probability matrix: alength= 4 w= 25
	0.0	0.0	1.0	0.0
	1.0	0.0	0.0	0.0
	0.0	0.0	1.0	0.0
	0.0	1.0	0.0	0.0
	0.0	1.0	0.0	0.0
	0.0	0.0	0.0	1.0
	0.0	0.0	1.0	0.0
	0.0	0.0	1.0	0.0
	0.0	1.0	0.0	0.0
	0.0	0.0	0.0	1.0
	0.0	0.0	1.0	0.0
	0.0	0.0	1.0	0.0
	0.0	1.0	0.0	0.0
	0.0	0.0	0.0	1.0
	1.0	0.0	0.0	0.0
	0.0	1.0	0.0	0.0
	0.0	1.0	0.0	0.0
	0.0	0.0	0.0	1.0
	0.0	0.0	1.0	0.0
	0.0	0.0	1.0	0.0
	0.0	0.0	1.0	0.0
	0.0	1.0	0.0	0.0
	0.0	0.0	1.0	0.0
	0.0	1.0	0.0	0.0
	0.0	1.0	0.0	0.0

MEME version 4

ALPHABET= ACGT

MOTIF chr17:41830534-41830544

letter-probability matrix: alength= 4 w= 10
	0.0	1.0	0.0	0.0
	0.0	0.0	0.0	1.0
	0.0	0.25	0.75	0.0
	0.0	1.0	0.0	0.0
	0.5	0.5	0.0	0.0
	1.0	0.0	0.0	0.0
	0.0	0.75	0.25	0.0
	0.0	1.0	0.0	0.0
	0.0	0.0	0.0	1.0
	0.0	1.0	0.0	0.0

MEME version 4

ALPHABET= ACGT

MOTIF chr17:41840058-41840083

letter-probability matrix: alength= 4 w= 25
	0.0	0.0	1.0	0.0
	1.0	0.0	0.0	0.0
	0.0	0.0	1.0	0.0
	0.0	1.0	0.0	0.0
	0.0	1.0	0.0	0.0
	0.0	0.0	0.0	1.0
	0.0	0.0	1.0	0.0
	0.0	0.0	1.0	0.0
	0.0	1.0	0.0	0.0
	0.0	0.0	0.0	1.0
	0.0	0.0	1.0	0.0
	0.0	0.0	1.0	0.0
	0.0	1.0	0.0	0.0
	0.0	0.0	0.0	1.0
	1.0	0.0	0.0	0.0
	0.0	1.0	0.0	0.0
	0.0	1.0	0.0	0.0
	0.0	0.0	0.0	1.0
	0.0	0.0	1.0	0.0
	0.0	0.0	1.0	0.0
	0.0	0.0	1.0	0.0
	0.0	1.0	0.0	0.0
	0.0	0.0	1.0	0.0
	0.0	1.0	0.0	0.0
	0.0	1.0	0.0	0.0

