MEME version 4

ALPHABET= ACGT

MOTIF chr18:21269093-21269103

letter-probability matrix: alength= 4 w= 10
	0.5	0.0	0.36	0.14
	0.0	0.0	1.0	0.0
	0.08	0.68	0.24	0.0
	0.0	0.93	0.0	0.07
	0.03	0.0	0.27	0.7
	0.07	0.0	0.93	0.0
	0.0	0.0	1.0	0.0
	0.0	0.01	0.99	0.0
	0.08	0.85	0.0	0.07
	0.27	0.15	0.45	0.13

MEME version 4

ALPHABET= ACGT

MOTIF chr18:21279110-21279135

letter-probability matrix: alength= 4 w= 25
	0.0	1.0	0.0	0.0
	0.0	0.14	0.0	0.86
	0.0	1.0	0.0	0.0
	0.0	0.0	0.14	0.86
	0.0	0.0	1.0	0.0
	0.0	0.28	0.0	0.72
	0.0	0.25	0.0	0.75
	0.21	0.0	0.79	0.0
	0.0	1.0	0.0	0.0
	0.0	1.0	0.0	0.0
	0.0	1.0	0.0	0.0
	1.0	0.0	0.0	0.0
	0.04	0.24	0.71	0.0
	0.14	0.14	0.72	0.0
	0.0	1.0	0.0	0.0
	0.0	0.08	0.0	0.92
	0.0	0.0	1.0	0.0
	0.0	0.0	1.0	0.0
	1.0	0.0	0.0	0.0
	0.0	0.0	1.0	0.0
	0.0	0.0	0.14	0.86
	0.0	0.0	1.0	0.0
	0.0	1.0	0.0	0.0
	0.86	0.0	0.0	0.14
	0.0	0.0	1.0	0.0

MEME version 4

ALPHABET= ACGT

MOTIF chr1:29190261-29190271

letter-probability matrix: alength= 4 w= 10
	0.5	0.0	0.36	0.14
	0.0	0.0	1.0	0.0
	0.08	0.68	0.24	0.0
	0.0	0.93	0.0	0.07
	0.03	0.0	0.27	0.7
	0.07	0.0	0.93	0.0
	0.0	0.0	1.0	0.0
	0.0	0.01	0.99	0.0
	0.08	0.85	0.0	0.07
	0.27	0.15	0.45	0.13

MEME version 4

ALPHABET= ACGT

MOTIF chr1:29102808-29102833

letter-probability matrix: alength= 4 w= 25
	0.0	1.0	0.0	0.0
	0.0	0.14	0.0	0.86
	0.0	1.0	0.0	0.0
	0.0	0.0	0.14	0.86
	0.0	0.0	1.0	0.0
	0.0	0.28	0.0	0.72
	0.0	0.25	0.0	0.75
	0.21	0.0	0.79	0.0
	0.0	1.0	0.0	0.0
	0.0	1.0	0.0	0.0
	0.0	1.0	0.0	0.0
	1.0	0.0	0.0	0.0
	0.04	0.24	0.71	0.0
	0.14	0.14	0.72	0.0
	0.0	1.0	0.0	0.0
	0.0	0.08	0.0	0.92
	0.0	0.0	1.0	0.0
	0.0	0.0	1.0	0.0
	1.0	0.0	0.0	0.0
	0.0	0.0	1.0	0.0
	0.0	0.0	0.14	0.86
	0.0	0.0	1.0	0.0
	0.0	1.0	0.0	0.0
	0.86	0.0	0.0	0.14
	0.0	0.0	1.0	0.0

MEME version 4

ALPHABET= ACGT

MOTIF chr14:31677919-31677929

letter-probability matrix: alength= 4 w= 10
	0.5	0.0	0.36	0.14
	0.0	0.0	1.0	0.0
	0.08	0.68	0.24	0.0
	0.0	0.93	0.0	0.07
	0.03	0.0	0.27	0.7
	0.07	0.0	0.93	0.0
	0.0	0.0	1.0	0.0
	0.0	0.01	0.99	0.0
	0.08	0.85	0.0	0.07
	0.27	0.15	0.45	0.13

MEME version 4

ALPHABET= ACGT

MOTIF chr14:31682637-31682662

letter-probability matrix: alength= 4 w= 25
	0.0	1.0	0.0	0.0
	0.0	0.14	0.0	0.86
	0.0	1.0	0.0	0.0
	0.0	0.0	0.14	0.86
	0.0	0.0	1.0	0.0
	0.0	0.28	0.0	0.72
	0.0	0.25	0.0	0.75
	0.21	0.0	0.79	0.0
	0.0	1.0	0.0	0.0
	0.0	1.0	0.0	0.0
	0.0	1.0	0.0	0.0
	1.0	0.0	0.0	0.0
	0.04	0.24	0.71	0.0
	0.14	0.14	0.72	0.0
	0.0	1.0	0.0	0.0
	0.0	0.08	0.0	0.92
	0.0	0.0	1.0	0.0
	0.0	0.0	1.0	0.0
	1.0	0.0	0.0	0.0
	0.0	0.0	1.0	0.0
	0.0	0.0	0.14	0.86
	0.0	0.0	1.0	0.0
	0.0	1.0	0.0	0.0
	0.86	0.0	0.0	0.14
	0.0	0.0	1.0	0.0

MEME version 4

ALPHABET= ACGT

MOTIF chr13:46528320-46528330

letter-probability matrix: alength= 4 w= 10
	0.5	0.0	0.36	0.14
	0.0	0.0	1.0	0.0
	0.08	0.68	0.24	0.0
	0.0	0.93	0.0	0.07
	0.03	0.0	0.27	0.7
	0.07	0.0	0.93	0.0
	0.0	0.0	1.0	0.0
	0.0	0.01	0.99	0.0
	0.08	0.85	0.0	0.07
	0.27	0.15	0.45	0.13

MEME version 4

ALPHABET= ACGT

MOTIF chr13:46592599-46592624

letter-probability matrix: alength= 4 w= 25
	0.0	1.0	0.0	0.0
	0.0	0.14	0.0	0.86
	0.0	1.0	0.0	0.0
	0.0	0.0	0.14	0.86
	0.0	0.0	1.0	0.0
	0.0	0.28	0.0	0.72
	0.0	0.25	0.0	0.75
	0.21	0.0	0.79	0.0
	0.0	1.0	0.0	0.0
	0.0	1.0	0.0	0.0
	0.0	1.0	0.0	0.0
	1.0	0.0	0.0	0.0
	0.04	0.24	0.71	0.0
	0.14	0.14	0.72	0.0
	0.0	1.0	0.0	0.0
	0.0	0.08	0.0	0.92
	0.0	0.0	1.0	0.0
	0.0	0.0	1.0	0.0
	1.0	0.0	0.0	0.0
	0.0	0.0	1.0	0.0
	0.0	0.0	0.14	0.86
	0.0	0.0	1.0	0.0
	0.0	1.0	0.0	0.0
	0.86	0.0	0.0	0.14
	0.0	0.0	1.0	0.0

MEME version 4

ALPHABET= ACGT

MOTIF chr8:74942105-74942115

letter-probability matrix: alength= 4 w= 10
	0.5	0.0	0.36	0.14
	0.0	0.0	1.0	0.0
	0.08	0.68	0.24	0.0
	0.0	0.93	0.0	0.07
	0.03	0.0	0.27	0.7
	0.07	0.0	0.93	0.0
	0.0	0.0	1.0	0.0
	0.0	0.01	0.99	0.0
	0.08	0.85	0.0	0.07
	0.27	0.15	0.45	0.13

MEME version 4

ALPHABET= ACGT

MOTIF chr8:74909225-74909250

letter-probability matrix: alength= 4 w= 25
	0.0	1.0	0.0	0.0
	0.0	0.14	0.0	0.86
	0.0	1.0	0.0	0.0
	0.0	0.0	0.14	0.86
	0.0	0.0	1.0	0.0
	0.0	0.28	0.0	0.72
	0.0	0.25	0.0	0.75
	0.21	0.0	0.79	0.0
	0.0	1.0	0.0	0.0
	0.0	1.0	0.0	0.0
	0.0	1.0	0.0	0.0
	1.0	0.0	0.0	0.0
	0.04	0.24	0.71	0.0
	0.14	0.14	0.72	0.0
	0.0	1.0	0.0	0.0
	0.0	0.08	0.0	0.92
	0.0	0.0	1.0	0.0
	0.0	0.0	1.0	0.0
	1.0	0.0	0.0	0.0
	0.0	0.0	1.0	0.0
	0.0	0.0	0.14	0.86
	0.0	0.0	1.0	0.0
	0.0	1.0	0.0	0.0
	0.86	0.0	0.0	0.14
	0.0	0.0	1.0	0.0

MEME version 4

ALPHABET= ACGT

MOTIF chr2:136483793-136483803

letter-probability matrix: alength= 4 w= 10
	0.5	0.0	0.36	0.14
	0.0	0.0	1.0	0.0
	0.08	0.68	0.24	0.0
	0.0	0.93	0.0	0.07
	0.03	0.0	0.27	0.7
	0.07	0.0	0.93	0.0
	0.0	0.0	1.0	0.0
	0.0	0.01	0.99	0.0
	0.08	0.85	0.0	0.07
	0.27	0.15	0.45	0.13

MEME version 4

ALPHABET= ACGT

MOTIF chr2:136303925-136303950

letter-probability matrix: alength= 4 w= 25
	0.0	1.0	0.0	0.0
	0.0	0.14	0.0	0.86
	0.0	1.0	0.0	0.0
	0.0	0.0	0.14	0.86
	0.0	0.0	1.0	0.0
	0.0	0.28	0.0	0.72
	0.0	0.25	0.0	0.75
	0.21	0.0	0.79	0.0
	0.0	1.0	0.0	0.0
	0.0	1.0	0.0	0.0
	0.0	1.0	0.0	0.0
	1.0	0.0	0.0	0.0
	0.04	0.24	0.71	0.0
	0.14	0.14	0.72	0.0
	0.0	1.0	0.0	0.0
	0.0	0.08	0.0	0.92
	0.0	0.0	1.0	0.0
	0.0	0.0	1.0	0.0
	1.0	0.0	0.0	0.0
	0.0	0.0	1.0	0.0
	0.0	0.0	0.14	0.86
	0.0	0.0	1.0	0.0
	0.0	1.0	0.0	0.0
	0.86	0.0	0.0	0.14
	0.0	0.0	1.0	0.0

MEME version 4

ALPHABET= ACGT

MOTIF chr6:4020721-4020731

letter-probability matrix: alength= 4 w= 10
	0.5	0.0	0.36	0.14
	0.0	0.0	1.0	0.0
	0.08	0.68	0.24	0.0
	0.0	0.93	0.0	0.07
	0.03	0.0	0.27	0.7
	0.07	0.0	0.93	0.0
	0.0	0.0	1.0	0.0
	0.0	0.01	0.99	0.0
	0.08	0.85	0.0	0.07
	0.27	0.15	0.45	0.13

MEME version 4

ALPHABET= ACGT

MOTIF chr6:4002137-4002162

letter-probability matrix: alength= 4 w= 25
	0.0	1.0	0.0	0.0
	0.0	0.14	0.0	0.86
	0.0	1.0	0.0	0.0
	0.0	0.0	0.14	0.86
	0.0	0.0	1.0	0.0
	0.0	0.28	0.0	0.72
	0.0	0.25	0.0	0.75
	0.21	0.0	0.79	0.0
	0.0	1.0	0.0	0.0
	0.0	1.0	0.0	0.0
	0.0	1.0	0.0	0.0
	1.0	0.0	0.0	0.0
	0.04	0.24	0.71	0.0
	0.14	0.14	0.72	0.0
	0.0	1.0	0.0	0.0
	0.0	0.08	0.0	0.92
	0.0	0.0	1.0	0.0
	0.0	0.0	1.0	0.0
	1.0	0.0	0.0	0.0
	0.0	0.0	1.0	0.0
	0.0	0.0	0.14	0.86
	0.0	0.0	1.0	0.0
	0.0	1.0	0.0	0.0
	0.86	0.0	0.0	0.14
	0.0	0.0	1.0	0.0

MEME version 4

ALPHABET= ACGT

MOTIF chr12:110436923-110436933

letter-probability matrix: alength= 4 w= 10
	0.5	0.0	0.36	0.14
	0.0	0.0	1.0	0.0
	0.08	0.68	0.24	0.0
	0.0	0.93	0.0	0.07
	0.03	0.0	0.27	0.7
	0.07	0.0	0.93	0.0
	0.0	0.0	1.0	0.0
	0.0	0.01	0.99	0.0
	0.08	0.85	0.0	0.07
	0.27	0.15	0.45	0.13

MEME version 4

ALPHABET= ACGT

MOTIF chr12:110417114-110417139

letter-probability matrix: alength= 4 w= 25
	0.0	1.0	0.0	0.0
	0.0	0.14	0.0	0.86
	0.0	1.0	0.0	0.0
	0.0	0.0	0.14	0.86
	0.0	0.0	1.0	0.0
	0.0	0.28	0.0	0.72
	0.0	0.25	0.0	0.75
	0.21	0.0	0.79	0.0
	0.0	1.0	0.0	0.0
	0.0	1.0	0.0	0.0
	0.0	1.0	0.0	0.0
	1.0	0.0	0.0	0.0
	0.04	0.24	0.71	0.0
	0.14	0.14	0.72	0.0
	0.0	1.0	0.0	0.0
	0.0	0.08	0.0	0.92
	0.0	0.0	1.0	0.0
	0.0	0.0	1.0	0.0
	1.0	0.0	0.0	0.0
	0.0	0.0	1.0	0.0
	0.0	0.0	0.14	0.86
	0.0	0.0	1.0	0.0
	0.0	1.0	0.0	0.0
	0.86	0.0	0.0	0.14
	0.0	0.0	1.0	0.0

MEME version 4

ALPHABET= ACGT

MOTIF chr7:2421162-2421172

letter-probability matrix: alength= 4 w= 10
	0.5	0.0	0.36	0.14
	0.0	0.0	1.0	0.0
	0.08	0.68	0.24	0.0
	0.0	0.93	0.0	0.07
	0.03	0.0	0.27	0.7
	0.07	0.0	0.93	0.0
	0.0	0.0	1.0	0.0
	0.0	0.01	0.99	0.0
	0.08	0.85	0.0	0.07
	0.27	0.15	0.45	0.13

MEME version 4

ALPHABET= ACGT

MOTIF chr7:2424103-2424128

letter-probability matrix: alength= 4 w= 25
	0.0	1.0	0.0	0.0
	0.0	0.14	0.0	0.86
	0.0	1.0	0.0	0.0
	0.0	0.0	0.14	0.86
	0.0	0.0	1.0	0.0
	0.0	0.28	0.0	0.72
	0.0	0.25	0.0	0.75
	0.21	0.0	0.79	0.0
	0.0	1.0	0.0	0.0
	0.0	1.0	0.0	0.0
	0.0	1.0	0.0	0.0
	1.0	0.0	0.0	0.0
	0.04	0.24	0.71	0.0
	0.14	0.14	0.72	0.0
	0.0	1.0	0.0	0.0
	0.0	0.08	0.0	0.92
	0.0	0.0	1.0	0.0
	0.0	0.0	1.0	0.0
	1.0	0.0	0.0	0.0
	0.0	0.0	1.0	0.0
	0.0	0.0	0.14	0.86
	0.0	0.0	1.0	0.0
	0.0	1.0	0.0	0.0
	0.86	0.0	0.0	0.14
	0.0	0.0	1.0	0.0

MEME version 4

ALPHABET= ACGT

MOTIF chr16:67260968-67260978

letter-probability matrix: alength= 4 w= 10
	0.5	0.0	0.36	0.14
	0.0	0.0	1.0	0.0
	0.08	0.68	0.24	0.0
	0.0	0.93	0.0	0.07
	0.03	0.0	0.27	0.7
	0.07	0.0	0.93	0.0
	0.0	0.0	1.0	0.0
	0.0	0.01	0.99	0.0
	0.08	0.85	0.0	0.07
	0.27	0.15	0.45	0.13

MEME version 4

ALPHABET= ACGT

MOTIF chr16:67254223-67254248

letter-probability matrix: alength= 4 w= 25
	0.0	1.0	0.0	0.0
	0.0	0.14	0.0	0.86
	0.0	1.0	0.0	0.0
	0.0	0.0	0.14	0.86
	0.0	0.0	1.0	0.0
	0.0	0.28	0.0	0.72
	0.0	0.25	0.0	0.75
	0.21	0.0	0.79	0.0
	0.0	1.0	0.0	0.0
	0.0	1.0	0.0	0.0
	0.0	1.0	0.0	0.0
	1.0	0.0	0.0	0.0
	0.04	0.24	0.71	0.0
	0.14	0.14	0.72	0.0
	0.0	1.0	0.0	0.0
	0.0	0.08	0.0	0.92
	0.0	0.0	1.0	0.0
	0.0	0.0	1.0	0.0
	1.0	0.0	0.0	0.0
	0.0	0.0	1.0	0.0
	0.0	0.0	0.14	0.86
	0.0	0.0	1.0	0.0
	0.0	1.0	0.0	0.0
	0.86	0.0	0.0	0.14
	0.0	0.0	1.0	0.0

MEME version 4

ALPHABET= ACGT

MOTIF chr3:42642718-42642728

letter-probability matrix: alength= 4 w= 10
	0.5	0.0	0.36	0.14
	0.0	0.0	1.0	0.0
	0.08	0.68	0.24	0.0
	0.0	0.93	0.0	0.07
	0.03	0.0	0.27	0.7
	0.07	0.0	0.93	0.0
	0.0	0.0	1.0	0.0
	0.0	0.01	0.99	0.0
	0.08	0.85	0.0	0.07
	0.27	0.15	0.45	0.13

MEME version 4

ALPHABET= ACGT

MOTIF chr3:42632038-42632063

letter-probability matrix: alength= 4 w= 25
	0.0	1.0	0.0	0.0
	0.0	0.14	0.0	0.86
	0.0	1.0	0.0	0.0
	0.0	0.0	0.14	0.86
	0.0	0.0	1.0	0.0
	0.0	0.28	0.0	0.72
	0.0	0.25	0.0	0.75
	0.21	0.0	0.79	0.0
	0.0	1.0	0.0	0.0
	0.0	1.0	0.0	0.0
	0.0	1.0	0.0	0.0
	1.0	0.0	0.0	0.0
	0.04	0.24	0.71	0.0
	0.14	0.14	0.72	0.0
	0.0	1.0	0.0	0.0
	0.0	0.08	0.0	0.92
	0.0	0.0	1.0	0.0
	0.0	0.0	1.0	0.0
	1.0	0.0	0.0	0.0
	0.0	0.0	1.0	0.0
	0.0	0.0	0.14	0.86
	0.0	0.0	1.0	0.0
	0.0	1.0	0.0	0.0
	0.86	0.0	0.0	0.14
	0.0	0.0	1.0	0.0

MEME version 4

ALPHABET= ACGT

MOTIF chr19:40887078-40887088

letter-probability matrix: alength= 4 w= 10
	0.5	0.0	0.36	0.14
	0.0	0.0	1.0	0.0
	0.08	0.68	0.24	0.0
	0.0	0.93	0.0	0.07
	0.03	0.0	0.27	0.7
	0.07	0.0	0.93	0.0
	0.0	0.0	1.0	0.0
	0.0	0.01	0.99	0.0
	0.08	0.85	0.0	0.07
	0.27	0.15	0.45	0.13

MEME version 4

ALPHABET= ACGT

MOTIF chr19:40878364-40878389

letter-probability matrix: alength= 4 w= 25
	0.0	1.0	0.0	0.0
	0.0	0.14	0.0	0.86
	0.0	1.0	0.0	0.0
	0.0	0.0	0.14	0.86
	0.0	0.0	1.0	0.0
	0.0	0.28	0.0	0.72
	0.0	0.25	0.0	0.75
	0.21	0.0	0.79	0.0
	0.0	1.0	0.0	0.0
	0.0	1.0	0.0	0.0
	0.0	1.0	0.0	0.0
	1.0	0.0	0.0	0.0
	0.04	0.24	0.71	0.0
	0.14	0.14	0.72	0.0
	0.0	1.0	0.0	0.0
	0.0	0.08	0.0	0.92
	0.0	0.0	1.0	0.0
	0.0	0.0	1.0	0.0
	1.0	0.0	0.0	0.0
	0.0	0.0	1.0	0.0
	0.0	0.0	0.14	0.86
	0.0	0.0	1.0	0.0
	0.0	1.0	0.0	0.0
	0.86	0.0	0.0	0.14
	0.0	0.0	1.0	0.0

MEME version 4

ALPHABET= ACGT

MOTIF chr11:63991837-63991847

letter-probability matrix: alength= 4 w= 10
	0.5	0.0	0.36	0.14
	0.0	0.0	1.0	0.0
	0.08	0.68	0.24	0.0
	0.0	0.93	0.0	0.07
	0.03	0.0	0.27	0.7
	0.07	0.0	0.93	0.0
	0.0	0.0	1.0	0.0
	0.0	0.01	0.99	0.0
	0.08	0.85	0.0	0.07
	0.27	0.15	0.45	0.13

MEME version 4

ALPHABET= ACGT

MOTIF chr11:63966018-63966043

letter-probability matrix: alength= 4 w= 25
	0.0	1.0	0.0	0.0
	0.0	0.14	0.0	0.86
	0.0	1.0	0.0	0.0
	0.0	0.0	0.14	0.86
	0.0	0.0	1.0	0.0
	0.0	0.28	0.0	0.72
	0.0	0.25	0.0	0.75
	0.21	0.0	0.79	0.0
	0.0	1.0	0.0	0.0
	0.0	1.0	0.0	0.0
	0.0	1.0	0.0	0.0
	1.0	0.0	0.0	0.0
	0.04	0.24	0.71	0.0
	0.14	0.14	0.72	0.0
	0.0	1.0	0.0	0.0
	0.0	0.08	0.0	0.92
	0.0	0.0	1.0	0.0
	0.0	0.0	1.0	0.0
	1.0	0.0	0.0	0.0
	0.0	0.0	1.0	0.0
	0.0	0.0	0.14	0.86
	0.0	0.0	1.0	0.0
	0.0	1.0	0.0	0.0
	0.86	0.0	0.0	0.14
	0.0	0.0	1.0	0.0

MEME version 4

ALPHABET= ACGT

MOTIF chr7:108210795-108210805

letter-probability matrix: alength= 4 w= 10
	0.5	0.0	0.36	0.14
	0.0	0.0	1.0	0.0
	0.08	0.68	0.24	0.0
	0.0	0.93	0.0	0.07
	0.03	0.0	0.27	0.7
	0.07	0.0	0.93	0.0
	0.0	0.0	1.0	0.0
	0.0	0.01	0.99	0.0
	0.08	0.85	0.0	0.07
	0.27	0.15	0.45	0.13

MEME version 4

ALPHABET= ACGT

MOTIF chr7:108191763-108191788

letter-probability matrix: alength= 4 w= 25
	0.0	1.0	0.0	0.0
	0.0	0.14	0.0	0.86
	0.0	1.0	0.0	0.0
	0.0	0.0	0.14	0.86
	0.0	0.0	1.0	0.0
	0.0	0.28	0.0	0.72
	0.0	0.25	0.0	0.75
	0.21	0.0	0.79	0.0
	0.0	1.0	0.0	0.0
	0.0	1.0	0.0	0.0
	0.0	1.0	0.0	0.0
	1.0	0.0	0.0	0.0
	0.04	0.24	0.71	0.0
	0.14	0.14	0.72	0.0
	0.0	1.0	0.0	0.0
	0.0	0.08	0.0	0.92
	0.0	0.0	1.0	0.0
	0.0	0.0	1.0	0.0
	1.0	0.0	0.0	0.0
	0.0	0.0	1.0	0.0
	0.0	0.0	0.14	0.86
	0.0	0.0	1.0	0.0
	0.0	1.0	0.0	0.0
	0.86	0.0	0.0	0.14
	0.0	0.0	1.0	0.0

MEME version 4

ALPHABET= ACGT

MOTIF chr10:115614648-115614658

letter-probability matrix: alength= 4 w= 10
	0.5	0.0	0.36	0.14
	0.0	0.0	1.0	0.0
	0.08	0.68	0.24	0.0
	0.0	0.93	0.0	0.07
	0.03	0.0	0.27	0.7
	0.07	0.0	0.93	0.0
	0.0	0.0	1.0	0.0
	0.0	0.01	0.99	0.0
	0.08	0.85	0.0	0.07
	0.27	0.15	0.45	0.13

MEME version 4

ALPHABET= ACGT

MOTIF chr10:115627781-115627806

letter-probability matrix: alength= 4 w= 25
	0.0	1.0	0.0	0.0
	0.0	0.14	0.0	0.86
	0.0	1.0	0.0	0.0
	0.0	0.0	0.14	0.86
	0.0	0.0	1.0	0.0
	0.0	0.28	0.0	0.72
	0.0	0.25	0.0	0.75
	0.21	0.0	0.79	0.0
	0.0	1.0	0.0	0.0
	0.0	1.0	0.0	0.0
	0.0	1.0	0.0	0.0
	1.0	0.0	0.0	0.0
	0.04	0.24	0.71	0.0
	0.14	0.14	0.72	0.0
	0.0	1.0	0.0	0.0
	0.0	0.08	0.0	0.92
	0.0	0.0	1.0	0.0
	0.0	0.0	1.0	0.0
	1.0	0.0	0.0	0.0
	0.0	0.0	1.0	0.0
	0.0	0.0	0.14	0.86
	0.0	0.0	1.0	0.0
	0.0	1.0	0.0	0.0
	0.86	0.0	0.0	0.14
	0.0	0.0	1.0	0.0

MEME version 4

ALPHABET= ACGT

MOTIF chr10:115613784-115613794

letter-probability matrix: alength= 4 w= 10
	0.5	0.0	0.36	0.14
	0.0	0.0	1.0	0.0
	0.08	0.68	0.24	0.0
	0.0	0.93	0.0	0.07
	0.03	0.0	0.27	0.7
	0.07	0.0	0.93	0.0
	0.0	0.0	1.0	0.0
	0.0	0.01	0.99	0.0
	0.08	0.85	0.0	0.07
	0.27	0.15	0.45	0.13

MEME version 4

ALPHABET= ACGT

MOTIF chr10:115627781-115627806

letter-probability matrix: alength= 4 w= 25
	0.0	1.0	0.0	0.0
	0.0	0.14	0.0	0.86
	0.0	1.0	0.0	0.0
	0.0	0.0	0.14	0.86
	0.0	0.0	1.0	0.0
	0.0	0.28	0.0	0.72
	0.0	0.25	0.0	0.75
	0.21	0.0	0.79	0.0
	0.0	1.0	0.0	0.0
	0.0	1.0	0.0	0.0
	0.0	1.0	0.0	0.0
	1.0	0.0	0.0	0.0
	0.04	0.24	0.71	0.0
	0.14	0.14	0.72	0.0
	0.0	1.0	0.0	0.0
	0.0	0.08	0.0	0.92
	0.0	0.0	1.0	0.0
	0.0	0.0	1.0	0.0
	1.0	0.0	0.0	0.0
	0.0	0.0	1.0	0.0
	0.0	0.0	0.14	0.86
	0.0	0.0	1.0	0.0
	0.0	1.0	0.0	0.0
	0.86	0.0	0.0	0.14
	0.0	0.0	1.0	0.0

MEME version 4

ALPHABET= ACGT

MOTIF chr19:33087243-33087253

letter-probability matrix: alength= 4 w= 10
	0.5	0.0	0.36	0.14
	0.0	0.0	1.0	0.0
	0.08	0.68	0.24	0.0
	0.0	0.93	0.0	0.07
	0.03	0.0	0.27	0.7
	0.07	0.0	0.93	0.0
	0.0	0.0	1.0	0.0
	0.0	0.01	0.99	0.0
	0.08	0.85	0.0	0.07
	0.27	0.15	0.45	0.13

MEME version 4

ALPHABET= ACGT

MOTIF chr19:33179235-33179260

letter-probability matrix: alength= 4 w= 25
	0.0	1.0	0.0	0.0
	0.0	0.14	0.0	0.86
	0.0	1.0	0.0	0.0
	0.0	0.0	0.14	0.86
	0.0	0.0	1.0	0.0
	0.0	0.28	0.0	0.72
	0.0	0.25	0.0	0.75
	0.21	0.0	0.79	0.0
	0.0	1.0	0.0	0.0
	0.0	1.0	0.0	0.0
	0.0	1.0	0.0	0.0
	1.0	0.0	0.0	0.0
	0.04	0.24	0.71	0.0
	0.14	0.14	0.72	0.0
	0.0	1.0	0.0	0.0
	0.0	0.08	0.0	0.92
	0.0	0.0	1.0	0.0
	0.0	0.0	1.0	0.0
	1.0	0.0	0.0	0.0
	0.0	0.0	1.0	0.0
	0.0	0.0	0.14	0.86
	0.0	0.0	1.0	0.0
	0.0	1.0	0.0	0.0
	0.86	0.0	0.0	0.14
	0.0	0.0	1.0	0.0

MEME version 4

ALPHABET= ACGT

MOTIF chr10:32345532-32345542

letter-probability matrix: alength= 4 w= 10
	0.5	0.0	0.36	0.14
	0.0	0.0	1.0	0.0
	0.08	0.68	0.24	0.0
	0.0	0.93	0.0	0.07
	0.03	0.0	0.27	0.7
	0.07	0.0	0.93	0.0
	0.0	0.0	1.0	0.0
	0.0	0.01	0.99	0.0
	0.08	0.85	0.0	0.07
	0.27	0.15	0.45	0.13

MEME version 4

ALPHABET= ACGT

MOTIF chr10:32355483-32355508

letter-probability matrix: alength= 4 w= 25
	0.0	1.0	0.0	0.0
	0.0	0.14	0.0	0.86
	0.0	1.0	0.0	0.0
	0.0	0.0	0.14	0.86
	0.0	0.0	1.0	0.0
	0.0	0.28	0.0	0.72
	0.0	0.25	0.0	0.75
	0.21	0.0	0.79	0.0
	0.0	1.0	0.0	0.0
	0.0	1.0	0.0	0.0
	0.0	1.0	0.0	0.0
	1.0	0.0	0.0	0.0
	0.04	0.24	0.71	0.0
	0.14	0.14	0.72	0.0
	0.0	1.0	0.0	0.0
	0.0	0.08	0.0	0.92
	0.0	0.0	1.0	0.0
	0.0	0.0	1.0	0.0
	1.0	0.0	0.0	0.0
	0.0	0.0	1.0	0.0
	0.0	0.0	0.14	0.86
	0.0	0.0	1.0	0.0
	0.0	1.0	0.0	0.0
	0.86	0.0	0.0	0.14
	0.0	0.0	1.0	0.0

MEME version 4

ALPHABET= ACGT

MOTIF chr17:79212965-79212975

letter-probability matrix: alength= 4 w= 10
	0.5	0.0	0.36	0.14
	0.0	0.0	1.0	0.0
	0.08	0.68	0.24	0.0
	0.0	0.93	0.0	0.07
	0.03	0.0	0.27	0.7
	0.07	0.0	0.93	0.0
	0.0	0.0	1.0	0.0
	0.0	0.01	0.99	0.0
	0.08	0.85	0.0	0.07
	0.27	0.15	0.45	0.13

MEME version 4

ALPHABET= ACGT

MOTIF chr17:79184971-79184996

letter-probability matrix: alength= 4 w= 25
	0.0	1.0	0.0	0.0
	0.0	0.14	0.0	0.86
	0.0	1.0	0.0	0.0
	0.0	0.0	0.14	0.86
	0.0	0.0	1.0	0.0
	0.0	0.28	0.0	0.72
	0.0	0.25	0.0	0.75
	0.21	0.0	0.79	0.0
	0.0	1.0	0.0	0.0
	0.0	1.0	0.0	0.0
	0.0	1.0	0.0	0.0
	1.0	0.0	0.0	0.0
	0.04	0.24	0.71	0.0
	0.14	0.14	0.72	0.0
	0.0	1.0	0.0	0.0
	0.0	0.08	0.0	0.92
	0.0	0.0	1.0	0.0
	0.0	0.0	1.0	0.0
	1.0	0.0	0.0	0.0
	0.0	0.0	1.0	0.0
	0.0	0.0	0.14	0.86
	0.0	0.0	1.0	0.0
	0.0	1.0	0.0	0.0
	0.86	0.0	0.0	0.14
	0.0	0.0	1.0	0.0

MEME version 4

ALPHABET= ACGT

MOTIF chr15:75872383-75872393

letter-probability matrix: alength= 4 w= 10
	0.5	0.0	0.36	0.14
	0.0	0.0	1.0	0.0
	0.08	0.68	0.24	0.0
	0.0	0.93	0.0	0.07
	0.03	0.0	0.27	0.7
	0.07	0.0	0.93	0.0
	0.0	0.0	1.0	0.0
	0.0	0.01	0.99	0.0
	0.08	0.85	0.0	0.07
	0.27	0.15	0.45	0.13

MEME version 4

ALPHABET= ACGT

MOTIF chr15:75843730-75843755

letter-probability matrix: alength= 4 w= 25
	0.0	1.0	0.0	0.0
	0.0	0.14	0.0	0.86
	0.0	1.0	0.0	0.0
	0.0	0.0	0.14	0.86
	0.0	0.0	1.0	0.0
	0.0	0.28	0.0	0.72
	0.0	0.25	0.0	0.75
	0.21	0.0	0.79	0.0
	0.0	1.0	0.0	0.0
	0.0	1.0	0.0	0.0
	0.0	1.0	0.0	0.0
	1.0	0.0	0.0	0.0
	0.04	0.24	0.71	0.0
	0.14	0.14	0.72	0.0
	0.0	1.0	0.0	0.0
	0.0	0.08	0.0	0.92
	0.0	0.0	1.0	0.0
	0.0	0.0	1.0	0.0
	1.0	0.0	0.0	0.0
	0.0	0.0	1.0	0.0
	0.0	0.0	0.14	0.86
	0.0	0.0	1.0	0.0
	0.0	1.0	0.0	0.0
	0.86	0.0	0.0	0.14
	0.0	0.0	1.0	0.0

MEME version 4

ALPHABET= ACGT

MOTIF chr13:46627061-46627071

letter-probability matrix: alength= 4 w= 10
	0.5	0.0	0.36	0.14
	0.0	0.0	1.0	0.0
	0.08	0.68	0.24	0.0
	0.0	0.93	0.0	0.07
	0.03	0.0	0.27	0.7
	0.07	0.0	0.93	0.0
	0.0	0.0	1.0	0.0
	0.0	0.01	0.99	0.0
	0.08	0.85	0.0	0.07
	0.27	0.15	0.45	0.13

MEME version 4

ALPHABET= ACGT

MOTIF chr13:46592599-46592624

letter-probability matrix: alength= 4 w= 25
	0.0	1.0	0.0	0.0
	0.0	0.14	0.0	0.86
	0.0	1.0	0.0	0.0
	0.0	0.0	0.14	0.86
	0.0	0.0	1.0	0.0
	0.0	0.28	0.0	0.72
	0.0	0.25	0.0	0.75
	0.21	0.0	0.79	0.0
	0.0	1.0	0.0	0.0
	0.0	1.0	0.0	0.0
	0.0	1.0	0.0	0.0
	1.0	0.0	0.0	0.0
	0.04	0.24	0.71	0.0
	0.14	0.14	0.72	0.0
	0.0	1.0	0.0	0.0
	0.0	0.08	0.0	0.92
	0.0	0.0	1.0	0.0
	0.0	0.0	1.0	0.0
	1.0	0.0	0.0	0.0
	0.0	0.0	1.0	0.0
	0.0	0.0	0.14	0.86
	0.0	0.0	1.0	0.0
	0.0	1.0	0.0	0.0
	0.86	0.0	0.0	0.14
	0.0	0.0	1.0	0.0

MEME version 4

ALPHABET= ACGT

MOTIF chr19:39882636-39882646

letter-probability matrix: alength= 4 w= 10
	0.5	0.0	0.36	0.14
	0.0	0.0	1.0	0.0
	0.08	0.68	0.24	0.0
	0.0	0.93	0.0	0.07
	0.03	0.0	0.27	0.7
	0.07	0.0	0.93	0.0
	0.0	0.0	1.0	0.0
	0.0	0.01	0.99	0.0
	0.08	0.85	0.0	0.07
	0.27	0.15	0.45	0.13

MEME version 4

ALPHABET= ACGT

MOTIF chr19:39876035-39876060

letter-probability matrix: alength= 4 w= 25
	0.0	1.0	0.0	0.0
	0.0	0.14	0.0	0.86
	0.0	1.0	0.0	0.0
	0.0	0.0	0.14	0.86
	0.0	0.0	1.0	0.0
	0.0	0.28	0.0	0.72
	0.0	0.25	0.0	0.75
	0.21	0.0	0.79	0.0
	0.0	1.0	0.0	0.0
	0.0	1.0	0.0	0.0
	0.0	1.0	0.0	0.0
	1.0	0.0	0.0	0.0
	0.04	0.24	0.71	0.0
	0.14	0.14	0.72	0.0
	0.0	1.0	0.0	0.0
	0.0	0.08	0.0	0.92
	0.0	0.0	1.0	0.0
	0.0	0.0	1.0	0.0
	1.0	0.0	0.0	0.0
	0.0	0.0	1.0	0.0
	0.0	0.0	0.14	0.86
	0.0	0.0	1.0	0.0
	0.0	1.0	0.0	0.0
	0.86	0.0	0.0	0.14
	0.0	0.0	1.0	0.0

MEME version 4

ALPHABET= ACGT

MOTIF chr15:64747897-64747907

letter-probability matrix: alength= 4 w= 10
	0.5	0.0	0.36	0.14
	0.0	0.0	1.0	0.0
	0.08	0.68	0.24	0.0
	0.0	0.93	0.0	0.07
	0.03	0.0	0.27	0.7
	0.07	0.0	0.93	0.0
	0.0	0.0	1.0	0.0
	0.0	0.01	0.99	0.0
	0.08	0.85	0.0	0.07
	0.27	0.15	0.45	0.13

MEME version 4

ALPHABET= ACGT

MOTIF chr15:64697387-64697412

letter-probability matrix: alength= 4 w= 25
	0.0	1.0	0.0	0.0
	0.0	0.14	0.0	0.86
	0.0	1.0	0.0	0.0
	0.0	0.0	0.14	0.86
	0.0	0.0	1.0	0.0
	0.0	0.28	0.0	0.72
	0.0	0.25	0.0	0.75
	0.21	0.0	0.79	0.0
	0.0	1.0	0.0	0.0
	0.0	1.0	0.0	0.0
	0.0	1.0	0.0	0.0
	1.0	0.0	0.0	0.0
	0.04	0.24	0.71	0.0
	0.14	0.14	0.72	0.0
	0.0	1.0	0.0	0.0
	0.0	0.08	0.0	0.92
	0.0	0.0	1.0	0.0
	0.0	0.0	1.0	0.0
	1.0	0.0	0.0	0.0
	0.0	0.0	1.0	0.0
	0.0	0.0	0.14	0.86
	0.0	0.0	1.0	0.0
	0.0	1.0	0.0	0.0
	0.86	0.0	0.0	0.14
	0.0	0.0	1.0	0.0

MEME version 4

ALPHABET= ACGT

MOTIF chr14:24708454-24708464

letter-probability matrix: alength= 4 w= 10
	0.5	0.0	0.36	0.14
	0.0	0.0	1.0	0.0
	0.08	0.68	0.24	0.0
	0.0	0.93	0.0	0.07
	0.03	0.0	0.27	0.7
	0.07	0.0	0.93	0.0
	0.0	0.0	1.0	0.0
	0.0	0.01	0.99	0.0
	0.08	0.85	0.0	0.07
	0.27	0.15	0.45	0.13

MEME version 4

ALPHABET= ACGT

MOTIF chr14:24684022-24684047

letter-probability matrix: alength= 4 w= 25
	0.0	1.0	0.0	0.0
	0.0	0.14	0.0	0.86
	0.0	1.0	0.0	0.0
	0.0	0.0	0.14	0.86
	0.0	0.0	1.0	0.0
	0.0	0.28	0.0	0.72
	0.0	0.25	0.0	0.75
	0.21	0.0	0.79	0.0
	0.0	1.0	0.0	0.0
	0.0	1.0	0.0	0.0
	0.0	1.0	0.0	0.0
	1.0	0.0	0.0	0.0
	0.04	0.24	0.71	0.0
	0.14	0.14	0.72	0.0
	0.0	1.0	0.0	0.0
	0.0	0.08	0.0	0.92
	0.0	0.0	1.0	0.0
	0.0	0.0	1.0	0.0
	1.0	0.0	0.0	0.0
	0.0	0.0	1.0	0.0
	0.0	0.0	0.14	0.86
	0.0	0.0	1.0	0.0
	0.0	1.0	0.0	0.0
	0.86	0.0	0.0	0.14
	0.0	0.0	1.0	0.0

MEME version 4

ALPHABET= ACGT

MOTIF chr1:173639533-173639543

letter-probability matrix: alength= 4 w= 10
	0.5	0.0	0.36	0.14
	0.0	0.0	1.0	0.0
	0.08	0.68	0.24	0.0
	0.0	0.93	0.0	0.07
	0.03	0.0	0.27	0.7
	0.07	0.0	0.93	0.0
	0.0	0.0	1.0	0.0
	0.0	0.01	0.99	0.0
	0.08	0.85	0.0	0.07
	0.27	0.15	0.45	0.13

MEME version 4

ALPHABET= ACGT

MOTIF chr1:173632333-173632358

letter-probability matrix: alength= 4 w= 25
	0.0	1.0	0.0	0.0
	0.0	0.14	0.0	0.86
	0.0	1.0	0.0	0.0
	0.0	0.0	0.14	0.86
	0.0	0.0	1.0	0.0
	0.0	0.28	0.0	0.72
	0.0	0.25	0.0	0.75
	0.21	0.0	0.79	0.0
	0.0	1.0	0.0	0.0
	0.0	1.0	0.0	0.0
	0.0	1.0	0.0	0.0
	1.0	0.0	0.0	0.0
	0.04	0.24	0.71	0.0
	0.14	0.14	0.72	0.0
	0.0	1.0	0.0	0.0
	0.0	0.08	0.0	0.92
	0.0	0.0	1.0	0.0
	0.0	0.0	1.0	0.0
	1.0	0.0	0.0	0.0
	0.0	0.0	1.0	0.0
	0.0	0.0	0.14	0.86
	0.0	0.0	1.0	0.0
	0.0	1.0	0.0	0.0
	0.86	0.0	0.0	0.14
	0.0	0.0	1.0	0.0

MEME version 4

ALPHABET= ACGT

MOTIF chr19:41870130-41870140

letter-probability matrix: alength= 4 w= 10
	0.5	0.0	0.36	0.14
	0.0	0.0	1.0	0.0
	0.08	0.68	0.24	0.0
	0.0	0.93	0.0	0.07
	0.03	0.0	0.27	0.7
	0.07	0.0	0.93	0.0
	0.0	0.0	1.0	0.0
	0.0	0.01	0.99	0.0
	0.08	0.85	0.0	0.07
	0.27	0.15	0.45	0.13

MEME version 4

ALPHABET= ACGT

MOTIF chr19:41902148-41902173

letter-probability matrix: alength= 4 w= 25
	0.0	1.0	0.0	0.0
	0.0	0.14	0.0	0.86
	0.0	1.0	0.0	0.0
	0.0	0.0	0.14	0.86
	0.0	0.0	1.0	0.0
	0.0	0.28	0.0	0.72
	0.0	0.25	0.0	0.75
	0.21	0.0	0.79	0.0
	0.0	1.0	0.0	0.0
	0.0	1.0	0.0	0.0
	0.0	1.0	0.0	0.0
	1.0	0.0	0.0	0.0
	0.04	0.24	0.71	0.0
	0.14	0.14	0.72	0.0
	0.0	1.0	0.0	0.0
	0.0	0.08	0.0	0.92
	0.0	0.0	1.0	0.0
	0.0	0.0	1.0	0.0
	1.0	0.0	0.0	0.0
	0.0	0.0	1.0	0.0
	0.0	0.0	0.14	0.86
	0.0	0.0	1.0	0.0
	0.0	1.0	0.0	0.0
	0.86	0.0	0.0	0.14
	0.0	0.0	1.0	0.0

MEME version 4

ALPHABET= ACGT

MOTIF chr6:112424145-112424155

letter-probability matrix: alength= 4 w= 10
	0.5	0.0	0.36	0.14
	0.0	0.0	1.0	0.0
	0.08	0.68	0.24	0.0
	0.0	0.93	0.0	0.07
	0.03	0.0	0.27	0.7
	0.07	0.0	0.93	0.0
	0.0	0.0	1.0	0.0
	0.0	0.01	0.99	0.0
	0.08	0.85	0.0	0.07
	0.27	0.15	0.45	0.13

MEME version 4

ALPHABET= ACGT

MOTIF chr6:112438768-112438793

letter-probability matrix: alength= 4 w= 25
	0.0	1.0	0.0	0.0
	0.0	0.14	0.0	0.86
	0.0	1.0	0.0	0.0
	0.0	0.0	0.14	0.86
	0.0	0.0	1.0	0.0
	0.0	0.28	0.0	0.72
	0.0	0.25	0.0	0.75
	0.21	0.0	0.79	0.0
	0.0	1.0	0.0	0.0
	0.0	1.0	0.0	0.0
	0.0	1.0	0.0	0.0
	1.0	0.0	0.0	0.0
	0.04	0.24	0.71	0.0
	0.14	0.14	0.72	0.0
	0.0	1.0	0.0	0.0
	0.0	0.08	0.0	0.92
	0.0	0.0	1.0	0.0
	0.0	0.0	1.0	0.0
	1.0	0.0	0.0	0.0
	0.0	0.0	1.0	0.0
	0.0	0.0	0.14	0.86
	0.0	0.0	1.0	0.0
	0.0	1.0	0.0	0.0
	0.86	0.0	0.0	0.14
	0.0	0.0	1.0	0.0

MEME version 4

ALPHABET= ACGT

MOTIF chr8:105342334-105342344

letter-probability matrix: alength= 4 w= 10
	0.5	0.0	0.36	0.14
	0.0	0.0	1.0	0.0
	0.08	0.68	0.24	0.0
	0.0	0.93	0.0	0.07
	0.03	0.0	0.27	0.7
	0.07	0.0	0.93	0.0
	0.0	0.0	1.0	0.0
	0.0	0.01	0.99	0.0
	0.08	0.85	0.0	0.07
	0.27	0.15	0.45	0.13

MEME version 4

ALPHABET= ACGT

MOTIF chr8:105458238-105458263

letter-probability matrix: alength= 4 w= 25
	0.0	1.0	0.0	0.0
	0.0	0.14	0.0	0.86
	0.0	1.0	0.0	0.0
	0.0	0.0	0.14	0.86
	0.0	0.0	1.0	0.0
	0.0	0.28	0.0	0.72
	0.0	0.25	0.0	0.75
	0.21	0.0	0.79	0.0
	0.0	1.0	0.0	0.0
	0.0	1.0	0.0	0.0
	0.0	1.0	0.0	0.0
	1.0	0.0	0.0	0.0
	0.04	0.24	0.71	0.0
	0.14	0.14	0.72	0.0
	0.0	1.0	0.0	0.0
	0.0	0.08	0.0	0.92
	0.0	0.0	1.0	0.0
	0.0	0.0	1.0	0.0
	1.0	0.0	0.0	0.0
	0.0	0.0	1.0	0.0
	0.0	0.0	0.14	0.86
	0.0	0.0	1.0	0.0
	0.0	1.0	0.0	0.0
	0.86	0.0	0.0	0.14
	0.0	0.0	1.0	0.0

MEME version 4

ALPHABET= ACGT

MOTIF chr16:18813276-18813286

letter-probability matrix: alength= 4 w= 10
	0.5	0.0	0.36	0.14
	0.0	0.0	1.0	0.0
	0.08	0.68	0.24	0.0
	0.0	0.93	0.0	0.07
	0.03	0.0	0.27	0.7
	0.07	0.0	0.93	0.0
	0.0	0.0	1.0	0.0
	0.0	0.01	0.99	0.0
	0.08	0.85	0.0	0.07
	0.27	0.15	0.45	0.13

MEME version 4

ALPHABET= ACGT

MOTIF chr16:18829257-18829282

letter-probability matrix: alength= 4 w= 25
	0.0	1.0	0.0	0.0
	0.0	0.14	0.0	0.86
	0.0	1.0	0.0	0.0
	0.0	0.0	0.14	0.86
	0.0	0.0	1.0	0.0
	0.0	0.28	0.0	0.72
	0.0	0.25	0.0	0.75
	0.21	0.0	0.79	0.0
	0.0	1.0	0.0	0.0
	0.0	1.0	0.0	0.0
	0.0	1.0	0.0	0.0
	1.0	0.0	0.0	0.0
	0.04	0.24	0.71	0.0
	0.14	0.14	0.72	0.0
	0.0	1.0	0.0	0.0
	0.0	0.08	0.0	0.92
	0.0	0.0	1.0	0.0
	0.0	0.0	1.0	0.0
	1.0	0.0	0.0	0.0
	0.0	0.0	1.0	0.0
	0.0	0.0	0.14	0.86
	0.0	0.0	1.0	0.0
	0.0	1.0	0.0	0.0
	0.86	0.0	0.0	0.14
	0.0	0.0	1.0	0.0

MEME version 4

ALPHABET= ACGT

MOTIF chr14:24616884-24616894

letter-probability matrix: alength= 4 w= 10
	0.5	0.0	0.36	0.14
	0.0	0.0	1.0	0.0
	0.08	0.68	0.24	0.0
	0.0	0.93	0.0	0.07
	0.03	0.0	0.27	0.7
	0.07	0.0	0.93	0.0
	0.0	0.0	1.0	0.0
	0.0	0.01	0.99	0.0
	0.08	0.85	0.0	0.07
	0.27	0.15	0.45	0.13

MEME version 4

ALPHABET= ACGT

MOTIF chr14:24630481-24630506

letter-probability matrix: alength= 4 w= 25
	0.0	1.0	0.0	0.0
	0.0	0.14	0.0	0.86
	0.0	1.0	0.0	0.0
	0.0	0.0	0.14	0.86
	0.0	0.0	1.0	0.0
	0.0	0.28	0.0	0.72
	0.0	0.25	0.0	0.75
	0.21	0.0	0.79	0.0
	0.0	1.0	0.0	0.0
	0.0	1.0	0.0	0.0
	0.0	1.0	0.0	0.0
	1.0	0.0	0.0	0.0
	0.04	0.24	0.71	0.0
	0.14	0.14	0.72	0.0
	0.0	1.0	0.0	0.0
	0.0	0.08	0.0	0.92
	0.0	0.0	1.0	0.0
	0.0	0.0	1.0	0.0
	1.0	0.0	0.0	0.0
	0.0	0.0	1.0	0.0
	0.0	0.0	0.14	0.86
	0.0	0.0	1.0	0.0
	0.0	1.0	0.0	0.0
	0.86	0.0	0.0	0.14
	0.0	0.0	1.0	0.0

MEME version 4

ALPHABET= ACGT

MOTIF chr20:43124742-43124752

letter-probability matrix: alength= 4 w= 10
	0.5	0.0	0.36	0.14
	0.0	0.0	1.0	0.0
	0.08	0.68	0.24	0.0
	0.0	0.93	0.0	0.07
	0.03	0.0	0.27	0.7
	0.07	0.0	0.93	0.0
	0.0	0.0	1.0	0.0
	0.0	0.01	0.99	0.0
	0.08	0.85	0.0	0.07
	0.27	0.15	0.45	0.13

MEME version 4

ALPHABET= ACGT

MOTIF chr20:43165604-43165629

letter-probability matrix: alength= 4 w= 25
	0.0	1.0	0.0	0.0
	0.0	0.14	0.0	0.86
	0.0	1.0	0.0	0.0
	0.0	0.0	0.14	0.86
	0.0	0.0	1.0	0.0
	0.0	0.28	0.0	0.72
	0.0	0.25	0.0	0.75
	0.21	0.0	0.79	0.0
	0.0	1.0	0.0	0.0
	0.0	1.0	0.0	0.0
	0.0	1.0	0.0	0.0
	1.0	0.0	0.0	0.0
	0.04	0.24	0.71	0.0
	0.14	0.14	0.72	0.0
	0.0	1.0	0.0	0.0
	0.0	0.08	0.0	0.92
	0.0	0.0	1.0	0.0
	0.0	0.0	1.0	0.0
	1.0	0.0	0.0	0.0
	0.0	0.0	1.0	0.0
	0.0	0.0	0.14	0.86
	0.0	0.0	1.0	0.0
	0.0	1.0	0.0	0.0
	0.86	0.0	0.0	0.14
	0.0	0.0	1.0	0.0

MEME version 4

ALPHABET= ACGT

MOTIF chr10:115677883-115677893

letter-probability matrix: alength= 4 w= 10
	0.5	0.0	0.36	0.14
	0.0	0.0	1.0	0.0
	0.08	0.68	0.24	0.0
	0.0	0.93	0.0	0.07
	0.03	0.0	0.27	0.7
	0.07	0.0	0.93	0.0
	0.0	0.0	1.0	0.0
	0.0	0.01	0.99	0.0
	0.08	0.85	0.0	0.07
	0.27	0.15	0.45	0.13

MEME version 4

ALPHABET= ACGT

MOTIF chr10:115627781-115627806

letter-probability matrix: alength= 4 w= 25
	0.0	1.0	0.0	0.0
	0.0	0.14	0.0	0.86
	0.0	1.0	0.0	0.0
	0.0	0.0	0.14	0.86
	0.0	0.0	1.0	0.0
	0.0	0.28	0.0	0.72
	0.0	0.25	0.0	0.75
	0.21	0.0	0.79	0.0
	0.0	1.0	0.0	0.0
	0.0	1.0	0.0	0.0
	0.0	1.0	0.0	0.0
	1.0	0.0	0.0	0.0
	0.04	0.24	0.71	0.0
	0.14	0.14	0.72	0.0
	0.0	1.0	0.0	0.0
	0.0	0.08	0.0	0.92
	0.0	0.0	1.0	0.0
	0.0	0.0	1.0	0.0
	1.0	0.0	0.0	0.0
	0.0	0.0	1.0	0.0
	0.0	0.0	0.14	0.86
	0.0	0.0	1.0	0.0
	0.0	1.0	0.0	0.0
	0.86	0.0	0.0	0.14
	0.0	0.0	1.0	0.0

MEME version 4

ALPHABET= ACGT

MOTIF chr5:148749768-148749778

letter-probability matrix: alength= 4 w= 10
	0.5	0.0	0.36	0.14
	0.0	0.0	1.0	0.0
	0.08	0.68	0.24	0.0
	0.0	0.93	0.0	0.07
	0.03	0.0	0.27	0.7
	0.07	0.0	0.93	0.0
	0.0	0.0	1.0	0.0
	0.0	0.01	0.99	0.0
	0.08	0.85	0.0	0.07
	0.27	0.15	0.45	0.13

MEME version 4

ALPHABET= ACGT

MOTIF chr5:148724262-148724287

letter-probability matrix: alength= 4 w= 25
	0.0	1.0	0.0	0.0
	0.0	0.14	0.0	0.86
	0.0	1.0	0.0	0.0
	0.0	0.0	0.14	0.86
	0.0	0.0	1.0	0.0
	0.0	0.28	0.0	0.72
	0.0	0.25	0.0	0.75
	0.21	0.0	0.79	0.0
	0.0	1.0	0.0	0.0
	0.0	1.0	0.0	0.0
	0.0	1.0	0.0	0.0
	1.0	0.0	0.0	0.0
	0.04	0.24	0.71	0.0
	0.14	0.14	0.72	0.0
	0.0	1.0	0.0	0.0
	0.0	0.08	0.0	0.92
	0.0	0.0	1.0	0.0
	0.0	0.0	1.0	0.0
	1.0	0.0	0.0	0.0
	0.0	0.0	1.0	0.0
	0.0	0.0	0.14	0.86
	0.0	0.0	1.0	0.0
	0.0	1.0	0.0	0.0
	0.86	0.0	0.0	0.14
	0.0	0.0	1.0	0.0

MEME version 4

ALPHABET= ACGT

MOTIF chr13:31710028-31710038

letter-probability matrix: alength= 4 w= 10
	0.5	0.0	0.36	0.14
	0.0	0.0	1.0	0.0
	0.08	0.68	0.24	0.0
	0.0	0.93	0.0	0.07
	0.03	0.0	0.27	0.7
	0.07	0.0	0.93	0.0
	0.0	0.0	1.0	0.0
	0.0	0.01	0.99	0.0
	0.08	0.85	0.0	0.07
	0.27	0.15	0.45	0.13

MEME version 4

ALPHABET= ACGT

MOTIF chr13:31753620-31753645

letter-probability matrix: alength= 4 w= 25
	0.0	1.0	0.0	0.0
	0.0	0.14	0.0	0.86
	0.0	1.0	0.0	0.0
	0.0	0.0	0.14	0.86
	0.0	0.0	1.0	0.0
	0.0	0.28	0.0	0.72
	0.0	0.25	0.0	0.75
	0.21	0.0	0.79	0.0
	0.0	1.0	0.0	0.0
	0.0	1.0	0.0	0.0
	0.0	1.0	0.0	0.0
	1.0	0.0	0.0	0.0
	0.04	0.24	0.71	0.0
	0.14	0.14	0.72	0.0
	0.0	1.0	0.0	0.0
	0.0	0.08	0.0	0.92
	0.0	0.0	1.0	0.0
	0.0	0.0	1.0	0.0
	1.0	0.0	0.0	0.0
	0.0	0.0	1.0	0.0
	0.0	0.0	0.14	0.86
	0.0	0.0	1.0	0.0
	0.0	1.0	0.0	0.0
	0.86	0.0	0.0	0.14
	0.0	0.0	1.0	0.0

MEME version 4

ALPHABET= ACGT

MOTIF chr1:247613500-247613510

letter-probability matrix: alength= 4 w= 10
	0.5	0.0	0.36	0.14
	0.0	0.0	1.0	0.0
	0.08	0.68	0.24	0.0
	0.0	0.93	0.0	0.07
	0.03	0.0	0.27	0.7
	0.07	0.0	0.93	0.0
	0.0	0.0	1.0	0.0
	0.0	0.01	0.99	0.0
	0.08	0.85	0.0	0.07
	0.27	0.15	0.45	0.13

MEME version 4

ALPHABET= ACGT

MOTIF chr1:247633105-247633130

letter-probability matrix: alength= 4 w= 25
	0.0	1.0	0.0	0.0
	0.0	0.14	0.0	0.86
	0.0	1.0	0.0	0.0
	0.0	0.0	0.14	0.86
	0.0	0.0	1.0	0.0
	0.0	0.28	0.0	0.72
	0.0	0.25	0.0	0.75
	0.21	0.0	0.79	0.0
	0.0	1.0	0.0	0.0
	0.0	1.0	0.0	0.0
	0.0	1.0	0.0	0.0
	1.0	0.0	0.0	0.0
	0.04	0.24	0.71	0.0
	0.14	0.14	0.72	0.0
	0.0	1.0	0.0	0.0
	0.0	0.08	0.0	0.92
	0.0	0.0	1.0	0.0
	0.0	0.0	1.0	0.0
	1.0	0.0	0.0	0.0
	0.0	0.0	1.0	0.0
	0.0	0.0	0.14	0.86
	0.0	0.0	1.0	0.0
	0.0	1.0	0.0	0.0
	0.86	0.0	0.0	0.14
	0.0	0.0	1.0	0.0

MEME version 4

ALPHABET= ACGT

MOTIF chr18:21535848-21535858

letter-probability matrix: alength= 4 w= 10
	0.5	0.0	0.36	0.14
	0.0	0.0	1.0	0.0
	0.08	0.68	0.24	0.0
	0.0	0.93	0.0	0.07
	0.03	0.0	0.27	0.7
	0.07	0.0	0.93	0.0
	0.0	0.0	1.0	0.0
	0.0	0.01	0.99	0.0
	0.08	0.85	0.0	0.07
	0.27	0.15	0.45	0.13

MEME version 4

ALPHABET= ACGT

MOTIF chr18:21279110-21279135

letter-probability matrix: alength= 4 w= 25
	0.0	1.0	0.0	0.0
	0.0	0.14	0.0	0.86
	0.0	1.0	0.0	0.0
	0.0	0.0	0.14	0.86
	0.0	0.0	1.0	0.0
	0.0	0.28	0.0	0.72
	0.0	0.25	0.0	0.75
	0.21	0.0	0.79	0.0
	0.0	1.0	0.0	0.0
	0.0	1.0	0.0	0.0
	0.0	1.0	0.0	0.0
	1.0	0.0	0.0	0.0
	0.04	0.24	0.71	0.0
	0.14	0.14	0.72	0.0
	0.0	1.0	0.0	0.0
	0.0	0.08	0.0	0.92
	0.0	0.0	1.0	0.0
	0.0	0.0	1.0	0.0
	1.0	0.0	0.0	0.0
	0.0	0.0	1.0	0.0
	0.0	0.0	0.14	0.86
	0.0	0.0	1.0	0.0
	0.0	1.0	0.0	0.0
	0.86	0.0	0.0	0.14
	0.0	0.0	1.0	0.0

MEME version 4

ALPHABET= ACGT

MOTIF chr12:122359747-122359757

letter-probability matrix: alength= 4 w= 10
	0.5	0.0	0.36	0.14
	0.0	0.0	1.0	0.0
	0.08	0.68	0.24	0.0
	0.0	0.93	0.0	0.07
	0.03	0.0	0.27	0.7
	0.07	0.0	0.93	0.0
	0.0	0.0	1.0	0.0
	0.0	0.01	0.99	0.0
	0.08	0.85	0.0	0.07
	0.27	0.15	0.45	0.13

MEME version 4

ALPHABET= ACGT

MOTIF chr12:122319275-122319300

letter-probability matrix: alength= 4 w= 25
	0.0	1.0	0.0	0.0
	0.0	0.14	0.0	0.86
	0.0	1.0	0.0	0.0
	0.0	0.0	0.14	0.86
	0.0	0.0	1.0	0.0
	0.0	0.28	0.0	0.72
	0.0	0.25	0.0	0.75
	0.21	0.0	0.79	0.0
	0.0	1.0	0.0	0.0
	0.0	1.0	0.0	0.0
	0.0	1.0	0.0	0.0
	1.0	0.0	0.0	0.0
	0.04	0.24	0.71	0.0
	0.14	0.14	0.72	0.0
	0.0	1.0	0.0	0.0
	0.0	0.08	0.0	0.92
	0.0	0.0	1.0	0.0
	0.0	0.0	1.0	0.0
	1.0	0.0	0.0	0.0
	0.0	0.0	1.0	0.0
	0.0	0.0	0.14	0.86
	0.0	0.0	1.0	0.0
	0.0	1.0	0.0	0.0
	0.86	0.0	0.0	0.14
	0.0	0.0	1.0	0.0

MEME version 4

ALPHABET= ACGT

MOTIF chr1:38157987-38157997

letter-probability matrix: alength= 4 w= 10
	0.5	0.0	0.36	0.14
	0.0	0.0	1.0	0.0
	0.08	0.68	0.24	0.0
	0.0	0.93	0.0	0.07
	0.03	0.0	0.27	0.7
	0.07	0.0	0.93	0.0
	0.0	0.0	1.0	0.0
	0.0	0.01	0.99	0.0
	0.08	0.85	0.0	0.07
	0.27	0.15	0.45	0.13

MEME version 4

ALPHABET= ACGT

MOTIF chr1:38148594-38148619

letter-probability matrix: alength= 4 w= 25
	0.0	1.0	0.0	0.0
	0.0	0.14	0.0	0.86
	0.0	1.0	0.0	0.0
	0.0	0.0	0.14	0.86
	0.0	0.0	1.0	0.0
	0.0	0.28	0.0	0.72
	0.0	0.25	0.0	0.75
	0.21	0.0	0.79	0.0
	0.0	1.0	0.0	0.0
	0.0	1.0	0.0	0.0
	0.0	1.0	0.0	0.0
	1.0	0.0	0.0	0.0
	0.04	0.24	0.71	0.0
	0.14	0.14	0.72	0.0
	0.0	1.0	0.0	0.0
	0.0	0.08	0.0	0.92
	0.0	0.0	1.0	0.0
	0.0	0.0	1.0	0.0
	1.0	0.0	0.0	0.0
	0.0	0.0	1.0	0.0
	0.0	0.0	0.14	0.86
	0.0	0.0	1.0	0.0
	0.0	1.0	0.0	0.0
	0.86	0.0	0.0	0.14
	0.0	0.0	1.0	0.0

MEME version 4

ALPHABET= ACGT

MOTIF chr2:68694605-68694615

letter-probability matrix: alength= 4 w= 10
	0.5	0.0	0.36	0.14
	0.0	0.0	1.0	0.0
	0.08	0.68	0.24	0.0
	0.0	0.93	0.0	0.07
	0.03	0.0	0.27	0.7
	0.07	0.0	0.93	0.0
	0.0	0.0	1.0	0.0
	0.0	0.01	0.99	0.0
	0.08	0.85	0.0	0.07
	0.27	0.15	0.45	0.13

MEME version 4

ALPHABET= ACGT

MOTIF chr2:68709807-68709832

letter-probability matrix: alength= 4 w= 25
	0.0	1.0	0.0	0.0
	0.0	0.14	0.0	0.86
	0.0	1.0	0.0	0.0
	0.0	0.0	0.14	0.86
	0.0	0.0	1.0	0.0
	0.0	0.28	0.0	0.72
	0.0	0.25	0.0	0.75
	0.21	0.0	0.79	0.0
	0.0	1.0	0.0	0.0
	0.0	1.0	0.0	0.0
	0.0	1.0	0.0	0.0
	1.0	0.0	0.0	0.0
	0.04	0.24	0.71	0.0
	0.14	0.14	0.72	0.0
	0.0	1.0	0.0	0.0
	0.0	0.08	0.0	0.92
	0.0	0.0	1.0	0.0
	0.0	0.0	1.0	0.0
	1.0	0.0	0.0	0.0
	0.0	0.0	1.0	0.0
	0.0	0.0	0.14	0.86
	0.0	0.0	1.0	0.0
	0.0	1.0	0.0	0.0
	0.86	0.0	0.0	0.14
	0.0	0.0	1.0	0.0

MEME version 4

ALPHABET= ACGT

MOTIF chr15:64680072-64680082

letter-probability matrix: alength= 4 w= 10
	0.5	0.0	0.36	0.14
	0.0	0.0	1.0	0.0
	0.08	0.68	0.24	0.0
	0.0	0.93	0.0	0.07
	0.03	0.0	0.27	0.7
	0.07	0.0	0.93	0.0
	0.0	0.0	1.0	0.0
	0.0	0.01	0.99	0.0
	0.08	0.85	0.0	0.07
	0.27	0.15	0.45	0.13

MEME version 4

ALPHABET= ACGT

MOTIF chr15:64697387-64697412

letter-probability matrix: alength= 4 w= 25
	0.0	1.0	0.0	0.0
	0.0	0.14	0.0	0.86
	0.0	1.0	0.0	0.0
	0.0	0.0	0.14	0.86
	0.0	0.0	1.0	0.0
	0.0	0.28	0.0	0.72
	0.0	0.25	0.0	0.75
	0.21	0.0	0.79	0.0
	0.0	1.0	0.0	0.0
	0.0	1.0	0.0	0.0
	0.0	1.0	0.0	0.0
	1.0	0.0	0.0	0.0
	0.04	0.24	0.71	0.0
	0.14	0.14	0.72	0.0
	0.0	1.0	0.0	0.0
	0.0	0.08	0.0	0.92
	0.0	0.0	1.0	0.0
	0.0	0.0	1.0	0.0
	1.0	0.0	0.0	0.0
	0.0	0.0	1.0	0.0
	0.0	0.0	0.14	0.86
	0.0	0.0	1.0	0.0
	0.0	1.0	0.0	0.0
	0.86	0.0	0.0	0.14
	0.0	0.0	1.0	0.0

MEME version 4

ALPHABET= ACGT

MOTIF chr9:140031853-140031863

letter-probability matrix: alength= 4 w= 10
	0.5	0.0	0.36	0.14
	0.0	0.0	1.0	0.0
	0.08	0.68	0.24	0.0
	0.0	0.93	0.0	0.07
	0.03	0.0	0.27	0.7
	0.07	0.0	0.93	0.0
	0.0	0.0	1.0	0.0
	0.0	0.01	0.99	0.0
	0.08	0.85	0.0	0.07
	0.27	0.15	0.45	0.13

MEME version 4

ALPHABET= ACGT

MOTIF chr9:140026419-140026444

letter-probability matrix: alength= 4 w= 25
	0.0	1.0	0.0	0.0
	0.0	0.14	0.0	0.86
	0.0	1.0	0.0	0.0
	0.0	0.0	0.14	0.86
	0.0	0.0	1.0	0.0
	0.0	0.28	0.0	0.72
	0.0	0.25	0.0	0.75
	0.21	0.0	0.79	0.0
	0.0	1.0	0.0	0.0
	0.0	1.0	0.0	0.0
	0.0	1.0	0.0	0.0
	1.0	0.0	0.0	0.0
	0.04	0.24	0.71	0.0
	0.14	0.14	0.72	0.0
	0.0	1.0	0.0	0.0
	0.0	0.08	0.0	0.92
	0.0	0.0	1.0	0.0
	0.0	0.0	1.0	0.0
	1.0	0.0	0.0	0.0
	0.0	0.0	1.0	0.0
	0.0	0.0	0.14	0.86
	0.0	0.0	1.0	0.0
	0.0	1.0	0.0	0.0
	0.86	0.0	0.0	0.14
	0.0	0.0	1.0	0.0

MEME version 4

ALPHABET= ACGT

MOTIF chr16:28848857-28848867

letter-probability matrix: alength= 4 w= 10
	0.5	0.0	0.36	0.14
	0.0	0.0	1.0	0.0
	0.08	0.68	0.24	0.0
	0.0	0.93	0.0	0.07
	0.03	0.0	0.27	0.7
	0.07	0.0	0.93	0.0
	0.0	0.0	1.0	0.0
	0.0	0.01	0.99	0.0
	0.08	0.85	0.0	0.07
	0.27	0.15	0.45	0.13

MEME version 4

ALPHABET= ACGT

MOTIF chr16:28814451-28814476

letter-probability matrix: alength= 4 w= 25
	0.0	1.0	0.0	0.0
	0.0	0.14	0.0	0.86
	0.0	1.0	0.0	0.0
	0.0	0.0	0.14	0.86
	0.0	0.0	1.0	0.0
	0.0	0.28	0.0	0.72
	0.0	0.25	0.0	0.75
	0.21	0.0	0.79	0.0
	0.0	1.0	0.0	0.0
	0.0	1.0	0.0	0.0
	0.0	1.0	0.0	0.0
	1.0	0.0	0.0	0.0
	0.04	0.24	0.71	0.0
	0.14	0.14	0.72	0.0
	0.0	1.0	0.0	0.0
	0.0	0.08	0.0	0.92
	0.0	0.0	1.0	0.0
	0.0	0.0	1.0	0.0
	1.0	0.0	0.0	0.0
	0.0	0.0	1.0	0.0
	0.0	0.0	0.14	0.86
	0.0	0.0	1.0	0.0
	0.0	1.0	0.0	0.0
	0.86	0.0	0.0	0.14
	0.0	0.0	1.0	0.0

MEME version 4

ALPHABET= ACGT

MOTIF chr17:60006319-60006329

letter-probability matrix: alength= 4 w= 10
	0.5	0.0	0.36	0.14
	0.0	0.0	1.0	0.0
	0.08	0.68	0.24	0.0
	0.0	0.93	0.0	0.07
	0.03	0.0	0.27	0.7
	0.07	0.0	0.93	0.0
	0.0	0.0	1.0	0.0
	0.0	0.01	0.99	0.0
	0.08	0.85	0.0	0.07
	0.27	0.15	0.45	0.13

MEME version 4

ALPHABET= ACGT

MOTIF chr17:60018553-60018578

letter-probability matrix: alength= 4 w= 25
	0.0	1.0	0.0	0.0
	0.0	0.14	0.0	0.86
	0.0	1.0	0.0	0.0
	0.0	0.0	0.14	0.86
	0.0	0.0	1.0	0.0
	0.0	0.28	0.0	0.72
	0.0	0.25	0.0	0.75
	0.21	0.0	0.79	0.0
	0.0	1.0	0.0	0.0
	0.0	1.0	0.0	0.0
	0.0	1.0	0.0	0.0
	1.0	0.0	0.0	0.0
	0.04	0.24	0.71	0.0
	0.14	0.14	0.72	0.0
	0.0	1.0	0.0	0.0
	0.0	0.08	0.0	0.92
	0.0	0.0	1.0	0.0
	0.0	0.0	1.0	0.0
	1.0	0.0	0.0	0.0
	0.0	0.0	1.0	0.0
	0.0	0.0	0.14	0.86
	0.0	0.0	1.0	0.0
	0.0	1.0	0.0	0.0
	0.86	0.0	0.0	0.14
	0.0	0.0	1.0	0.0

MEME version 4

ALPHABET= ACGT

MOTIF chr12:110478068-110478078

letter-probability matrix: alength= 4 w= 10
	0.5	0.0	0.36	0.14
	0.0	0.0	1.0	0.0
	0.08	0.68	0.24	0.0
	0.0	0.93	0.0	0.07
	0.03	0.0	0.27	0.7
	0.07	0.0	0.93	0.0
	0.0	0.0	1.0	0.0
	0.0	0.01	0.99	0.0
	0.08	0.85	0.0	0.07
	0.27	0.15	0.45	0.13

MEME version 4

ALPHABET= ACGT

MOTIF chr12:110417114-110417139

letter-probability matrix: alength= 4 w= 25
	0.0	1.0	0.0	0.0
	0.0	0.14	0.0	0.86
	0.0	1.0	0.0	0.0
	0.0	0.0	0.14	0.86
	0.0	0.0	1.0	0.0
	0.0	0.28	0.0	0.72
	0.0	0.25	0.0	0.75
	0.21	0.0	0.79	0.0
	0.0	1.0	0.0	0.0
	0.0	1.0	0.0	0.0
	0.0	1.0	0.0	0.0
	1.0	0.0	0.0	0.0
	0.04	0.24	0.71	0.0
	0.14	0.14	0.72	0.0
	0.0	1.0	0.0	0.0
	0.0	0.08	0.0	0.92
	0.0	0.0	1.0	0.0
	0.0	0.0	1.0	0.0
	1.0	0.0	0.0	0.0
	0.0	0.0	1.0	0.0
	0.0	0.0	0.14	0.86
	0.0	0.0	1.0	0.0
	0.0	1.0	0.0	0.0
	0.86	0.0	0.0	0.14
	0.0	0.0	1.0	0.0

MEME version 4

ALPHABET= ACGT

MOTIF chr5:10250770-10250780

letter-probability matrix: alength= 4 w= 10
	0.5	0.0	0.36	0.14
	0.0	0.0	1.0	0.0
	0.08	0.68	0.24	0.0
	0.0	0.93	0.0	0.07
	0.03	0.0	0.27	0.7
	0.07	0.0	0.93	0.0
	0.0	0.0	1.0	0.0
	0.0	0.01	0.99	0.0
	0.08	0.85	0.0	0.07
	0.27	0.15	0.45	0.13

MEME version 4

ALPHABET= ACGT

MOTIF chr5:10277238-10277263

letter-probability matrix: alength= 4 w= 25
	0.0	1.0	0.0	0.0
	0.0	0.14	0.0	0.86
	0.0	1.0	0.0	0.0
	0.0	0.0	0.14	0.86
	0.0	0.0	1.0	0.0
	0.0	0.28	0.0	0.72
	0.0	0.25	0.0	0.75
	0.21	0.0	0.79	0.0
	0.0	1.0	0.0	0.0
	0.0	1.0	0.0	0.0
	0.0	1.0	0.0	0.0
	1.0	0.0	0.0	0.0
	0.04	0.24	0.71	0.0
	0.14	0.14	0.72	0.0
	0.0	1.0	0.0	0.0
	0.0	0.08	0.0	0.92
	0.0	0.0	1.0	0.0
	0.0	0.0	1.0	0.0
	1.0	0.0	0.0	0.0
	0.0	0.0	1.0	0.0
	0.0	0.0	0.14	0.86
	0.0	0.0	1.0	0.0
	0.0	1.0	0.0	0.0
	0.86	0.0	0.0	0.14
	0.0	0.0	1.0	0.0

MEME version 4

ALPHABET= ACGT

MOTIF chr9:79000302-79000312

letter-probability matrix: alength= 4 w= 10
	0.5	0.0	0.36	0.14
	0.0	0.0	1.0	0.0
	0.08	0.68	0.24	0.0
	0.0	0.93	0.0	0.07
	0.03	0.0	0.27	0.7
	0.07	0.0	0.93	0.0
	0.0	0.0	1.0	0.0
	0.0	0.01	0.99	0.0
	0.08	0.85	0.0	0.07
	0.27	0.15	0.45	0.13

MEME version 4

ALPHABET= ACGT

MOTIF chr9:79027732-79027757

letter-probability matrix: alength= 4 w= 25
	0.0	1.0	0.0	0.0
	0.0	0.14	0.0	0.86
	0.0	1.0	0.0	0.0
	0.0	0.0	0.14	0.86
	0.0	0.0	1.0	0.0
	0.0	0.28	0.0	0.72
	0.0	0.25	0.0	0.75
	0.21	0.0	0.79	0.0
	0.0	1.0	0.0	0.0
	0.0	1.0	0.0	0.0
	0.0	1.0	0.0	0.0
	1.0	0.0	0.0	0.0
	0.04	0.24	0.71	0.0
	0.14	0.14	0.72	0.0
	0.0	1.0	0.0	0.0
	0.0	0.08	0.0	0.92
	0.0	0.0	1.0	0.0
	0.0	0.0	1.0	0.0
	1.0	0.0	0.0	0.0
	0.0	0.0	1.0	0.0
	0.0	0.0	0.14	0.86
	0.0	0.0	1.0	0.0
	0.0	1.0	0.0	0.0
	0.86	0.0	0.0	0.14
	0.0	0.0	1.0	0.0

MEME version 4

ALPHABET= ACGT

MOTIF chr7:2421162-2421172

letter-probability matrix: alength= 4 w= 10
	0.5	0.0	0.36	0.14
	0.0	0.0	1.0	0.0
	0.08	0.68	0.24	0.0
	0.0	0.93	0.0	0.07
	0.03	0.0	0.27	0.7
	0.07	0.0	0.93	0.0
	0.0	0.0	1.0	0.0
	0.0	0.01	0.99	0.0
	0.08	0.85	0.0	0.07
	0.27	0.15	0.45	0.13

MEME version 4

ALPHABET= ACGT

MOTIF chr7:2370206-2370231

letter-probability matrix: alength= 4 w= 25
	0.0	1.0	0.0	0.0
	0.0	0.14	0.0	0.86
	0.0	1.0	0.0	0.0
	0.0	0.0	0.14	0.86
	0.0	0.0	1.0	0.0
	0.0	0.28	0.0	0.72
	0.0	0.25	0.0	0.75
	0.21	0.0	0.79	0.0
	0.0	1.0	0.0	0.0
	0.0	1.0	0.0	0.0
	0.0	1.0	0.0	0.0
	1.0	0.0	0.0	0.0
	0.04	0.24	0.71	0.0
	0.14	0.14	0.72	0.0
	0.0	1.0	0.0	0.0
	0.0	0.08	0.0	0.92
	0.0	0.0	1.0	0.0
	0.0	0.0	1.0	0.0
	1.0	0.0	0.0	0.0
	0.0	0.0	1.0	0.0
	0.0	0.0	0.14	0.86
	0.0	0.0	1.0	0.0
	0.0	1.0	0.0	0.0
	0.86	0.0	0.0	0.14
	0.0	0.0	1.0	0.0

MEME version 4

ALPHABET= ACGT

MOTIF chr6:26018053-26018063

letter-probability matrix: alength= 4 w= 10
	0.5	0.0	0.36	0.14
	0.0	0.0	1.0	0.0
	0.08	0.68	0.24	0.0
	0.0	0.93	0.0	0.07
	0.03	0.0	0.27	0.7
	0.07	0.0	0.93	0.0
	0.0	0.0	1.0	0.0
	0.0	0.01	0.99	0.0
	0.08	0.85	0.0	0.07
	0.27	0.15	0.45	0.13

MEME version 4

ALPHABET= ACGT

MOTIF chr6:26007722-26007747

letter-probability matrix: alength= 4 w= 25
	0.0	1.0	0.0	0.0
	0.0	0.14	0.0	0.86
	0.0	1.0	0.0	0.0
	0.0	0.0	0.14	0.86
	0.0	0.0	1.0	0.0
	0.0	0.28	0.0	0.72
	0.0	0.25	0.0	0.75
	0.21	0.0	0.79	0.0
	0.0	1.0	0.0	0.0
	0.0	1.0	0.0	0.0
	0.0	1.0	0.0	0.0
	1.0	0.0	0.0	0.0
	0.04	0.24	0.71	0.0
	0.14	0.14	0.72	0.0
	0.0	1.0	0.0	0.0
	0.0	0.08	0.0	0.92
	0.0	0.0	1.0	0.0
	0.0	0.0	1.0	0.0
	1.0	0.0	0.0	0.0
	0.0	0.0	1.0	0.0
	0.0	0.0	0.14	0.86
	0.0	0.0	1.0	0.0
	0.0	1.0	0.0	0.0
	0.86	0.0	0.0	0.14
	0.0	0.0	1.0	0.0

MEME version 4

ALPHABET= ACGT

MOTIF chr1:29137688-29137698

letter-probability matrix: alength= 4 w= 10
	0.5	0.0	0.36	0.14
	0.0	0.0	1.0	0.0
	0.08	0.68	0.24	0.0
	0.0	0.93	0.0	0.07
	0.03	0.0	0.27	0.7
	0.07	0.0	0.93	0.0
	0.0	0.0	1.0	0.0
	0.0	0.01	0.99	0.0
	0.08	0.85	0.0	0.07
	0.27	0.15	0.45	0.13

MEME version 4

ALPHABET= ACGT

MOTIF chr1:29102808-29102833

letter-probability matrix: alength= 4 w= 25
	0.0	1.0	0.0	0.0
	0.0	0.14	0.0	0.86
	0.0	1.0	0.0	0.0
	0.0	0.0	0.14	0.86
	0.0	0.0	1.0	0.0
	0.0	0.28	0.0	0.72
	0.0	0.25	0.0	0.75
	0.21	0.0	0.79	0.0
	0.0	1.0	0.0	0.0
	0.0	1.0	0.0	0.0
	0.0	1.0	0.0	0.0
	1.0	0.0	0.0	0.0
	0.04	0.24	0.71	0.0
	0.14	0.14	0.72	0.0
	0.0	1.0	0.0	0.0
	0.0	0.08	0.0	0.92
	0.0	0.0	1.0	0.0
	0.0	0.0	1.0	0.0
	1.0	0.0	0.0	0.0
	0.0	0.0	1.0	0.0
	0.0	0.0	0.14	0.86
	0.0	0.0	1.0	0.0
	0.0	1.0	0.0	0.0
	0.86	0.0	0.0	0.14
	0.0	0.0	1.0	0.0

MEME version 4

ALPHABET= ACGT

MOTIF chr15:75758947-75758957

letter-probability matrix: alength= 4 w= 10
	0.5	0.0	0.36	0.14
	0.0	0.0	1.0	0.0
	0.08	0.68	0.24	0.0
	0.0	0.93	0.0	0.07
	0.03	0.0	0.27	0.7
	0.07	0.0	0.93	0.0
	0.0	0.0	1.0	0.0
	0.0	0.01	0.99	0.0
	0.08	0.85	0.0	0.07
	0.27	0.15	0.45	0.13

MEME version 4

ALPHABET= ACGT

MOTIF chr15:75843730-75843755

letter-probability matrix: alength= 4 w= 25
	0.0	1.0	0.0	0.0
	0.0	0.14	0.0	0.86
	0.0	1.0	0.0	0.0
	0.0	0.0	0.14	0.86
	0.0	0.0	1.0	0.0
	0.0	0.28	0.0	0.72
	0.0	0.25	0.0	0.75
	0.21	0.0	0.79	0.0
	0.0	1.0	0.0	0.0
	0.0	1.0	0.0	0.0
	0.0	1.0	0.0	0.0
	1.0	0.0	0.0	0.0
	0.04	0.24	0.71	0.0
	0.14	0.14	0.72	0.0
	0.0	1.0	0.0	0.0
	0.0	0.08	0.0	0.92
	0.0	0.0	1.0	0.0
	0.0	0.0	1.0	0.0
	1.0	0.0	0.0	0.0
	0.0	0.0	1.0	0.0
	0.0	0.0	0.14	0.86
	0.0	0.0	1.0	0.0
	0.0	1.0	0.0	0.0
	0.86	0.0	0.0	0.14
	0.0	0.0	1.0	0.0

MEME version 4

ALPHABET= ACGT

MOTIF chr7:25165209-25165219

letter-probability matrix: alength= 4 w= 10
	0.5	0.0	0.36	0.14
	0.0	0.0	1.0	0.0
	0.08	0.68	0.24	0.0
	0.0	0.93	0.0	0.07
	0.03	0.0	0.27	0.7
	0.07	0.0	0.93	0.0
	0.0	0.0	1.0	0.0
	0.0	0.01	0.99	0.0
	0.08	0.85	0.0	0.07
	0.27	0.15	0.45	0.13

MEME version 4

ALPHABET= ACGT

MOTIF chr7:25113496-25113521

letter-probability matrix: alength= 4 w= 25
	0.0	1.0	0.0	0.0
	0.0	0.14	0.0	0.86
	0.0	1.0	0.0	0.0
	0.0	0.0	0.14	0.86
	0.0	0.0	1.0	0.0
	0.0	0.28	0.0	0.72
	0.0	0.25	0.0	0.75
	0.21	0.0	0.79	0.0
	0.0	1.0	0.0	0.0
	0.0	1.0	0.0	0.0
	0.0	1.0	0.0	0.0
	1.0	0.0	0.0	0.0
	0.04	0.24	0.71	0.0
	0.14	0.14	0.72	0.0
	0.0	1.0	0.0	0.0
	0.0	0.08	0.0	0.92
	0.0	0.0	1.0	0.0
	0.0	0.0	1.0	0.0
	1.0	0.0	0.0	0.0
	0.0	0.0	1.0	0.0
	0.0	0.0	0.14	0.86
	0.0	0.0	1.0	0.0
	0.0	1.0	0.0	0.0
	0.86	0.0	0.0	0.14
	0.0	0.0	1.0	0.0

MEME version 4

ALPHABET= ACGT

MOTIF chr22:21127183-21127193

letter-probability matrix: alength= 4 w= 10
	0.5	0.0	0.36	0.14
	0.0	0.0	1.0	0.0
	0.08	0.68	0.24	0.0
	0.0	0.93	0.0	0.07
	0.03	0.0	0.27	0.7
	0.07	0.0	0.93	0.0
	0.0	0.0	1.0	0.0
	0.0	0.01	0.99	0.0
	0.08	0.85	0.0	0.07
	0.27	0.15	0.45	0.13

MEME version 4

ALPHABET= ACGT

MOTIF chr22:21123626-21123651

letter-probability matrix: alength= 4 w= 25
	0.0	1.0	0.0	0.0
	0.0	0.14	0.0	0.86
	0.0	1.0	0.0	0.0
	0.0	0.0	0.14	0.86
	0.0	0.0	1.0	0.0
	0.0	0.28	0.0	0.72
	0.0	0.25	0.0	0.75
	0.21	0.0	0.79	0.0
	0.0	1.0	0.0	0.0
	0.0	1.0	0.0	0.0
	0.0	1.0	0.0	0.0
	1.0	0.0	0.0	0.0
	0.04	0.24	0.71	0.0
	0.14	0.14	0.72	0.0
	0.0	1.0	0.0	0.0
	0.0	0.08	0.0	0.92
	0.0	0.0	1.0	0.0
	0.0	0.0	1.0	0.0
	1.0	0.0	0.0	0.0
	0.0	0.0	1.0	0.0
	0.0	0.0	0.14	0.86
	0.0	0.0	1.0	0.0
	0.0	1.0	0.0	0.0
	0.86	0.0	0.0	0.14
	0.0	0.0	1.0	0.0

MEME version 4

ALPHABET= ACGT

MOTIF chr12:105500354-105500364

letter-probability matrix: alength= 4 w= 10
	0.5	0.0	0.36	0.14
	0.0	0.0	1.0	0.0
	0.08	0.68	0.24	0.0
	0.0	0.93	0.0	0.07
	0.03	0.0	0.27	0.7
	0.07	0.0	0.93	0.0
	0.0	0.0	1.0	0.0
	0.0	0.01	0.99	0.0
	0.08	0.85	0.0	0.07
	0.27	0.15	0.45	0.13

MEME version 4

ALPHABET= ACGT

MOTIF chr12:105494295-105494320

letter-probability matrix: alength= 4 w= 25
	0.0	1.0	0.0	0.0
	0.0	0.14	0.0	0.86
	0.0	1.0	0.0	0.0
	0.0	0.0	0.14	0.86
	0.0	0.0	1.0	0.0
	0.0	0.28	0.0	0.72
	0.0	0.25	0.0	0.75
	0.21	0.0	0.79	0.0
	0.0	1.0	0.0	0.0
	0.0	1.0	0.0	0.0
	0.0	1.0	0.0	0.0
	1.0	0.0	0.0	0.0
	0.04	0.24	0.71	0.0
	0.14	0.14	0.72	0.0
	0.0	1.0	0.0	0.0
	0.0	0.08	0.0	0.92
	0.0	0.0	1.0	0.0
	0.0	0.0	1.0	0.0
	1.0	0.0	0.0	0.0
	0.0	0.0	1.0	0.0
	0.0	0.0	0.14	0.86
	0.0	0.0	1.0	0.0
	0.0	1.0	0.0	0.0
	0.86	0.0	0.0	0.14
	0.0	0.0	1.0	0.0

MEME version 4

ALPHABET= ACGT

MOTIF chr8:74903398-74903408

letter-probability matrix: alength= 4 w= 10
	0.5	0.0	0.36	0.14
	0.0	0.0	1.0	0.0
	0.08	0.68	0.24	0.0
	0.0	0.93	0.0	0.07
	0.03	0.0	0.27	0.7
	0.07	0.0	0.93	0.0
	0.0	0.0	1.0	0.0
	0.0	0.01	0.99	0.0
	0.08	0.85	0.0	0.07
	0.27	0.15	0.45	0.13

MEME version 4

ALPHABET= ACGT

MOTIF chr8:74909225-74909250

letter-probability matrix: alength= 4 w= 25
	0.0	1.0	0.0	0.0
	0.0	0.14	0.0	0.86
	0.0	1.0	0.0	0.0
	0.0	0.0	0.14	0.86
	0.0	0.0	1.0	0.0
	0.0	0.28	0.0	0.72
	0.0	0.25	0.0	0.75
	0.21	0.0	0.79	0.0
	0.0	1.0	0.0	0.0
	0.0	1.0	0.0	0.0
	0.0	1.0	0.0	0.0
	1.0	0.0	0.0	0.0
	0.04	0.24	0.71	0.0
	0.14	0.14	0.72	0.0
	0.0	1.0	0.0	0.0
	0.0	0.08	0.0	0.92
	0.0	0.0	1.0	0.0
	0.0	0.0	1.0	0.0
	1.0	0.0	0.0	0.0
	0.0	0.0	1.0	0.0
	0.0	0.0	0.14	0.86
	0.0	0.0	1.0	0.0
	0.0	1.0	0.0	0.0
	0.86	0.0	0.0	0.14
	0.0	0.0	1.0	0.0

MEME version 4

ALPHABET= ACGT

MOTIF chr5:148737410-148737420

letter-probability matrix: alength= 4 w= 10
	0.5	0.0	0.36	0.14
	0.0	0.0	1.0	0.0
	0.08	0.68	0.24	0.0
	0.0	0.93	0.0	0.07
	0.03	0.0	0.27	0.7
	0.07	0.0	0.93	0.0
	0.0	0.0	1.0	0.0
	0.0	0.01	0.99	0.0
	0.08	0.85	0.0	0.07
	0.27	0.15	0.45	0.13

MEME version 4

ALPHABET= ACGT

MOTIF chr5:148724262-148724287

letter-probability matrix: alength= 4 w= 25
	0.0	1.0	0.0	0.0
	0.0	0.14	0.0	0.86
	0.0	1.0	0.0	0.0
	0.0	0.0	0.14	0.86
	0.0	0.0	1.0	0.0
	0.0	0.28	0.0	0.72
	0.0	0.25	0.0	0.75
	0.21	0.0	0.79	0.0
	0.0	1.0	0.0	0.0
	0.0	1.0	0.0	0.0
	0.0	1.0	0.0	0.0
	1.0	0.0	0.0	0.0
	0.04	0.24	0.71	0.0
	0.14	0.14	0.72	0.0
	0.0	1.0	0.0	0.0
	0.0	0.08	0.0	0.92
	0.0	0.0	1.0	0.0
	0.0	0.0	1.0	0.0
	1.0	0.0	0.0	0.0
	0.0	0.0	1.0	0.0
	0.0	0.0	0.14	0.86
	0.0	0.0	1.0	0.0
	0.0	1.0	0.0	0.0
	0.86	0.0	0.0	0.14
	0.0	0.0	1.0	0.0

MEME version 4

ALPHABET= ACGT

MOTIF chr19:17420302-17420312

letter-probability matrix: alength= 4 w= 10
	0.5	0.0	0.36	0.14
	0.0	0.0	1.0	0.0
	0.08	0.68	0.24	0.0
	0.0	0.93	0.0	0.07
	0.03	0.0	0.27	0.7
	0.07	0.0	0.93	0.0
	0.0	0.0	1.0	0.0
	0.0	0.01	0.99	0.0
	0.08	0.85	0.0	0.07
	0.27	0.15	0.45	0.13

MEME version 4

ALPHABET= ACGT

MOTIF chr19:17443089-17443114

letter-probability matrix: alength= 4 w= 25
	0.0	1.0	0.0	0.0
	0.0	0.14	0.0	0.86
	0.0	1.0	0.0	0.0
	0.0	0.0	0.14	0.86
	0.0	0.0	1.0	0.0
	0.0	0.28	0.0	0.72
	0.0	0.25	0.0	0.75
	0.21	0.0	0.79	0.0
	0.0	1.0	0.0	0.0
	0.0	1.0	0.0	0.0
	0.0	1.0	0.0	0.0
	1.0	0.0	0.0	0.0
	0.04	0.24	0.71	0.0
	0.14	0.14	0.72	0.0
	0.0	1.0	0.0	0.0
	0.0	0.08	0.0	0.92
	0.0	0.0	1.0	0.0
	0.0	0.0	1.0	0.0
	1.0	0.0	0.0	0.0
	0.0	0.0	1.0	0.0
	0.0	0.0	0.14	0.86
	0.0	0.0	1.0	0.0
	0.0	1.0	0.0	0.0
	0.86	0.0	0.0	0.14
	0.0	0.0	1.0	0.0

MEME version 4

ALPHABET= ACGT

MOTIF chr12:133263292-133263302

letter-probability matrix: alength= 4 w= 10
	0.5	0.0	0.36	0.14
	0.0	0.0	1.0	0.0
	0.08	0.68	0.24	0.0
	0.0	0.93	0.0	0.07
	0.03	0.0	0.27	0.7
	0.07	0.0	0.93	0.0
	0.0	0.0	1.0	0.0
	0.0	0.01	0.99	0.0
	0.08	0.85	0.0	0.07
	0.27	0.15	0.45	0.13

MEME version 4

ALPHABET= ACGT

MOTIF chr12:133218209-133218234

letter-probability matrix: alength= 4 w= 25
	0.0	1.0	0.0	0.0
	0.0	0.14	0.0	0.86
	0.0	1.0	0.0	0.0
	0.0	0.0	0.14	0.86
	0.0	0.0	1.0	0.0
	0.0	0.28	0.0	0.72
	0.0	0.25	0.0	0.75
	0.21	0.0	0.79	0.0
	0.0	1.0	0.0	0.0
	0.0	1.0	0.0	0.0
	0.0	1.0	0.0	0.0
	1.0	0.0	0.0	0.0
	0.04	0.24	0.71	0.0
	0.14	0.14	0.72	0.0
	0.0	1.0	0.0	0.0
	0.0	0.08	0.0	0.92
	0.0	0.0	1.0	0.0
	0.0	0.0	1.0	0.0
	1.0	0.0	0.0	0.0
	0.0	0.0	1.0	0.0
	0.0	0.0	0.14	0.86
	0.0	0.0	1.0	0.0
	0.0	1.0	0.0	0.0
	0.86	0.0	0.0	0.14
	0.0	0.0	1.0	0.0

MEME version 4

ALPHABET= ACGT

MOTIF chr5:10225609-10225619

letter-probability matrix: alength= 4 w= 10
	0.5	0.0	0.36	0.14
	0.0	0.0	1.0	0.0
	0.08	0.68	0.24	0.0
	0.0	0.93	0.0	0.07
	0.03	0.0	0.27	0.7
	0.07	0.0	0.93	0.0
	0.0	0.0	1.0	0.0
	0.0	0.01	0.99	0.0
	0.08	0.85	0.0	0.07
	0.27	0.15	0.45	0.13

MEME version 4

ALPHABET= ACGT

MOTIF chr5:10277238-10277263

letter-probability matrix: alength= 4 w= 25
	0.0	1.0	0.0	0.0
	0.0	0.14	0.0	0.86
	0.0	1.0	0.0	0.0
	0.0	0.0	0.14	0.86
	0.0	0.0	1.0	0.0
	0.0	0.28	0.0	0.72
	0.0	0.25	0.0	0.75
	0.21	0.0	0.79	0.0
	0.0	1.0	0.0	0.0
	0.0	1.0	0.0	0.0
	0.0	1.0	0.0	0.0
	1.0	0.0	0.0	0.0
	0.04	0.24	0.71	0.0
	0.14	0.14	0.72	0.0
	0.0	1.0	0.0	0.0
	0.0	0.08	0.0	0.92
	0.0	0.0	1.0	0.0
	0.0	0.0	1.0	0.0
	1.0	0.0	0.0	0.0
	0.0	0.0	1.0	0.0
	0.0	0.0	0.14	0.86
	0.0	0.0	1.0	0.0
	0.0	1.0	0.0	0.0
	0.86	0.0	0.0	0.14
	0.0	0.0	1.0	0.0

MEME version 4

ALPHABET= ACGT

MOTIF chr19:12786046-12786056

letter-probability matrix: alength= 4 w= 10
	0.5	0.0	0.36	0.14
	0.0	0.0	1.0	0.0
	0.08	0.68	0.24	0.0
	0.0	0.93	0.0	0.07
	0.03	0.0	0.27	0.7
	0.07	0.0	0.93	0.0
	0.0	0.0	1.0	0.0
	0.0	0.01	0.99	0.0
	0.08	0.85	0.0	0.07
	0.27	0.15	0.45	0.13

MEME version 4

ALPHABET= ACGT

MOTIF chr19:12801669-12801694

letter-probability matrix: alength= 4 w= 25
	0.0	1.0	0.0	0.0
	0.0	0.14	0.0	0.86
	0.0	1.0	0.0	0.0
	0.0	0.0	0.14	0.86
	0.0	0.0	1.0	0.0
	0.0	0.28	0.0	0.72
	0.0	0.25	0.0	0.75
	0.21	0.0	0.79	0.0
	0.0	1.0	0.0	0.0
	0.0	1.0	0.0	0.0
	0.0	1.0	0.0	0.0
	1.0	0.0	0.0	0.0
	0.04	0.24	0.71	0.0
	0.14	0.14	0.72	0.0
	0.0	1.0	0.0	0.0
	0.0	0.08	0.0	0.92
	0.0	0.0	1.0	0.0
	0.0	0.0	1.0	0.0
	1.0	0.0	0.0	0.0
	0.0	0.0	1.0	0.0
	0.0	0.0	0.14	0.86
	0.0	0.0	1.0	0.0
	0.0	1.0	0.0	0.0
	0.86	0.0	0.0	0.14
	0.0	0.0	1.0	0.0

MEME version 4

ALPHABET= ACGT

MOTIF chr4:74864682-74864692

letter-probability matrix: alength= 4 w= 10
	0.5	0.0	0.36	0.14
	0.0	0.0	1.0	0.0
	0.08	0.68	0.24	0.0
	0.0	0.93	0.0	0.07
	0.03	0.0	0.27	0.7
	0.07	0.0	0.93	0.0
	0.0	0.0	1.0	0.0
	0.0	0.01	0.99	0.0
	0.08	0.85	0.0	0.07
	0.27	0.15	0.45	0.13

MEME version 4

ALPHABET= ACGT

MOTIF chr4:74853611-74853636

letter-probability matrix: alength= 4 w= 25
	0.0	1.0	0.0	0.0
	0.0	0.14	0.0	0.86
	0.0	1.0	0.0	0.0
	0.0	0.0	0.14	0.86
	0.0	0.0	1.0	0.0
	0.0	0.28	0.0	0.72
	0.0	0.25	0.0	0.75
	0.21	0.0	0.79	0.0
	0.0	1.0	0.0	0.0
	0.0	1.0	0.0	0.0
	0.0	1.0	0.0	0.0
	1.0	0.0	0.0	0.0
	0.04	0.24	0.71	0.0
	0.14	0.14	0.72	0.0
	0.0	1.0	0.0	0.0
	0.0	0.08	0.0	0.92
	0.0	0.0	1.0	0.0
	0.0	0.0	1.0	0.0
	1.0	0.0	0.0	0.0
	0.0	0.0	1.0	0.0
	0.0	0.0	0.14	0.86
	0.0	0.0	1.0	0.0
	0.0	1.0	0.0	0.0
	0.86	0.0	0.0	0.14
	0.0	0.0	1.0	0.0

MEME version 4

ALPHABET= ACGT

MOTIF chr12:82873584-82873594

letter-probability matrix: alength= 4 w= 10
	0.5	0.0	0.36	0.14
	0.0	0.0	1.0	0.0
	0.08	0.68	0.24	0.0
	0.0	0.93	0.0	0.07
	0.03	0.0	0.27	0.7
	0.07	0.0	0.93	0.0
	0.0	0.0	1.0	0.0
	0.0	0.01	0.99	0.0
	0.08	0.85	0.0	0.07
	0.27	0.15	0.45	0.13

MEME version 4

ALPHABET= ACGT

MOTIF chr12:82744243-82744268

letter-probability matrix: alength= 4 w= 25
	0.0	1.0	0.0	0.0
	0.0	0.14	0.0	0.86
	0.0	1.0	0.0	0.0
	0.0	0.0	0.14	0.86
	0.0	0.0	1.0	0.0
	0.0	0.28	0.0	0.72
	0.0	0.25	0.0	0.75
	0.21	0.0	0.79	0.0
	0.0	1.0	0.0	0.0
	0.0	1.0	0.0	0.0
	0.0	1.0	0.0	0.0
	1.0	0.0	0.0	0.0
	0.04	0.24	0.71	0.0
	0.14	0.14	0.72	0.0
	0.0	1.0	0.0	0.0
	0.0	0.08	0.0	0.92
	0.0	0.0	1.0	0.0
	0.0	0.0	1.0	0.0
	1.0	0.0	0.0	0.0
	0.0	0.0	1.0	0.0
	0.0	0.0	0.14	0.86
	0.0	0.0	1.0	0.0
	0.0	1.0	0.0	0.0
	0.86	0.0	0.0	0.14
	0.0	0.0	1.0	0.0

MEME version 4

ALPHABET= ACGT

MOTIF chr2:135893867-135893877

letter-probability matrix: alength= 4 w= 10
	0.5	0.0	0.36	0.14
	0.0	0.0	1.0	0.0
	0.08	0.68	0.24	0.0
	0.0	0.93	0.0	0.07
	0.03	0.0	0.27	0.7
	0.07	0.0	0.93	0.0
	0.0	0.0	1.0	0.0
	0.0	0.01	0.99	0.0
	0.08	0.85	0.0	0.07
	0.27	0.15	0.45	0.13

MEME version 4

ALPHABET= ACGT

MOTIF chr2:136303925-136303950

letter-probability matrix: alength= 4 w= 25
	0.0	1.0	0.0	0.0
	0.0	0.14	0.0	0.86
	0.0	1.0	0.0	0.0
	0.0	0.0	0.14	0.86
	0.0	0.0	1.0	0.0
	0.0	0.28	0.0	0.72
	0.0	0.25	0.0	0.75
	0.21	0.0	0.79	0.0
	0.0	1.0	0.0	0.0
	0.0	1.0	0.0	0.0
	0.0	1.0	0.0	0.0
	1.0	0.0	0.0	0.0
	0.04	0.24	0.71	0.0
	0.14	0.14	0.72	0.0
	0.0	1.0	0.0	0.0
	0.0	0.08	0.0	0.92
	0.0	0.0	1.0	0.0
	0.0	0.0	1.0	0.0
	1.0	0.0	0.0	0.0
	0.0	0.0	1.0	0.0
	0.0	0.0	0.14	0.86
	0.0	0.0	1.0	0.0
	0.0	1.0	0.0	0.0
	0.86	0.0	0.0	0.14
	0.0	0.0	1.0	0.0

MEME version 4

ALPHABET= ACGT

MOTIF chr7:143012682-143012692

letter-probability matrix: alength= 4 w= 10
	0.5	0.0	0.36	0.14
	0.0	0.0	1.0	0.0
	0.08	0.68	0.24	0.0
	0.0	0.93	0.0	0.07
	0.03	0.0	0.27	0.7
	0.07	0.0	0.93	0.0
	0.0	0.0	1.0	0.0
	0.0	0.01	0.99	0.0
	0.08	0.85	0.0	0.07
	0.27	0.15	0.45	0.13

MEME version 4

ALPHABET= ACGT

MOTIF chr7:143004135-143004160

letter-probability matrix: alength= 4 w= 25
	0.0	1.0	0.0	0.0
	0.0	0.14	0.0	0.86
	0.0	1.0	0.0	0.0
	0.0	0.0	0.14	0.86
	0.0	0.0	1.0	0.0
	0.0	0.28	0.0	0.72
	0.0	0.25	0.0	0.75
	0.21	0.0	0.79	0.0
	0.0	1.0	0.0	0.0
	0.0	1.0	0.0	0.0
	0.0	1.0	0.0	0.0
	1.0	0.0	0.0	0.0
	0.04	0.24	0.71	0.0
	0.14	0.14	0.72	0.0
	0.0	1.0	0.0	0.0
	0.0	0.08	0.0	0.92
	0.0	0.0	1.0	0.0
	0.0	0.0	1.0	0.0
	1.0	0.0	0.0	0.0
	0.0	0.0	1.0	0.0
	0.0	0.0	0.14	0.86
	0.0	0.0	1.0	0.0
	0.0	1.0	0.0	0.0
	0.86	0.0	0.0	0.14
	0.0	0.0	1.0	0.0

MEME version 4

ALPHABET= ACGT

MOTIF chr2:136288898-136288908

letter-probability matrix: alength= 4 w= 10
	0.5	0.0	0.36	0.14
	0.0	0.0	1.0	0.0
	0.08	0.68	0.24	0.0
	0.0	0.93	0.0	0.07
	0.03	0.0	0.27	0.7
	0.07	0.0	0.93	0.0
	0.0	0.0	1.0	0.0
	0.0	0.01	0.99	0.0
	0.08	0.85	0.0	0.07
	0.27	0.15	0.45	0.13

MEME version 4

ALPHABET= ACGT

MOTIF chr2:136303925-136303950

letter-probability matrix: alength= 4 w= 25
	0.0	1.0	0.0	0.0
	0.0	0.14	0.0	0.86
	0.0	1.0	0.0	0.0
	0.0	0.0	0.14	0.86
	0.0	0.0	1.0	0.0
	0.0	0.28	0.0	0.72
	0.0	0.25	0.0	0.75
	0.21	0.0	0.79	0.0
	0.0	1.0	0.0	0.0
	0.0	1.0	0.0	0.0
	0.0	1.0	0.0	0.0
	1.0	0.0	0.0	0.0
	0.04	0.24	0.71	0.0
	0.14	0.14	0.72	0.0
	0.0	1.0	0.0	0.0
	0.0	0.08	0.0	0.92
	0.0	0.0	1.0	0.0
	0.0	0.0	1.0	0.0
	1.0	0.0	0.0	0.0
	0.0	0.0	1.0	0.0
	0.0	0.0	0.14	0.86
	0.0	0.0	1.0	0.0
	0.0	1.0	0.0	0.0
	0.86	0.0	0.0	0.14
	0.0	0.0	1.0	0.0

MEME version 4

ALPHABET= ACGT

MOTIF chr6:31551284-31551294

letter-probability matrix: alength= 4 w= 10
	0.5	0.0	0.36	0.14
	0.0	0.0	1.0	0.0
	0.08	0.68	0.24	0.0
	0.0	0.93	0.0	0.07
	0.03	0.0	0.27	0.7
	0.07	0.0	0.93	0.0
	0.0	0.0	1.0	0.0
	0.0	0.01	0.99	0.0
	0.08	0.85	0.0	0.07
	0.27	0.15	0.45	0.13

MEME version 4

ALPHABET= ACGT

MOTIF chr6:31567535-31567560

letter-probability matrix: alength= 4 w= 25
	0.0	1.0	0.0	0.0
	0.0	0.14	0.0	0.86
	0.0	1.0	0.0	0.0
	0.0	0.0	0.14	0.86
	0.0	0.0	1.0	0.0
	0.0	0.28	0.0	0.72
	0.0	0.25	0.0	0.75
	0.21	0.0	0.79	0.0
	0.0	1.0	0.0	0.0
	0.0	1.0	0.0	0.0
	0.0	1.0	0.0	0.0
	1.0	0.0	0.0	0.0
	0.04	0.24	0.71	0.0
	0.14	0.14	0.72	0.0
	0.0	1.0	0.0	0.0
	0.0	0.08	0.0	0.92
	0.0	0.0	1.0	0.0
	0.0	0.0	1.0	0.0
	1.0	0.0	0.0	0.0
	0.0	0.0	1.0	0.0
	0.0	0.0	0.14	0.86
	0.0	0.0	1.0	0.0
	0.0	1.0	0.0	0.0
	0.86	0.0	0.0	0.14
	0.0	0.0	1.0	0.0

MEME version 4

ALPHABET= ACGT

MOTIF chr22:50945903-50945913

letter-probability matrix: alength= 4 w= 10
	0.5	0.0	0.36	0.14
	0.0	0.0	1.0	0.0
	0.08	0.68	0.24	0.0
	0.0	0.93	0.0	0.07
	0.03	0.0	0.27	0.7
	0.07	0.0	0.93	0.0
	0.0	0.0	1.0	0.0
	0.0	0.01	0.99	0.0
	0.08	0.85	0.0	0.07
	0.27	0.15	0.45	0.13

MEME version 4

ALPHABET= ACGT

MOTIF chr22:50935969-50935994

letter-probability matrix: alength= 4 w= 25
	0.0	1.0	0.0	0.0
	0.0	0.14	0.0	0.86
	0.0	1.0	0.0	0.0
	0.0	0.0	0.14	0.86
	0.0	0.0	1.0	0.0
	0.0	0.28	0.0	0.72
	0.0	0.25	0.0	0.75
	0.21	0.0	0.79	0.0
	0.0	1.0	0.0	0.0
	0.0	1.0	0.0	0.0
	0.0	1.0	0.0	0.0
	1.0	0.0	0.0	0.0
	0.04	0.24	0.71	0.0
	0.14	0.14	0.72	0.0
	0.0	1.0	0.0	0.0
	0.0	0.08	0.0	0.92
	0.0	0.0	1.0	0.0
	0.0	0.0	1.0	0.0
	1.0	0.0	0.0	0.0
	0.0	0.0	1.0	0.0
	0.0	0.0	0.14	0.86
	0.0	0.0	1.0	0.0
	0.0	1.0	0.0	0.0
	0.86	0.0	0.0	0.14
	0.0	0.0	1.0	0.0

MEME version 4

ALPHABET= ACGT

MOTIF chr6:112407901-112407911

letter-probability matrix: alength= 4 w= 10
	0.5	0.0	0.36	0.14
	0.0	0.0	1.0	0.0
	0.08	0.68	0.24	0.0
	0.0	0.93	0.0	0.07
	0.03	0.0	0.27	0.7
	0.07	0.0	0.93	0.0
	0.0	0.0	1.0	0.0
	0.0	0.01	0.99	0.0
	0.08	0.85	0.0	0.07
	0.27	0.15	0.45	0.13

MEME version 4

ALPHABET= ACGT

MOTIF chr6:112438768-112438793

letter-probability matrix: alength= 4 w= 25
	0.0	1.0	0.0	0.0
	0.0	0.14	0.0	0.86
	0.0	1.0	0.0	0.0
	0.0	0.0	0.14	0.86
	0.0	0.0	1.0	0.0
	0.0	0.28	0.0	0.72
	0.0	0.25	0.0	0.75
	0.21	0.0	0.79	0.0
	0.0	1.0	0.0	0.0
	0.0	1.0	0.0	0.0
	0.0	1.0	0.0	0.0
	1.0	0.0	0.0	0.0
	0.04	0.24	0.71	0.0
	0.14	0.14	0.72	0.0
	0.0	1.0	0.0	0.0
	0.0	0.08	0.0	0.92
	0.0	0.0	1.0	0.0
	0.0	0.0	1.0	0.0
	1.0	0.0	0.0	0.0
	0.0	0.0	1.0	0.0
	0.0	0.0	0.14	0.86
	0.0	0.0	1.0	0.0
	0.0	1.0	0.0	0.0
	0.86	0.0	0.0	0.14
	0.0	0.0	1.0	0.0

MEME version 4

ALPHABET= ACGT

MOTIF chr16:28833721-28833731

letter-probability matrix: alength= 4 w= 10
	0.5	0.0	0.36	0.14
	0.0	0.0	1.0	0.0
	0.08	0.68	0.24	0.0
	0.0	0.93	0.0	0.07
	0.03	0.0	0.27	0.7
	0.07	0.0	0.93	0.0
	0.0	0.0	1.0	0.0
	0.0	0.01	0.99	0.0
	0.08	0.85	0.0	0.07
	0.27	0.15	0.45	0.13

MEME version 4

ALPHABET= ACGT

MOTIF chr16:28814451-28814476

letter-probability matrix: alength= 4 w= 25
	0.0	1.0	0.0	0.0
	0.0	0.14	0.0	0.86
	0.0	1.0	0.0	0.0
	0.0	0.0	0.14	0.86
	0.0	0.0	1.0	0.0
	0.0	0.28	0.0	0.72
	0.0	0.25	0.0	0.75
	0.21	0.0	0.79	0.0
	0.0	1.0	0.0	0.0
	0.0	1.0	0.0	0.0
	0.0	1.0	0.0	0.0
	1.0	0.0	0.0	0.0
	0.04	0.24	0.71	0.0
	0.14	0.14	0.72	0.0
	0.0	1.0	0.0	0.0
	0.0	0.08	0.0	0.92
	0.0	0.0	1.0	0.0
	0.0	0.0	1.0	0.0
	1.0	0.0	0.0	0.0
	0.0	0.0	1.0	0.0
	0.0	0.0	0.14	0.86
	0.0	0.0	1.0	0.0
	0.0	1.0	0.0	0.0
	0.86	0.0	0.0	0.14
	0.0	0.0	1.0	0.0

MEME version 4

ALPHABET= ACGT

MOTIF chr19:14163483-14163493

letter-probability matrix: alength= 4 w= 10
	0.5	0.0	0.36	0.14
	0.0	0.0	1.0	0.0
	0.08	0.68	0.24	0.0
	0.0	0.93	0.0	0.07
	0.03	0.0	0.27	0.7
	0.07	0.0	0.93	0.0
	0.0	0.0	1.0	0.0
	0.0	0.01	0.99	0.0
	0.08	0.85	0.0	0.07
	0.27	0.15	0.45	0.13

MEME version 4

ALPHABET= ACGT

MOTIF chr19:14177390-14177415

letter-probability matrix: alength= 4 w= 25
	0.0	1.0	0.0	0.0
	0.0	0.14	0.0	0.86
	0.0	1.0	0.0	0.0
	0.0	0.0	0.14	0.86
	0.0	0.0	1.0	0.0
	0.0	0.28	0.0	0.72
	0.0	0.25	0.0	0.75
	0.21	0.0	0.79	0.0
	0.0	1.0	0.0	0.0
	0.0	1.0	0.0	0.0
	0.0	1.0	0.0	0.0
	1.0	0.0	0.0	0.0
	0.04	0.24	0.71	0.0
	0.14	0.14	0.72	0.0
	0.0	1.0	0.0	0.0
	0.0	0.08	0.0	0.92
	0.0	0.0	1.0	0.0
	0.0	0.0	1.0	0.0
	1.0	0.0	0.0	0.0
	0.0	0.0	1.0	0.0
	0.0	0.0	0.14	0.86
	0.0	0.0	1.0	0.0
	0.0	1.0	0.0	0.0
	0.86	0.0	0.0	0.14
	0.0	0.0	1.0	0.0

MEME version 4

ALPHABET= ACGT

MOTIF chr16:4524436-4524446

letter-probability matrix: alength= 4 w= 10
	0.5	0.0	0.36	0.14
	0.0	0.0	1.0	0.0
	0.08	0.68	0.24	0.0
	0.0	0.93	0.0	0.07
	0.03	0.0	0.27	0.7
	0.07	0.0	0.93	0.0
	0.0	0.0	1.0	0.0
	0.0	0.01	0.99	0.0
	0.08	0.85	0.0	0.07
	0.27	0.15	0.45	0.13

MEME version 4

ALPHABET= ACGT

MOTIF chr16:4476952-4476977

letter-probability matrix: alength= 4 w= 25
	0.0	1.0	0.0	0.0
	0.0	0.14	0.0	0.86
	0.0	1.0	0.0	0.0
	0.0	0.0	0.14	0.86
	0.0	0.0	1.0	0.0
	0.0	0.28	0.0	0.72
	0.0	0.25	0.0	0.75
	0.21	0.0	0.79	0.0
	0.0	1.0	0.0	0.0
	0.0	1.0	0.0	0.0
	0.0	1.0	0.0	0.0
	1.0	0.0	0.0	0.0
	0.04	0.24	0.71	0.0
	0.14	0.14	0.72	0.0
	0.0	1.0	0.0	0.0
	0.0	0.08	0.0	0.92
	0.0	0.0	1.0	0.0
	0.0	0.0	1.0	0.0
	1.0	0.0	0.0	0.0
	0.0	0.0	1.0	0.0
	0.0	0.0	0.14	0.86
	0.0	0.0	1.0	0.0
	0.0	1.0	0.0	0.0
	0.86	0.0	0.0	0.14
	0.0	0.0	1.0	0.0

MEME version 4

ALPHABET= ACGT

MOTIF chr10:126480443-126480453

letter-probability matrix: alength= 4 w= 10
	0.5	0.0	0.36	0.14
	0.0	0.0	1.0	0.0
	0.08	0.68	0.24	0.0
	0.0	0.93	0.0	0.07
	0.03	0.0	0.27	0.7
	0.07	0.0	0.93	0.0
	0.0	0.0	1.0	0.0
	0.0	0.01	0.99	0.0
	0.08	0.85	0.0	0.07
	0.27	0.15	0.45	0.13

MEME version 4

ALPHABET= ACGT

MOTIF chr10:126503797-126503822

letter-probability matrix: alength= 4 w= 25
	0.0	1.0	0.0	0.0
	0.0	0.14	0.0	0.86
	0.0	1.0	0.0	0.0
	0.0	0.0	0.14	0.86
	0.0	0.0	1.0	0.0
	0.0	0.28	0.0	0.72
	0.0	0.25	0.0	0.75
	0.21	0.0	0.79	0.0
	0.0	1.0	0.0	0.0
	0.0	1.0	0.0	0.0
	0.0	1.0	0.0	0.0
	1.0	0.0	0.0	0.0
	0.04	0.24	0.71	0.0
	0.14	0.14	0.72	0.0
	0.0	1.0	0.0	0.0
	0.0	0.08	0.0	0.92
	0.0	0.0	1.0	0.0
	0.0	0.0	1.0	0.0
	1.0	0.0	0.0	0.0
	0.0	0.0	1.0	0.0
	0.0	0.0	0.14	0.86
	0.0	0.0	1.0	0.0
	0.0	1.0	0.0	0.0
	0.86	0.0	0.0	0.14
	0.0	0.0	1.0	0.0

MEME version 4

ALPHABET= ACGT

MOTIF chr17:79641112-79641122

letter-probability matrix: alength= 4 w= 10
	0.5	0.0	0.36	0.14
	0.0	0.0	1.0	0.0
	0.08	0.68	0.24	0.0
	0.0	0.93	0.0	0.07
	0.03	0.0	0.27	0.7
	0.07	0.0	0.93	0.0
	0.0	0.0	1.0	0.0
	0.0	0.01	0.99	0.0
	0.08	0.85	0.0	0.07
	0.27	0.15	0.45	0.13

MEME version 4

ALPHABET= ACGT

MOTIF chr17:79612512-79612537

letter-probability matrix: alength= 4 w= 25
	0.0	1.0	0.0	0.0
	0.0	0.14	0.0	0.86
	0.0	1.0	0.0	0.0
	0.0	0.0	0.14	0.86
	0.0	0.0	1.0	0.0
	0.0	0.28	0.0	0.72
	0.0	0.25	0.0	0.75
	0.21	0.0	0.79	0.0
	0.0	1.0	0.0	0.0
	0.0	1.0	0.0	0.0
	0.0	1.0	0.0	0.0
	1.0	0.0	0.0	0.0
	0.04	0.24	0.71	0.0
	0.14	0.14	0.72	0.0
	0.0	1.0	0.0	0.0
	0.0	0.08	0.0	0.92
	0.0	0.0	1.0	0.0
	0.0	0.0	1.0	0.0
	1.0	0.0	0.0	0.0
	0.0	0.0	1.0	0.0
	0.0	0.0	0.14	0.86
	0.0	0.0	1.0	0.0
	0.0	1.0	0.0	0.0
	0.86	0.0	0.0	0.14
	0.0	0.0	1.0	0.0

MEME version 4

ALPHABET= ACGT

MOTIF chr10:43905112-43905122

letter-probability matrix: alength= 4 w= 10
	0.5	0.0	0.36	0.14
	0.0	0.0	1.0	0.0
	0.08	0.68	0.24	0.0
	0.0	0.93	0.0	0.07
	0.03	0.0	0.27	0.7
	0.07	0.0	0.93	0.0
	0.0	0.0	1.0	0.0
	0.0	0.01	0.99	0.0
	0.08	0.85	0.0	0.07
	0.27	0.15	0.45	0.13

MEME version 4

ALPHABET= ACGT

MOTIF chr10:43908421-43908446

letter-probability matrix: alength= 4 w= 25
	0.0	1.0	0.0	0.0
	0.0	0.14	0.0	0.86
	0.0	1.0	0.0	0.0
	0.0	0.0	0.14	0.86
	0.0	0.0	1.0	0.0
	0.0	0.28	0.0	0.72
	0.0	0.25	0.0	0.75
	0.21	0.0	0.79	0.0
	0.0	1.0	0.0	0.0
	0.0	1.0	0.0	0.0
	0.0	1.0	0.0	0.0
	1.0	0.0	0.0	0.0
	0.04	0.24	0.71	0.0
	0.14	0.14	0.72	0.0
	0.0	1.0	0.0	0.0
	0.0	0.08	0.0	0.92
	0.0	0.0	1.0	0.0
	0.0	0.0	1.0	0.0
	1.0	0.0	0.0	0.0
	0.0	0.0	1.0	0.0
	0.0	0.0	0.14	0.86
	0.0	0.0	1.0	0.0
	0.0	1.0	0.0	0.0
	0.86	0.0	0.0	0.14
	0.0	0.0	1.0	0.0

MEME version 4

ALPHABET= ACGT

MOTIF chr22:42017132-42017142

letter-probability matrix: alength= 4 w= 10
	0.5	0.0	0.36	0.14
	0.0	0.0	1.0	0.0
	0.08	0.68	0.24	0.0
	0.0	0.93	0.0	0.07
	0.03	0.0	0.27	0.7
	0.07	0.0	0.93	0.0
	0.0	0.0	1.0	0.0
	0.0	0.01	0.99	0.0
	0.08	0.85	0.0	0.07
	0.27	0.15	0.45	0.13

MEME version 4

ALPHABET= ACGT

MOTIF chr22:42076732-42076757

letter-probability matrix: alength= 4 w= 25
	0.0	1.0	0.0	0.0
	0.0	0.14	0.0	0.86
	0.0	1.0	0.0	0.0
	0.0	0.0	0.14	0.86
	0.0	0.0	1.0	0.0
	0.0	0.28	0.0	0.72
	0.0	0.25	0.0	0.75
	0.21	0.0	0.79	0.0
	0.0	1.0	0.0	0.0
	0.0	1.0	0.0	0.0
	0.0	1.0	0.0	0.0
	1.0	0.0	0.0	0.0
	0.04	0.24	0.71	0.0
	0.14	0.14	0.72	0.0
	0.0	1.0	0.0	0.0
	0.0	0.08	0.0	0.92
	0.0	0.0	1.0	0.0
	0.0	0.0	1.0	0.0
	1.0	0.0	0.0	0.0
	0.0	0.0	1.0	0.0
	0.0	0.0	0.14	0.86
	0.0	0.0	1.0	0.0
	0.0	1.0	0.0	0.0
	0.86	0.0	0.0	0.14
	0.0	0.0	1.0	0.0

MEME version 4

ALPHABET= ACGT

MOTIF chr19:40853410-40853420

letter-probability matrix: alength= 4 w= 10
	0.5	0.0	0.36	0.14
	0.0	0.0	1.0	0.0
	0.08	0.68	0.24	0.0
	0.0	0.93	0.0	0.07
	0.03	0.0	0.27	0.7
	0.07	0.0	0.93	0.0
	0.0	0.0	1.0	0.0
	0.0	0.01	0.99	0.0
	0.08	0.85	0.0	0.07
	0.27	0.15	0.45	0.13

MEME version 4

ALPHABET= ACGT

MOTIF chr19:40878364-40878389

letter-probability matrix: alength= 4 w= 25
	0.0	1.0	0.0	0.0
	0.0	0.14	0.0	0.86
	0.0	1.0	0.0	0.0
	0.0	0.0	0.14	0.86
	0.0	0.0	1.0	0.0
	0.0	0.28	0.0	0.72
	0.0	0.25	0.0	0.75
	0.21	0.0	0.79	0.0
	0.0	1.0	0.0	0.0
	0.0	1.0	0.0	0.0
	0.0	1.0	0.0	0.0
	1.0	0.0	0.0	0.0
	0.04	0.24	0.71	0.0
	0.14	0.14	0.72	0.0
	0.0	1.0	0.0	0.0
	0.0	0.08	0.0	0.92
	0.0	0.0	1.0	0.0
	0.0	0.0	1.0	0.0
	1.0	0.0	0.0	0.0
	0.0	0.0	1.0	0.0
	0.0	0.0	0.14	0.86
	0.0	0.0	1.0	0.0
	0.0	1.0	0.0	0.0
	0.86	0.0	0.0	0.14
	0.0	0.0	1.0	0.0

MEME version 4

ALPHABET= ACGT

MOTIF chr14:24712387-24712397

letter-probability matrix: alength= 4 w= 10
	0.5	0.0	0.36	0.14
	0.0	0.0	1.0	0.0
	0.08	0.68	0.24	0.0
	0.0	0.93	0.0	0.07
	0.03	0.0	0.27	0.7
	0.07	0.0	0.93	0.0
	0.0	0.0	1.0	0.0
	0.0	0.01	0.99	0.0
	0.08	0.85	0.0	0.07
	0.27	0.15	0.45	0.13

MEME version 4

ALPHABET= ACGT

MOTIF chr14:24684022-24684047

letter-probability matrix: alength= 4 w= 25
	0.0	1.0	0.0	0.0
	0.0	0.14	0.0	0.86
	0.0	1.0	0.0	0.0
	0.0	0.0	0.14	0.86
	0.0	0.0	1.0	0.0
	0.0	0.28	0.0	0.72
	0.0	0.25	0.0	0.75
	0.21	0.0	0.79	0.0
	0.0	1.0	0.0	0.0
	0.0	1.0	0.0	0.0
	0.0	1.0	0.0	0.0
	1.0	0.0	0.0	0.0
	0.04	0.24	0.71	0.0
	0.14	0.14	0.72	0.0
	0.0	1.0	0.0	0.0
	0.0	0.08	0.0	0.92
	0.0	0.0	1.0	0.0
	0.0	0.0	1.0	0.0
	1.0	0.0	0.0	0.0
	0.0	0.0	1.0	0.0
	0.0	0.0	0.14	0.86
	0.0	0.0	1.0	0.0
	0.0	1.0	0.0	0.0
	0.86	0.0	0.0	0.14
	0.0	0.0	1.0	0.0

MEME version 4

ALPHABET= ACGT

MOTIF chr19:40887078-40887088

letter-probability matrix: alength= 4 w= 10
	0.5	0.0	0.36	0.14
	0.0	0.0	1.0	0.0
	0.08	0.68	0.24	0.0
	0.0	0.93	0.0	0.07
	0.03	0.0	0.27	0.7
	0.07	0.0	0.93	0.0
	0.0	0.0	1.0	0.0
	0.0	0.01	0.99	0.0
	0.08	0.85	0.0	0.07
	0.27	0.15	0.45	0.13

MEME version 4

ALPHABET= ACGT

MOTIF chr19:40881023-40881048

letter-probability matrix: alength= 4 w= 25
	0.0	1.0	0.0	0.0
	0.0	0.14	0.0	0.86
	0.0	1.0	0.0	0.0
	0.0	0.0	0.14	0.86
	0.0	0.0	1.0	0.0
	0.0	0.28	0.0	0.72
	0.0	0.25	0.0	0.75
	0.21	0.0	0.79	0.0
	0.0	1.0	0.0	0.0
	0.0	1.0	0.0	0.0
	0.0	1.0	0.0	0.0
	1.0	0.0	0.0	0.0
	0.04	0.24	0.71	0.0
	0.14	0.14	0.72	0.0
	0.0	1.0	0.0	0.0
	0.0	0.08	0.0	0.92
	0.0	0.0	1.0	0.0
	0.0	0.0	1.0	0.0
	1.0	0.0	0.0	0.0
	0.0	0.0	1.0	0.0
	0.0	0.0	0.14	0.86
	0.0	0.0	1.0	0.0
	0.0	1.0	0.0	0.0
	0.86	0.0	0.0	0.14
	0.0	0.0	1.0	0.0

MEME version 4

ALPHABET= ACGT

MOTIF chr4:108511256-108511266

letter-probability matrix: alength= 4 w= 10
	0.5	0.0	0.36	0.14
	0.0	0.0	1.0	0.0
	0.08	0.68	0.24	0.0
	0.0	0.93	0.0	0.07
	0.03	0.0	0.27	0.7
	0.07	0.0	0.93	0.0
	0.0	0.0	1.0	0.0
	0.0	0.01	0.99	0.0
	0.08	0.85	0.0	0.07
	0.27	0.15	0.45	0.13

MEME version 4

ALPHABET= ACGT

MOTIF chr4:108615256-108615281

letter-probability matrix: alength= 4 w= 25
	0.0	1.0	0.0	0.0
	0.0	0.14	0.0	0.86
	0.0	1.0	0.0	0.0
	0.0	0.0	0.14	0.86
	0.0	0.0	1.0	0.0
	0.0	0.28	0.0	0.72
	0.0	0.25	0.0	0.75
	0.21	0.0	0.79	0.0
	0.0	1.0	0.0	0.0
	0.0	1.0	0.0	0.0
	0.0	1.0	0.0	0.0
	1.0	0.0	0.0	0.0
	0.04	0.24	0.71	0.0
	0.14	0.14	0.72	0.0
	0.0	1.0	0.0	0.0
	0.0	0.08	0.0	0.92
	0.0	0.0	1.0	0.0
	0.0	0.0	1.0	0.0
	1.0	0.0	0.0	0.0
	0.0	0.0	1.0	0.0
	0.0	0.0	0.14	0.86
	0.0	0.0	1.0	0.0
	0.0	1.0	0.0	0.0
	0.86	0.0	0.0	0.14
	0.0	0.0	1.0	0.0

MEME version 4

ALPHABET= ACGT

MOTIF chr10:32296967-32296977

letter-probability matrix: alength= 4 w= 10
	0.5	0.0	0.36	0.14
	0.0	0.0	1.0	0.0
	0.08	0.68	0.24	0.0
	0.0	0.93	0.0	0.07
	0.03	0.0	0.27	0.7
	0.07	0.0	0.93	0.0
	0.0	0.0	1.0	0.0
	0.0	0.01	0.99	0.0
	0.08	0.85	0.0	0.07
	0.27	0.15	0.45	0.13

MEME version 4

ALPHABET= ACGT

MOTIF chr10:32355483-32355508

letter-probability matrix: alength= 4 w= 25
	0.0	1.0	0.0	0.0
	0.0	0.14	0.0	0.86
	0.0	1.0	0.0	0.0
	0.0	0.0	0.14	0.86
	0.0	0.0	1.0	0.0
	0.0	0.28	0.0	0.72
	0.0	0.25	0.0	0.75
	0.21	0.0	0.79	0.0
	0.0	1.0	0.0	0.0
	0.0	1.0	0.0	0.0
	0.0	1.0	0.0	0.0
	1.0	0.0	0.0	0.0
	0.04	0.24	0.71	0.0
	0.14	0.14	0.72	0.0
	0.0	1.0	0.0	0.0
	0.0	0.08	0.0	0.92
	0.0	0.0	1.0	0.0
	0.0	0.0	1.0	0.0
	1.0	0.0	0.0	0.0
	0.0	0.0	1.0	0.0
	0.0	0.0	0.14	0.86
	0.0	0.0	1.0	0.0
	0.0	1.0	0.0	0.0
	0.86	0.0	0.0	0.14
	0.0	0.0	1.0	0.0

MEME version 4

ALPHABET= ACGT

MOTIF chr22:50962239-50962249

letter-probability matrix: alength= 4 w= 10
	0.5	0.0	0.36	0.14
	0.0	0.0	1.0	0.0
	0.08	0.68	0.24	0.0
	0.0	0.93	0.0	0.07
	0.03	0.0	0.27	0.7
	0.07	0.0	0.93	0.0
	0.0	0.0	1.0	0.0
	0.0	0.01	0.99	0.0
	0.08	0.85	0.0	0.07
	0.27	0.15	0.45	0.13

MEME version 4

ALPHABET= ACGT

MOTIF chr22:50935969-50935994

letter-probability matrix: alength= 4 w= 25
	0.0	1.0	0.0	0.0
	0.0	0.14	0.0	0.86
	0.0	1.0	0.0	0.0
	0.0	0.0	0.14	0.86
	0.0	0.0	1.0	0.0
	0.0	0.28	0.0	0.72
	0.0	0.25	0.0	0.75
	0.21	0.0	0.79	0.0
	0.0	1.0	0.0	0.0
	0.0	1.0	0.0	0.0
	0.0	1.0	0.0	0.0
	1.0	0.0	0.0	0.0
	0.04	0.24	0.71	0.0
	0.14	0.14	0.72	0.0
	0.0	1.0	0.0	0.0
	0.0	0.08	0.0	0.92
	0.0	0.0	1.0	0.0
	0.0	0.0	1.0	0.0
	1.0	0.0	0.0	0.0
	0.0	0.0	1.0	0.0
	0.0	0.0	0.14	0.86
	0.0	0.0	1.0	0.0
	0.0	1.0	0.0	0.0
	0.86	0.0	0.0	0.14
	0.0	0.0	1.0	0.0

MEME version 4

ALPHABET= ACGT

MOTIF chr17:79633916-79633926

letter-probability matrix: alength= 4 w= 10
	0.5	0.0	0.36	0.14
	0.0	0.0	1.0	0.0
	0.08	0.68	0.24	0.0
	0.0	0.93	0.0	0.07
	0.03	0.0	0.27	0.7
	0.07	0.0	0.93	0.0
	0.0	0.0	1.0	0.0
	0.0	0.01	0.99	0.0
	0.08	0.85	0.0	0.07
	0.27	0.15	0.45	0.13

MEME version 4

ALPHABET= ACGT

MOTIF chr17:79612512-79612537

letter-probability matrix: alength= 4 w= 25
	0.0	1.0	0.0	0.0
	0.0	0.14	0.0	0.86
	0.0	1.0	0.0	0.0
	0.0	0.0	0.14	0.86
	0.0	0.0	1.0	0.0
	0.0	0.28	0.0	0.72
	0.0	0.25	0.0	0.75
	0.21	0.0	0.79	0.0
	0.0	1.0	0.0	0.0
	0.0	1.0	0.0	0.0
	0.0	1.0	0.0	0.0
	1.0	0.0	0.0	0.0
	0.04	0.24	0.71	0.0
	0.14	0.14	0.72	0.0
	0.0	1.0	0.0	0.0
	0.0	0.08	0.0	0.92
	0.0	0.0	1.0	0.0
	0.0	0.0	1.0	0.0
	1.0	0.0	0.0	0.0
	0.0	0.0	1.0	0.0
	0.0	0.0	0.14	0.86
	0.0	0.0	1.0	0.0
	0.0	1.0	0.0	0.0
	0.86	0.0	0.0	0.14
	0.0	0.0	1.0	0.0

MEME version 4

ALPHABET= ACGT

MOTIF chr20:30312204-30312214

letter-probability matrix: alength= 4 w= 10
	0.5	0.0	0.36	0.14
	0.0	0.0	1.0	0.0
	0.08	0.68	0.24	0.0
	0.0	0.93	0.0	0.07
	0.03	0.0	0.27	0.7
	0.07	0.0	0.93	0.0
	0.0	0.0	1.0	0.0
	0.0	0.01	0.99	0.0
	0.08	0.85	0.0	0.07
	0.27	0.15	0.45	0.13

MEME version 4

ALPHABET= ACGT

MOTIF chr20:30325886-30325911

letter-probability matrix: alength= 4 w= 25
	0.0	1.0	0.0	0.0
	0.0	0.14	0.0	0.86
	0.0	1.0	0.0	0.0
	0.0	0.0	0.14	0.86
	0.0	0.0	1.0	0.0
	0.0	0.28	0.0	0.72
	0.0	0.25	0.0	0.75
	0.21	0.0	0.79	0.0
	0.0	1.0	0.0	0.0
	0.0	1.0	0.0	0.0
	0.0	1.0	0.0	0.0
	1.0	0.0	0.0	0.0
	0.04	0.24	0.71	0.0
	0.14	0.14	0.72	0.0
	0.0	1.0	0.0	0.0
	0.0	0.08	0.0	0.92
	0.0	0.0	1.0	0.0
	0.0	0.0	1.0	0.0
	1.0	0.0	0.0	0.0
	0.0	0.0	1.0	0.0
	0.0	0.0	0.14	0.86
	0.0	0.0	1.0	0.0
	0.0	1.0	0.0	0.0
	0.86	0.0	0.0	0.14
	0.0	0.0	1.0	0.0

MEME version 4

ALPHABET= ACGT

MOTIF chr3:138372711-138372721

letter-probability matrix: alength= 4 w= 10
	0.5	0.0	0.36	0.14
	0.0	0.0	1.0	0.0
	0.08	0.68	0.24	0.0
	0.0	0.93	0.0	0.07
	0.03	0.0	0.27	0.7
	0.07	0.0	0.93	0.0
	0.0	0.0	1.0	0.0
	0.0	0.01	0.99	0.0
	0.08	0.85	0.0	0.07
	0.27	0.15	0.45	0.13

MEME version 4

ALPHABET= ACGT

MOTIF chr3:138534159-138534184

letter-probability matrix: alength= 4 w= 25
	0.0	1.0	0.0	0.0
	0.0	0.14	0.0	0.86
	0.0	1.0	0.0	0.0
	0.0	0.0	0.14	0.86
	0.0	0.0	1.0	0.0
	0.0	0.28	0.0	0.72
	0.0	0.25	0.0	0.75
	0.21	0.0	0.79	0.0
	0.0	1.0	0.0	0.0
	0.0	1.0	0.0	0.0
	0.0	1.0	0.0	0.0
	1.0	0.0	0.0	0.0
	0.04	0.24	0.71	0.0
	0.14	0.14	0.72	0.0
	0.0	1.0	0.0	0.0
	0.0	0.08	0.0	0.92
	0.0	0.0	1.0	0.0
	0.0	0.0	1.0	0.0
	1.0	0.0	0.0	0.0
	0.0	0.0	1.0	0.0
	0.0	0.0	0.14	0.86
	0.0	0.0	1.0	0.0
	0.0	1.0	0.0	0.0
	0.86	0.0	0.0	0.14
	0.0	0.0	1.0	0.0

MEME version 4

ALPHABET= ACGT

MOTIF chr1:173577863-173577873

letter-probability matrix: alength= 4 w= 10
	0.5	0.0	0.36	0.14
	0.0	0.0	1.0	0.0
	0.08	0.68	0.24	0.0
	0.0	0.93	0.0	0.07
	0.03	0.0	0.27	0.7
	0.07	0.0	0.93	0.0
	0.0	0.0	1.0	0.0
	0.0	0.01	0.99	0.0
	0.08	0.85	0.0	0.07
	0.27	0.15	0.45	0.13

MEME version 4

ALPHABET= ACGT

MOTIF chr1:173632333-173632358

letter-probability matrix: alength= 4 w= 25
	0.0	1.0	0.0	0.0
	0.0	0.14	0.0	0.86
	0.0	1.0	0.0	0.0
	0.0	0.0	0.14	0.86
	0.0	0.0	1.0	0.0
	0.0	0.28	0.0	0.72
	0.0	0.25	0.0	0.75
	0.21	0.0	0.79	0.0
	0.0	1.0	0.0	0.0
	0.0	1.0	0.0	0.0
	0.0	1.0	0.0	0.0
	1.0	0.0	0.0	0.0
	0.04	0.24	0.71	0.0
	0.14	0.14	0.72	0.0
	0.0	1.0	0.0	0.0
	0.0	0.08	0.0	0.92
	0.0	0.0	1.0	0.0
	0.0	0.0	1.0	0.0
	1.0	0.0	0.0	0.0
	0.0	0.0	1.0	0.0
	0.0	0.0	0.14	0.86
	0.0	0.0	1.0	0.0
	0.0	1.0	0.0	0.0
	0.86	0.0	0.0	0.14
	0.0	0.0	1.0	0.0

MEME version 4

ALPHABET= ACGT

MOTIF chr19:55681612-55681622

letter-probability matrix: alength= 4 w= 10
	0.5	0.0	0.36	0.14
	0.0	0.0	1.0	0.0
	0.08	0.68	0.24	0.0
	0.0	0.93	0.0	0.07
	0.03	0.0	0.27	0.7
	0.07	0.0	0.93	0.0
	0.0	0.0	1.0	0.0
	0.0	0.01	0.99	0.0
	0.08	0.85	0.0	0.07
	0.27	0.15	0.45	0.13

MEME version 4

ALPHABET= ACGT

MOTIF chr19:55696396-55696421

letter-probability matrix: alength= 4 w= 25
	0.0	1.0	0.0	0.0
	0.0	0.14	0.0	0.86
	0.0	1.0	0.0	0.0
	0.0	0.0	0.14	0.86
	0.0	0.0	1.0	0.0
	0.0	0.28	0.0	0.72
	0.0	0.25	0.0	0.75
	0.21	0.0	0.79	0.0
	0.0	1.0	0.0	0.0
	0.0	1.0	0.0	0.0
	0.0	1.0	0.0	0.0
	1.0	0.0	0.0	0.0
	0.04	0.24	0.71	0.0
	0.14	0.14	0.72	0.0
	0.0	1.0	0.0	0.0
	0.0	0.08	0.0	0.92
	0.0	0.0	1.0	0.0
	0.0	0.0	1.0	0.0
	1.0	0.0	0.0	0.0
	0.0	0.0	1.0	0.0
	0.0	0.0	0.14	0.86
	0.0	0.0	1.0	0.0
	0.0	1.0	0.0	0.0
	0.86	0.0	0.0	0.14
	0.0	0.0	1.0	0.0

MEME version 4

ALPHABET= ACGT

MOTIF chr17:79631268-79631278

letter-probability matrix: alength= 4 w= 10
	0.5	0.0	0.36	0.14
	0.0	0.0	1.0	0.0
	0.08	0.68	0.24	0.0
	0.0	0.93	0.0	0.07
	0.03	0.0	0.27	0.7
	0.07	0.0	0.93	0.0
	0.0	0.0	1.0	0.0
	0.0	0.01	0.99	0.0
	0.08	0.85	0.0	0.07
	0.27	0.15	0.45	0.13

MEME version 4

ALPHABET= ACGT

MOTIF chr17:79612512-79612537

letter-probability matrix: alength= 4 w= 25
	0.0	1.0	0.0	0.0
	0.0	0.14	0.0	0.86
	0.0	1.0	0.0	0.0
	0.0	0.0	0.14	0.86
	0.0	0.0	1.0	0.0
	0.0	0.28	0.0	0.72
	0.0	0.25	0.0	0.75
	0.21	0.0	0.79	0.0
	0.0	1.0	0.0	0.0
	0.0	1.0	0.0	0.0
	0.0	1.0	0.0	0.0
	1.0	0.0	0.0	0.0
	0.04	0.24	0.71	0.0
	0.14	0.14	0.72	0.0
	0.0	1.0	0.0	0.0
	0.0	0.08	0.0	0.92
	0.0	0.0	1.0	0.0
	0.0	0.0	1.0	0.0
	1.0	0.0	0.0	0.0
	0.0	0.0	1.0	0.0
	0.0	0.0	0.14	0.86
	0.0	0.0	1.0	0.0
	0.0	1.0	0.0	0.0
	0.86	0.0	0.0	0.14
	0.0	0.0	1.0	0.0

MEME version 4

ALPHABET= ACGT

MOTIF chr1:29190261-29190271

letter-probability matrix: alength= 4 w= 10
	0.5	0.0	0.36	0.14
	0.0	0.0	1.0	0.0
	0.08	0.68	0.24	0.0
	0.0	0.93	0.0	0.07
	0.03	0.0	0.27	0.7
	0.07	0.0	0.93	0.0
	0.0	0.0	1.0	0.0
	0.0	0.01	0.99	0.0
	0.08	0.85	0.0	0.07
	0.27	0.15	0.45	0.13

MEME version 4

ALPHABET= ACGT

MOTIF chr1:29112926-29112951

letter-probability matrix: alength= 4 w= 25
	0.0	1.0	0.0	0.0
	0.0	0.14	0.0	0.86
	0.0	1.0	0.0	0.0
	0.0	0.0	0.14	0.86
	0.0	0.0	1.0	0.0
	0.0	0.28	0.0	0.72
	0.0	0.25	0.0	0.75
	0.21	0.0	0.79	0.0
	0.0	1.0	0.0	0.0
	0.0	1.0	0.0	0.0
	0.0	1.0	0.0	0.0
	1.0	0.0	0.0	0.0
	0.04	0.24	0.71	0.0
	0.14	0.14	0.72	0.0
	0.0	1.0	0.0	0.0
	0.0	0.08	0.0	0.92
	0.0	0.0	1.0	0.0
	0.0	0.0	1.0	0.0
	1.0	0.0	0.0	0.0
	0.0	0.0	1.0	0.0
	0.0	0.0	0.14	0.86
	0.0	0.0	1.0	0.0
	0.0	1.0	0.0	0.0
	0.86	0.0	0.0	0.14
	0.0	0.0	1.0	0.0

MEME version 4

ALPHABET= ACGT

MOTIF chr19:41859932-41859942

letter-probability matrix: alength= 4 w= 10
	0.5	0.0	0.36	0.14
	0.0	0.0	1.0	0.0
	0.08	0.68	0.24	0.0
	0.0	0.93	0.0	0.07
	0.03	0.0	0.27	0.7
	0.07	0.0	0.93	0.0
	0.0	0.0	1.0	0.0
	0.0	0.01	0.99	0.0
	0.08	0.85	0.0	0.07
	0.27	0.15	0.45	0.13

MEME version 4

ALPHABET= ACGT

MOTIF chr19:41902148-41902173

letter-probability matrix: alength= 4 w= 25
	0.0	1.0	0.0	0.0
	0.0	0.14	0.0	0.86
	0.0	1.0	0.0	0.0
	0.0	0.0	0.14	0.86
	0.0	0.0	1.0	0.0
	0.0	0.28	0.0	0.72
	0.0	0.25	0.0	0.75
	0.21	0.0	0.79	0.0
	0.0	1.0	0.0	0.0
	0.0	1.0	0.0	0.0
	0.0	1.0	0.0	0.0
	1.0	0.0	0.0	0.0
	0.04	0.24	0.71	0.0
	0.14	0.14	0.72	0.0
	0.0	1.0	0.0	0.0
	0.0	0.08	0.0	0.92
	0.0	0.0	1.0	0.0
	0.0	0.0	1.0	0.0
	1.0	0.0	0.0	0.0
	0.0	0.0	1.0	0.0
	0.0	0.0	0.14	0.86
	0.0	0.0	1.0	0.0
	0.0	1.0	0.0	0.0
	0.86	0.0	0.0	0.14
	0.0	0.0	1.0	0.0

MEME version 4

ALPHABET= ACGT

MOTIF chr7:5085066-5085076

letter-probability matrix: alength= 4 w= 10
	0.5	0.0	0.36	0.14
	0.0	0.0	1.0	0.0
	0.08	0.68	0.24	0.0
	0.0	0.93	0.0	0.07
	0.03	0.0	0.27	0.7
	0.07	0.0	0.93	0.0
	0.0	0.0	1.0	0.0
	0.0	0.01	0.99	0.0
	0.08	0.85	0.0	0.07
	0.27	0.15	0.45	0.13

MEME version 4

ALPHABET= ACGT

MOTIF chr7:5080056-5080081

letter-probability matrix: alength= 4 w= 25
	0.0	1.0	0.0	0.0
	0.0	0.14	0.0	0.86
	0.0	1.0	0.0	0.0
	0.0	0.0	0.14	0.86
	0.0	0.0	1.0	0.0
	0.0	0.28	0.0	0.72
	0.0	0.25	0.0	0.75
	0.21	0.0	0.79	0.0
	0.0	1.0	0.0	0.0
	0.0	1.0	0.0	0.0
	0.0	1.0	0.0	0.0
	1.0	0.0	0.0	0.0
	0.04	0.24	0.71	0.0
	0.14	0.14	0.72	0.0
	0.0	1.0	0.0	0.0
	0.0	0.08	0.0	0.92
	0.0	0.0	1.0	0.0
	0.0	0.0	1.0	0.0
	1.0	0.0	0.0	0.0
	0.0	0.0	1.0	0.0
	0.0	0.0	0.14	0.86
	0.0	0.0	1.0	0.0
	0.0	1.0	0.0	0.0
	0.86	0.0	0.0	0.14
	0.0	0.0	1.0	0.0

MEME version 4

ALPHABET= ACGT

MOTIF chr12:58176892-58176902

letter-probability matrix: alength= 4 w= 10
	0.5	0.0	0.36	0.14
	0.0	0.0	1.0	0.0
	0.08	0.68	0.24	0.0
	0.0	0.93	0.0	0.07
	0.03	0.0	0.27	0.7
	0.07	0.0	0.93	0.0
	0.0	0.0	1.0	0.0
	0.0	0.01	0.99	0.0
	0.08	0.85	0.0	0.07
	0.27	0.15	0.45	0.13

MEME version 4

ALPHABET= ACGT

MOTIF chr12:58151390-58151415

letter-probability matrix: alength= 4 w= 25
	0.0	1.0	0.0	0.0
	0.0	0.14	0.0	0.86
	0.0	1.0	0.0	0.0
	0.0	0.0	0.14	0.86
	0.0	0.0	1.0	0.0
	0.0	0.28	0.0	0.72
	0.0	0.25	0.0	0.75
	0.21	0.0	0.79	0.0
	0.0	1.0	0.0	0.0
	0.0	1.0	0.0	0.0
	0.0	1.0	0.0	0.0
	1.0	0.0	0.0	0.0
	0.04	0.24	0.71	0.0
	0.14	0.14	0.72	0.0
	0.0	1.0	0.0	0.0
	0.0	0.08	0.0	0.92
	0.0	0.0	1.0	0.0
	0.0	0.0	1.0	0.0
	1.0	0.0	0.0	0.0
	0.0	0.0	1.0	0.0
	0.0	0.0	0.14	0.86
	0.0	0.0	1.0	0.0
	0.0	1.0	0.0	0.0
	0.86	0.0	0.0	0.14
	0.0	0.0	1.0	0.0

MEME version 4

ALPHABET= ACGT

MOTIF chr2:209131121-209131131

letter-probability matrix: alength= 4 w= 10
	0.5	0.0	0.36	0.14
	0.0	0.0	1.0	0.0
	0.08	0.68	0.24	0.0
	0.0	0.93	0.0	0.07
	0.03	0.0	0.27	0.7
	0.07	0.0	0.93	0.0
	0.0	0.0	1.0	0.0
	0.0	0.01	0.99	0.0
	0.08	0.85	0.0	0.07
	0.27	0.15	0.45	0.13

MEME version 4

ALPHABET= ACGT

MOTIF chr2:209149853-209149878

letter-probability matrix: alength= 4 w= 25
	0.0	1.0	0.0	0.0
	0.0	0.14	0.0	0.86
	0.0	1.0	0.0	0.0
	0.0	0.0	0.14	0.86
	0.0	0.0	1.0	0.0
	0.0	0.28	0.0	0.72
	0.0	0.25	0.0	0.75
	0.21	0.0	0.79	0.0
	0.0	1.0	0.0	0.0
	0.0	1.0	0.0	0.0
	0.0	1.0	0.0	0.0
	1.0	0.0	0.0	0.0
	0.04	0.24	0.71	0.0
	0.14	0.14	0.72	0.0
	0.0	1.0	0.0	0.0
	0.0	0.08	0.0	0.92
	0.0	0.0	1.0	0.0
	0.0	0.0	1.0	0.0
	1.0	0.0	0.0	0.0
	0.0	0.0	1.0	0.0
	0.0	0.0	0.14	0.86
	0.0	0.0	1.0	0.0
	0.0	1.0	0.0	0.0
	0.86	0.0	0.0	0.14
	0.0	0.0	1.0	0.0

MEME version 4

ALPHABET= ACGT

MOTIF chr19:36361135-36361145

letter-probability matrix: alength= 4 w= 10
	0.5	0.0	0.36	0.14
	0.0	0.0	1.0	0.0
	0.08	0.68	0.24	0.0
	0.0	0.93	0.0	0.07
	0.03	0.0	0.27	0.7
	0.07	0.0	0.93	0.0
	0.0	0.0	1.0	0.0
	0.0	0.01	0.99	0.0
	0.08	0.85	0.0	0.07
	0.27	0.15	0.45	0.13

MEME version 4

ALPHABET= ACGT

MOTIF chr19:36371283-36371308

letter-probability matrix: alength= 4 w= 25
	0.0	1.0	0.0	0.0
	0.0	0.14	0.0	0.86
	0.0	1.0	0.0	0.0
	0.0	0.0	0.14	0.86
	0.0	0.0	1.0	0.0
	0.0	0.28	0.0	0.72
	0.0	0.25	0.0	0.75
	0.21	0.0	0.79	0.0
	0.0	1.0	0.0	0.0
	0.0	1.0	0.0	0.0
	0.0	1.0	0.0	0.0
	1.0	0.0	0.0	0.0
	0.04	0.24	0.71	0.0
	0.14	0.14	0.72	0.0
	0.0	1.0	0.0	0.0
	0.0	0.08	0.0	0.92
	0.0	0.0	1.0	0.0
	0.0	0.0	1.0	0.0
	1.0	0.0	0.0	0.0
	0.0	0.0	1.0	0.0
	0.0	0.0	0.14	0.86
	0.0	0.0	1.0	0.0
	0.0	1.0	0.0	0.0
	0.86	0.0	0.0	0.14
	0.0	0.0	1.0	0.0

MEME version 4

ALPHABET= ACGT

MOTIF chr2:68685919-68685929

letter-probability matrix: alength= 4 w= 10
	0.5	0.0	0.36	0.14
	0.0	0.0	1.0	0.0
	0.08	0.68	0.24	0.0
	0.0	0.93	0.0	0.07
	0.03	0.0	0.27	0.7
	0.07	0.0	0.93	0.0
	0.0	0.0	1.0	0.0
	0.0	0.01	0.99	0.0
	0.08	0.85	0.0	0.07
	0.27	0.15	0.45	0.13

MEME version 4

ALPHABET= ACGT

MOTIF chr2:68715496-68715521

letter-probability matrix: alength= 4 w= 25
	0.0	1.0	0.0	0.0
	0.0	0.14	0.0	0.86
	0.0	1.0	0.0	0.0
	0.0	0.0	0.14	0.86
	0.0	0.0	1.0	0.0
	0.0	0.28	0.0	0.72
	0.0	0.25	0.0	0.75
	0.21	0.0	0.79	0.0
	0.0	1.0	0.0	0.0
	0.0	1.0	0.0	0.0
	0.0	1.0	0.0	0.0
	1.0	0.0	0.0	0.0
	0.04	0.24	0.71	0.0
	0.14	0.14	0.72	0.0
	0.0	1.0	0.0	0.0
	0.0	0.08	0.0	0.92
	0.0	0.0	1.0	0.0
	0.0	0.0	1.0	0.0
	1.0	0.0	0.0	0.0
	0.0	0.0	1.0	0.0
	0.0	0.0	0.14	0.86
	0.0	0.0	1.0	0.0
	0.0	1.0	0.0	0.0
	0.86	0.0	0.0	0.14
	0.0	0.0	1.0	0.0

MEME version 4

ALPHABET= ACGT

MOTIF chr12:105563884-105563894

letter-probability matrix: alength= 4 w= 10
	0.5	0.0	0.36	0.14
	0.0	0.0	1.0	0.0
	0.08	0.68	0.24	0.0
	0.0	0.93	0.0	0.07
	0.03	0.0	0.27	0.7
	0.07	0.0	0.93	0.0
	0.0	0.0	1.0	0.0
	0.0	0.01	0.99	0.0
	0.08	0.85	0.0	0.07
	0.27	0.15	0.45	0.13

MEME version 4

ALPHABET= ACGT

MOTIF chr12:105494295-105494320

letter-probability matrix: alength= 4 w= 25
	0.0	1.0	0.0	0.0
	0.0	0.14	0.0	0.86
	0.0	1.0	0.0	0.0
	0.0	0.0	0.14	0.86
	0.0	0.0	1.0	0.0
	0.0	0.28	0.0	0.72
	0.0	0.25	0.0	0.75
	0.21	0.0	0.79	0.0
	0.0	1.0	0.0	0.0
	0.0	1.0	0.0	0.0
	0.0	1.0	0.0	0.0
	1.0	0.0	0.0	0.0
	0.04	0.24	0.71	0.0
	0.14	0.14	0.72	0.0
	0.0	1.0	0.0	0.0
	0.0	0.08	0.0	0.92
	0.0	0.0	1.0	0.0
	0.0	0.0	1.0	0.0
	1.0	0.0	0.0	0.0
	0.0	0.0	1.0	0.0
	0.0	0.0	0.14	0.86
	0.0	0.0	1.0	0.0
	0.0	1.0	0.0	0.0
	0.86	0.0	0.0	0.14
	0.0	0.0	1.0	0.0

MEME version 4

ALPHABET= ACGT

MOTIF chr3:15468592-15468602

letter-probability matrix: alength= 4 w= 10
	0.5	0.0	0.36	0.14
	0.0	0.0	1.0	0.0
	0.08	0.68	0.24	0.0
	0.0	0.93	0.0	0.07
	0.03	0.0	0.27	0.7
	0.07	0.0	0.93	0.0
	0.0	0.0	1.0	0.0
	0.0	0.01	0.99	0.0
	0.08	0.85	0.0	0.07
	0.27	0.15	0.45	0.13

MEME version 4

ALPHABET= ACGT

MOTIF chr3:15500384-15500409

letter-probability matrix: alength= 4 w= 25
	0.0	1.0	0.0	0.0
	0.0	0.14	0.0	0.86
	0.0	1.0	0.0	0.0
	0.0	0.0	0.14	0.86
	0.0	0.0	1.0	0.0
	0.0	0.28	0.0	0.72
	0.0	0.25	0.0	0.75
	0.21	0.0	0.79	0.0
	0.0	1.0	0.0	0.0
	0.0	1.0	0.0	0.0
	0.0	1.0	0.0	0.0
	1.0	0.0	0.0	0.0
	0.04	0.24	0.71	0.0
	0.14	0.14	0.72	0.0
	0.0	1.0	0.0	0.0
	0.0	0.08	0.0	0.92
	0.0	0.0	1.0	0.0
	0.0	0.0	1.0	0.0
	1.0	0.0	0.0	0.0
	0.0	0.0	1.0	0.0
	0.0	0.0	0.14	0.86
	0.0	0.0	1.0	0.0
	0.0	1.0	0.0	0.0
	0.86	0.0	0.0	0.14
	0.0	0.0	1.0	0.0

MEME version 4

ALPHABET= ACGT

MOTIF chr4:103790137-103790147

letter-probability matrix: alength= 4 w= 10
	0.5	0.0	0.36	0.14
	0.0	0.0	1.0	0.0
	0.08	0.68	0.24	0.0
	0.0	0.93	0.0	0.07
	0.03	0.0	0.27	0.7
	0.07	0.0	0.93	0.0
	0.0	0.0	1.0	0.0
	0.0	0.01	0.99	0.0
	0.08	0.85	0.0	0.07
	0.27	0.15	0.45	0.13

MEME version 4

ALPHABET= ACGT

MOTIF chr4:103776350-103776375

letter-probability matrix: alength= 4 w= 25
	0.0	1.0	0.0	0.0
	0.0	0.14	0.0	0.86
	0.0	1.0	0.0	0.0
	0.0	0.0	0.14	0.86
	0.0	0.0	1.0	0.0
	0.0	0.28	0.0	0.72
	0.0	0.25	0.0	0.75
	0.21	0.0	0.79	0.0
	0.0	1.0	0.0	0.0
	0.0	1.0	0.0	0.0
	0.0	1.0	0.0	0.0
	1.0	0.0	0.0	0.0
	0.04	0.24	0.71	0.0
	0.14	0.14	0.72	0.0
	0.0	1.0	0.0	0.0
	0.0	0.08	0.0	0.92
	0.0	0.0	1.0	0.0
	0.0	0.0	1.0	0.0
	1.0	0.0	0.0	0.0
	0.0	0.0	1.0	0.0
	0.0	0.0	0.14	0.86
	0.0	0.0	1.0	0.0
	0.0	1.0	0.0	0.0
	0.86	0.0	0.0	0.14
	0.0	0.0	1.0	0.0

MEME version 4

ALPHABET= ACGT

MOTIF chr16:20817609-20817619

letter-probability matrix: alength= 4 w= 10
	0.5	0.0	0.36	0.14
	0.0	0.0	1.0	0.0
	0.08	0.68	0.24	0.0
	0.0	0.93	0.0	0.07
	0.03	0.0	0.27	0.7
	0.07	0.0	0.93	0.0
	0.0	0.0	1.0	0.0
	0.0	0.01	0.99	0.0
	0.08	0.85	0.0	0.07
	0.27	0.15	0.45	0.13

MEME version 4

ALPHABET= ACGT

MOTIF chr16:20849287-20849312

letter-probability matrix: alength= 4 w= 25
	0.0	1.0	0.0	0.0
	0.0	0.14	0.0	0.86
	0.0	1.0	0.0	0.0
	0.0	0.0	0.14	0.86
	0.0	0.0	1.0	0.0
	0.0	0.28	0.0	0.72
	0.0	0.25	0.0	0.75
	0.21	0.0	0.79	0.0
	0.0	1.0	0.0	0.0
	0.0	1.0	0.0	0.0
	0.0	1.0	0.0	0.0
	1.0	0.0	0.0	0.0
	0.04	0.24	0.71	0.0
	0.14	0.14	0.72	0.0
	0.0	1.0	0.0	0.0
	0.0	0.08	0.0	0.92
	0.0	0.0	1.0	0.0
	0.0	0.0	1.0	0.0
	1.0	0.0	0.0	0.0
	0.0	0.0	1.0	0.0
	0.0	0.0	0.14	0.86
	0.0	0.0	1.0	0.0
	0.0	1.0	0.0	0.0
	0.86	0.0	0.0	0.14
	0.0	0.0	1.0	0.0

MEME version 4

ALPHABET= ACGT

MOTIF chr16:67244021-67244031

letter-probability matrix: alength= 4 w= 10
	0.5	0.0	0.36	0.14
	0.0	0.0	1.0	0.0
	0.08	0.68	0.24	0.0
	0.0	0.93	0.0	0.07
	0.03	0.0	0.27	0.7
	0.07	0.0	0.93	0.0
	0.0	0.0	1.0	0.0
	0.0	0.01	0.99	0.0
	0.08	0.85	0.0	0.07
	0.27	0.15	0.45	0.13

MEME version 4

ALPHABET= ACGT

MOTIF chr16:67254223-67254248

letter-probability matrix: alength= 4 w= 25
	0.0	1.0	0.0	0.0
	0.0	0.14	0.0	0.86
	0.0	1.0	0.0	0.0
	0.0	0.0	0.14	0.86
	0.0	0.0	1.0	0.0
	0.0	0.28	0.0	0.72
	0.0	0.25	0.0	0.75
	0.21	0.0	0.79	0.0
	0.0	1.0	0.0	0.0
	0.0	1.0	0.0	0.0
	0.0	1.0	0.0	0.0
	1.0	0.0	0.0	0.0
	0.04	0.24	0.71	0.0
	0.14	0.14	0.72	0.0
	0.0	1.0	0.0	0.0
	0.0	0.08	0.0	0.92
	0.0	0.0	1.0	0.0
	0.0	0.0	1.0	0.0
	1.0	0.0	0.0	0.0
	0.0	0.0	1.0	0.0
	0.0	0.0	0.14	0.86
	0.0	0.0	1.0	0.0
	0.0	1.0	0.0	0.0
	0.86	0.0	0.0	0.14
	0.0	0.0	1.0	0.0

MEME version 4

ALPHABET= ACGT

MOTIF chr4:103789829-103789839

letter-probability matrix: alength= 4 w= 10
	0.5	0.0	0.36	0.14
	0.0	0.0	1.0	0.0
	0.08	0.68	0.24	0.0
	0.0	0.93	0.0	0.07
	0.03	0.0	0.27	0.7
	0.07	0.0	0.93	0.0
	0.0	0.0	1.0	0.0
	0.0	0.01	0.99	0.0
	0.08	0.85	0.0	0.07
	0.27	0.15	0.45	0.13

MEME version 4

ALPHABET= ACGT

MOTIF chr4:103776350-103776375

letter-probability matrix: alength= 4 w= 25
	0.0	1.0	0.0	0.0
	0.0	0.14	0.0	0.86
	0.0	1.0	0.0	0.0
	0.0	0.0	0.14	0.86
	0.0	0.0	1.0	0.0
	0.0	0.28	0.0	0.72
	0.0	0.25	0.0	0.75
	0.21	0.0	0.79	0.0
	0.0	1.0	0.0	0.0
	0.0	1.0	0.0	0.0
	0.0	1.0	0.0	0.0
	1.0	0.0	0.0	0.0
	0.04	0.24	0.71	0.0
	0.14	0.14	0.72	0.0
	0.0	1.0	0.0	0.0
	0.0	0.08	0.0	0.92
	0.0	0.0	1.0	0.0
	0.0	0.0	1.0	0.0
	1.0	0.0	0.0	0.0
	0.0	0.0	1.0	0.0
	0.0	0.0	0.14	0.86
	0.0	0.0	1.0	0.0
	0.0	1.0	0.0	0.0
	0.86	0.0	0.0	0.14
	0.0	0.0	1.0	0.0

MEME version 4

ALPHABET= ACGT

MOTIF chr17:56769437-56769447

letter-probability matrix: alength= 4 w= 10
	0.5	0.0	0.36	0.14
	0.0	0.0	1.0	0.0
	0.08	0.68	0.24	0.0
	0.0	0.93	0.0	0.07
	0.03	0.0	0.27	0.7
	0.07	0.0	0.93	0.0
	0.0	0.0	1.0	0.0
	0.0	0.01	0.99	0.0
	0.08	0.85	0.0	0.07
	0.27	0.15	0.45	0.13

MEME version 4

ALPHABET= ACGT

MOTIF chr17:56774272-56774297

letter-probability matrix: alength= 4 w= 25
	0.0	1.0	0.0	0.0
	0.0	0.14	0.0	0.86
	0.0	1.0	0.0	0.0
	0.0	0.0	0.14	0.86
	0.0	0.0	1.0	0.0
	0.0	0.28	0.0	0.72
	0.0	0.25	0.0	0.75
	0.21	0.0	0.79	0.0
	0.0	1.0	0.0	0.0
	0.0	1.0	0.0	0.0
	0.0	1.0	0.0	0.0
	1.0	0.0	0.0	0.0
	0.04	0.24	0.71	0.0
	0.14	0.14	0.72	0.0
	0.0	1.0	0.0	0.0
	0.0	0.08	0.0	0.92
	0.0	0.0	1.0	0.0
	0.0	0.0	1.0	0.0
	1.0	0.0	0.0	0.0
	0.0	0.0	1.0	0.0
	0.0	0.0	0.14	0.86
	0.0	0.0	1.0	0.0
	0.0	1.0	0.0	0.0
	0.86	0.0	0.0	0.14
	0.0	0.0	1.0	0.0

